21.1743,10.7772,23.3811,3.03805,0.0,11.6254,11.8621,21.5719,-1.11849,24.7185,24.5512,20.8461,21.2661,24.3738,25.1982,25.8558,23.6322,21.1965,25.8396,24.4116,22.2122,17.2787,26.0475,10.4919,-4.50074,7.17254,17.9567,-14.2502,11.5202,16.5441,23.562,11.1473,22.4762,20.8186,23.4464,17.6865,16.715,23.2122,23.8676,24.8302,21.8062,23.0638,25.0744,22.336,23.9957,5.40336,10.3374,18.9273,7.65714,9.59185,6.33776,1.18431,10.1901,8.36507,13.1292,10.7426,9.33165,11.5276,7.44774,8.34538,9.06771,17.6876,10.5435,8.91796,14.9353,9.09586,7.54288,10.96,2.07365,9.10231,4.50679,0.103393,0.285836,12.6235,9.57012,8.06611,11.0087,9.22031,-6.75422,9.71606,10.7392,9.49056,6.15468,-1.19223,12.3704,1.59757,8.92641,4.92047,14.6352,8.59816,21.5911,19.7011,17.8775,16.4858,19.112,24.2438,26.5197,25.2516,23.425,22.014,20.9932,21.3812,20.0572,23.5939,21.4548,19.7736,20.99,19.1219,18.4567,23.7117,17.8112,14.7086,17.6853,5.81257
20.7896,10.7653,23.5181,3.26299,0.0,11.6727,11.3308,21.2845,-1.1175,25.3562,24.6175,21.8051,22.0969,24.4758,25.2056,25.7934,24.3472,21.9034,26.1235,24.7345,22.2153,17.0634,26.0128,10.3525,-5.44555,7.54111,18.6315,-14.5555,12.2153,16.1521,22.9844,11.251,22.2829,20.4699,22.3687,17.4615,16.8022,22.9556,23.6511,24.4024,21.4665,22.7971,24.6576,22.0291,23.8412,4.9768,9.10852,19.8615,6.98643,9.04432,6.78856,-0.263214,9.42146,7.52933,14.0327,11.0961,8.85352,11.9231,7.55584,8.42498,8.06736,18.2689,9.43061,8.86143,14.0447,9.04836,7.43052,10.4399,0.850457,8.14369,4.18471,-1.13175,-1.54521,13.4068,10.4312,8.53228,11.2415,9.8781,-6.81468,10.5836,11.5668,9.89775,6.37169,-0.756137,12.7223,3.88721,10.4367,7.37474,15.7781,10.4121,22.5092,21.2041,17.7265,16.966,19.5286,24.139,26.1005,25.0509,23.4732,22.0673,20.7363,21.4814,20.3426,23.9665,21.7127,20.2833,21.0644,19.3566,18.5733,23.8964,17.8106,14.3381,17.5554,6.08239
20.278,10.5264,23.0226,2.72787,0.0,10.5015,10.2112,21.0269,-1.41338,24.7174,24.1797,21.4408,21.1469,24.232,24.6227,25.5467,24.0895,21.689,25.7429,23.8856,21.3687,16.6489,25.9148,9.9446,-5.15378,6.71653,18.2372,-14.9882,11.8215,16.6158,23.4605,10.9991,22.475,21.0383,23.2111,17.869,16.7333,23.0219,23.5163,24.9037,21.871,23.2867,25.1148,22.447,23.9413,5.9473,10.4367,19.4862,7.74474,9.07654,5.04802,-1.38319,10.8851,8.38422,14.1021,11.549,9.03111,12.6363,6.49369,7.94738,9.40351,18.5677,10.444,9.11689,15.6182,9.44113,8.4691,12.0739,0.244353,8.37738,5.04597,-1.79492,-3.57143,13.6655,10.5563,7.8548,11.9149,9.91978,-6.10663,10.1191,11.2704,10.0207,6.54584,-0.818752,12.775,2.37327,9.95024,5.88133,14.9937,9.41367,22.1767,19.9784,18.776,17.4861,19.4806,24.2436,26.583,25.2423,23.419,22.1317,20.8349,21.1676,20.0486,23.769,21.6256,20.2108,20.8108,19.1798,18.4922,23.7253,17.7285,14.743,17.7903,5.45467
21.2089,10.8811,23.6236,2.92108,0.0,10.4377,11.0168,21.8623,-1.93655,25.6162,24.9368,21.8292,22.4108,24.8649,25.7881,26.1558,24.4902,22.1498,26.4841,24.7437,22.1257,17.1244,26.1078,10.4282,-3.69288,7.97087,18.1647,-14.0794,12.1239,17.2499,24.0303,11.2192,22.8356,21.1303,24.548,18.193,17.0047,23.7251,24.0986,25.0592,21.6927,23.4652,25.3397,22.4239,24.0184,5.73849,9.65988,19.5046,7.34451,9.0369,4.93346,0.0804265,9.94365,8.0028,13.7602,10.7269,8.76817,12.2747,5.61852,6.73836,8.5176,18.3545,9.98397,7.97575,14.7638,8.66195,8.08021,11.0598,0.704845,8.2085,4.67429,-1.03913,-3.22836,13.1508,9.79869,6.30692,11.526,8.82902,-6.43455,9.02442,10.2852,9.64925,5.94194,-1.01339,12.3213,2.59208,10.0998,5.72147,15.6613,9.50934,22.6236,20.9865,18.0966,17.0046,19.6243,24.4333,26.4875,25.2461,23.73,22.1309,21.2042,21.5468,20.1508,24.028,21.8232,20.0429,20.5278,19.3566,18.8708,24.2052,17.9189,14.6678,17.7155,5.67586
20.4923,11.0436,23.4102,2.8693,0.0,9.96487,10.5118,21.3306,-2.2011,24.4986,24.4544,21.3515,21.9257,24.2951,25.0549,25.5643,23.8984,21.5918,25.7536,24.313,21.8662,16.8886,25.6378,9.80358,-4.72628,7.46764,18.0846,-15.1483,11.8625,16.4784,23.2968,10.8206,22.286,20.5573,23.4144,17.4219,16.8333,23.0286,23.4369,24.3833,21.2682,22.832,24.7144,21.9297,23.9094,4.89639,8.7682,18.863,6.06924,8.4739,4.46753,-0.431368,9.08071,7.05284,13.4856,10.4445,8.69641,11.7345,5.15907,6.08422,7.85034,17.8694,9.11898,7.15075,13.9071,7.8513,7.37298,10.5362,0.707849,7.74215,3.86048,-0.855035,-1.63498,12.9015,9.65915,5.25213,11.038,8.68361,-7.24806,7.88584,9.76843,9.43776,5.32507,-0.673669,11.6749,1.03625,7.95509,4.47183,14.3031,8.22913,21.6096,19.8034,17.8072,16.9385,19.0133,24.1601,26.1766,24.8751,23.384,21.8077,20.9576,21.0096,19.8665,24.0331,21.0777,20.4282,20.6666,18.8922,17.5767,23.787,16.7912,14.0651,17.3018,4.77976
20.799,10.5106,23.2279,2.52297,0.0,9.86883,10.3479,21.0328,-2.24655,24.4827,24.3981,20.5413,21.584,24.2796,24.9207,25.629,23.3049,20.8326,25.8247,24.4382,22.0017,16.5845,25.8991,9.96803,-4.87591,7.63636,18.2729,-14.9564,12.4101,16.9295,23.5907,11.2744,22.6771,20.9587,24.2036,17.8399,17.9997,23.3011,23.7322,24.7034,21.4873,23.0193,24.9437,22.1234,23.9826,4.77742,9.38599,19.3762,6.3046,9.07552,6.23222,1.26529,9.67524,7.57234,13.6829,10.775,8.57569,12.2648,6.74202,7.58527,8.16791,18.3133,9.72703,8.09936,14.2271,8.30521,7.49106,10.9484,1.73603,8.03586,4.37931,-0.341098,-1.84147,13.3353,10.0885,7.17613,11.5349,8.95177,-6.16884,9.13426,10.2198,10.0025,6.41165,-1.30315,11.5993,1.85551,9.3125,5.48682,14.556,9.07986,21.8075,20.3056,17.6959,17.3316,19.4793,24.1762,25.934,24.739,23.411,22.0975,20.8952,21.0017,19.6084,23.8218,21.0618,20.0326,21.0437,18.9755,18.1047,23.8163,18.2193,14.8791,17.9838,5.0395
21.2814,10.3326,23.5365,2.67832,0.0,10.9336,10.9488,21.3192,-2.08094,25.2106,24.6577,21.4653,21.7009,24.5666,25.3145,25.6876,24.1116,21.8351,26.191,24.0847,21.8281,16.8816,26.054,10.5744,-4.51707,6.82513,18.1279,-13.8597,12.6341,16.3394,23.4649,11.4395,22.7328,21.1016,23.3724,17.8751,17.6794,23.4383,24.0289,24.9052,21.8678,23.1807,25.2738,22.3785,24.1157,5.27434,9.66112,19.1548,6.8585,8.215,5.88909,0.396762,10.1541,7.67977,13.4731,10.5513,8.52473,12.0685,6.39632,7.11634,8.64949,18.4431,9.74524,7.73631,14.6868,8.36192,7.77375,11.1984,0.553981,7.92546,4.52225,-1.43082,-1.55472,13.0707,9.81405,7.1173,11.3713,8.96119,-6.28662,9.19899,10.3591,9.67439,6.78047,0.812717,13.0604,2.01587,9.01443,4.89383,14.8619,8.97587,21.4389,19.7045,18.5112,16.9303,19.4448,24.1103,26.4745,25.1416,23.385,22.0768,20.9795,21.3212,20.2352,23.4048,21.5191,20.012,20.9669,19.1028,18.3485,23.7136,17.0696,14.034,16.9235,5.76167
20.2151,11.3141,23.3266,2.39624,0.0,10.3427,10.1204,21.2456,-2.6747,24.8801,24.3432,21.4203,21.6286,24.3039,24.9934,25.6823,24.0757,21.563,25.8777,23.8276,21.5603,16.7443,25.8092,10.1692,-4.38903,7.44317,18.0498,-14.4824,11.5198,16.698,23.7265,10.9719,22.9084,20.971,23.0894,18.0665,16.654,23.4368,23.9655,24.6089,21.1658,22.9052,24.9066,21.9749,23.8999,3.6091,8.65951,19.7167,4.41177,6.73534,1.89275,-3.50336,9.64109,6.04933,13.6812,8.04672,8.46983,11.8097,2.85252,3.63533,7.54429,18.3633,8.65412,4.63315,14.534,5.17922,5.95192,11.2053,-1.91767,7.46944,3.69513,-3.11965,-2.2917,12.9066,9.35495,3.12864,9.72875,7.19716,-7.03339,6.16917,8.10417,8.73204,6.30439,-0.102087,12.8932,3.64708,10.6052,6.37258,15.6049,9.78456,22.1233,20.2376,18.3132,17.3387,19.2824,24.5095,26.8393,25.3638,23.5629,22.0785,20.8254,21.21,19.8071,23.8585,21.4031,19.8441,20.8096,19.285,18.6697,23.8081,17.786,14.4443,17.5484,5.40504
20.8946,10.8434,23.4521,2.81545,0.0,10.8732,11.2299,21.1951,-2.34832,24.9089,24.503,21.5092,21.8228,24.3834,24.9671,25.7551,24.2138,21.6795,25.8563,24.1964,21.9273,17.5024,25.8279,11.1099,-4.1575,6.99778,18.2447,-14.8099,12.1497,16.524,23.9048,11.2309,22.7669,20.9208,23.5759,17.8078,17.312,23.4509,24.1056,24.8071,21.388,22.9928,24.9913,22.087,23.7659,3.87202,8.47019,19.3295,4.97504,7.47711,3.47705,-0.936656,9.36548,6.24226,13.2524,9.17843,8.38226,11.5804,4.24877,5.21198,7.52087,17.9901,8.49511,6.0506,14.7581,6.61205,6.65069,11.2031,-0.0669849,7.47699,3.64795,-1.66384,-2.17381,12.449,9.17906,5.2646,10.4588,7.85861,-7.19606,8.04718,9.36467,8.89878,4.90241,-1.04901,11.8607,2.2704,9.34009,5.30782,16.0984,9.41061,22.5514,20.4677,18.4097,17.5674,20.0164,24.3218,26.5905,25.3331,23.578,22.06,20.9621,21.0934,19.9881,23.488,21.7333,19.6224,20.9581,19.095,18.9736,23.9759,18.1405,15.0338,17.7391,5.718
21.0052,10.57,23.3482,3.02142,0.0,10.6013,11.0787,20.9917,-1.46248,24.5815,24.4255,20.6736,21.4426,24.284,24.865,25.5485,23.5952,20.9997,25.7916,23.8209,21.9237,17.8096,25.8762,11.0694,-4.04894,7.5325,18.4232,-16.0122,12.2878,17.128,23.9421,11.0093,22.8144,21.0577,24.0979,18.1598,18.1965,23.6287,24.3227,25.0074,21.8641,23.4664,25.0769,22.4715,24.1243,4.66749,9.23437,19.1747,6.24595,7.46026,2.1378,-2.66128,9.92465,7.0256,13.0399,9.95876,8.50028,11.6509,3.2248,4.6868,8.36249,17.9682,9.01244,6.70423,15.5293,7.67917,7.04331,11.3455,-0.984606,7.6644,4.20312,-2.41955,-1.90488,12.6057,9.05703,4.52331,10.611,7.88652,-7.70662,7.37739,8.86076,9.01227,5.58887,-0.198764,12.5181,1.20509,8.39183,4.69432,15.124,8.58798,21.9034,20.4059,18.0981,16.8951,19.2357,24.1678,26.317,24.8731,23.4738,22.0252,21.0377,21.4037,19.8925,24.0565,21.5227,19.9016,21.1049,18.9287,18.6962,23.9465,18.0384,14.811,17.7935,5.48929
21.2076,10.5119,23.3774,3.35611,0.0,11.2186,11.7743,21.947,-1.01808,25.1345,24.489,21.6706,22.0081,24.3899,25.1965,25.8121,24.3252,21.7945,25.8928,24.5169,21.9841,17.3471,26.009,10.691,-3.80714,7.28261,18.4672,-13.4902,12.606,16.9081,23.7589,11.3989,22.5776,20.9233,24.5068,17.9282,18.6584,23.3991,24.1206,24.8954,21.8329,23.1467,25.1747,22.3233,24.0429,4.77387,9.11832,19.7788,6.41935,7.92657,3.10007,-1.4659,9.64162,7.18231,13.8253,9.69977,8.60954,11.8512,4.02704,5.36068,8.11618,18.0836,9.32366,7.2024,14.8812,7.45753,7.07669,11.5891,-0.211801,8.07937,4.0204,-1.27507,-0.264602,12.9926,9.54745,4.77295,10.6506,7.90381,-8.70211,7.59516,8.65432,9.19281,5.30613,-0.340432,11.8189,2.23016,9.21184,5.49661,15.4766,9.59184,22.3745,20.7409,18.8366,17.3571,19.7951,24.1924,26.6691,25.2363,23.4825,22.0381,21.0629,21.2228,19.5492,23.7608,21.3676,19.7635,20.5559,18.8457,18.4782,23.848,17.6424,14.4975,17.8625,5.39724
20.905,10.001,23.4072,3.17198,0.0,10.5736,10.9955,21.7856,-2.04328,24.9927,24.5932,21.8042,22.3611,24.5025,25.3156,25.7316,24.3482,21.9426,26.0771,24.7149,22.0862,17.3389,25.8912,11.258,-3.36672,7.29214,18.5573,-14.172,12.3982,16.9375,23.7563,11.4939,22.6249,21.0402,23.7412,17.895,17.67,23.5072,23.9592,24.8894,21.8744,23.3691,25.156,22.519,24.0306,5.4455,9.53424,19.7794,7.10347,7.88078,4.33942,-1.12601,10.0096,7.62301,14.1697,11.1614,8.49984,12.3349,5.3119,6.43305,8.59917,18.3818,9.62502,7.84408,14.7123,8.77021,7.91024,11.263,-0.461365,7.85346,4.05263,-1.74894,-0.193333,13.5824,10.504,6.74149,11.7568,9.53522,-7.45401,9.95773,11.0902,10.2291,6.44567,0.36398,13.1401,3.47323,10.203,6.69686,15.517,10.2203,21.9407,20.1972,18.504,17.584,19.4742,23.9903,26.5435,25.1857,23.2075,21.9513,20.9112,21.1007,19.8963,23.7593,21.3725,20.212,20.8685,19.0073,18.4219,23.7855,18.0809,14.7264,17.8124,5.73233
20.4357,10.6051,23.3756,2.84791,0.0,11.3164,11.3732,21.7741,-2.05357,24.7729,24.5127,21.3933,21.7945,24.5222,25.0192,26.0452,23.9083,21.6126,26.0933,24.2671,22.2923,17.8972,25.784,11.5002,-4.5301,7.48394,18.2411,-14.041,12.1072,16.402,23.5283,11.192,22.553,20.9211,22.9091,17.8327,17.6153,23.2502,23.924,24.7613,21.3985,22.9983,25.0252,22.1041,23.8711,4.89996,9.62178,19.2971,6.24411,8.30676,4.89955,-0.283001,10.4075,7.31344,13.7641,10.676,8.97888,12.1495,5.38942,6.30335,8.58642,17.9628,9.56425,7.23977,14.9331,8.01752,7.48978,11.1855,0.616849,8.2328,4.22403,-0.995309,-0.945035,13.4028,10.0619,6.3873,11.3116,8.98418,-7.41372,8.80209,10.1404,9.88222,6.0704,-0.930923,12.7952,2.98267,9.82239,6.43269,15.5887,9.65192,22.0876,19.8913,17.8684,17.0264,19.3809,23.9384,26.2574,24.9955,23.2019,21.9263,20.9297,21.3744,20.1347,23.7534,21.7224,19.8686,20.6817,19.1359,18.9588,23.6395,17.8005,14.517,17.5712,6.29135
20.5813,10.4901,23.4552,3.18921,0.0,11.4859,12.0529,22.0725,-1.32791,25.2006,24.5112,21.4998,21.7413,24.4705,25.2844,25.5691,24.2697,21.5337,26.0824,24.3294,22.24,17.2028,25.886,10.6917,-5.23949,7.68051,18.3454,-14.5106,12.4036,17.2189,23.8188,11.0851,22.5547,20.8368,24.4882,17.9662,18.1349,23.1777,23.9864,24.6841,21.3434,22.9508,24.9236,22.0518,24.0394,5.26792,9.91738,19.3987,6.80959,9.25514,6.15234,1.15252,9.98246,7.99644,13.6974,10.6223,8.83908,12.0148,6.90424,7.63545,8.89668,18.1571,10.1241,8.24059,14.0289,8.53281,7.67738,10.586,2.01406,8.32198,4.53599,0.0946955,-0.964896,13.1128,9.85101,7.02693,11.3042,8.74323,-7.4372,8.76822,10.1365,9.62574,6.68249,-0.593568,12.8958,1.93332,9.47967,5.73828,15.4784,9.56383,22.1406,19.9643,17.8877,17.1347,19.6696,24.1301,26.8446,25.4365,23.319,21.8246,20.7842,21.3012,19.882,23.4798,21.3968,19.7117,20.3143,18.8002,18.3512,23.5913,17.8462,14.9449,18.0054,5.4413
20.4457,10.5932,23.1958,2.81207,0.0,10.5819,10.9691,21.3496,-1.57655,24.8046,24.4083,21.3548,21.7628,24.4032,24.9665,25.8859,23.9595,21.4712,25.9708,23.918,21.9096,17.277,26.0116,10.6005,-5.17343,7.454,18.5273,-14.481,12.3587,16.7114,23.3619,11.414,22.5122,20.9444,23.5231,17.7363,17.651,22.9403,23.4689,24.8125,21.7251,23.0778,24.9802,22.2463,23.9579,5.4867,9.59393,19.0476,7.21402,8.98282,5.20984,-0.766164,9.80946,7.98498,13.6217,10.8096,8.83961,12.1351,6.12174,7.04942,8.50775,18.1657,9.99076,8.09713,14.76,8.47197,7.8122,10.8685,0.57107,8.20034,4.7169,-1.36246,-0.765367,13.2782,10.0431,6.42748,11.4416,9.36715,-6.73074,9.01288,10.5456,9.95112,5.63934,-1.03096,11.991,2.17299,9.11872,5.27396,15.4389,8.94815,21.9485,20.3116,17.6933,16.9942,19.4603,24.2045,26.5741,25.1407,23.4309,22.0012,20.9944,20.7719,19.5093,22.9977,21.0492,19.7402,20.9016,18.7556,18.141,23.7942,17.5787,14.9722,17.9165,5.2411
20.9291,10.8859,23.4716,3.23388,0.0,10.9732,11.1402,21.6811,-1.62407,25.31,24.6428,21.5231,21.9737,24.6385,25.1072,25.866,24.2838,21.7941,26.2362,24.1962,21.914,16.9916,26.1029,10.2872,-3.68048,7.76155,18.3861,-14.2292,12.0085,17.1409,24.0132,11.6243,23.1321,21.4877,23.2814,18.4859,16.8792,23.8763,24.2602,25.1531,21.8537,23.5658,25.4742,22.6006,23.9723,5.22992,9.08829,19.7433,6.78316,8.48831,3.37001,-0.963721,9.96455,7.29679,13.8768,10.1132,9.22442,12.46,4.26286,5.39426,8.04166,18.3778,9.32825,7.32244,15.3396,7.89384,7.60021,12.0707,-0.193756,8.17769,4.57529,-1.41623,-1.34344,13.1933,9.2501,4.83875,11.2458,8.33458,-7.02103,7.79651,9.15117,9.56283,5.77943,-0.0738773,12.9869,3.47676,10.2993,6.17079,15.866,10.4669,22.6598,20.8886,19.2284,17.6254,19.7051,24.1935,26.5749,25.1614,23.6928,22.2068,21.2899,21.2081,19.9223,23.6072,21.3286,19.7378,21.0052,19.1795,18.4455,24.3623,17.5781,14.6556,17.5623,5.31555
20.8519,10.9443,23.5516,2.59947,0.0,11.4351,11.4472,21.4539,-1.38549,25.2615,24.6756,21.2884,21.9047,24.5768,25.4578,25.67,24.1752,21.4923,26.2336,23.6025,21.5992,16.8987,26.0741,9.93097,-3.78314,7.37452,18.2447,-14.0246,12.1853,16.862,23.9127,11.6016,22.9063,21.0927,22.9693,18.2589,17.3917,23.5494,24.1242,25.013,22.0292,23.5882,25.2014,22.628,24.2397,6.29328,10.174,19.8926,7.79884,8.53554,3.23971,-2.37188,10.7068,8.4387,14.3342,11.0151,8.71835,13.007,4.71119,6.49831,9.32774,18.7208,10.2486,8.19993,15.1357,8.84634,8.60739,11.9636,-0.835731,8.26673,5.79253,-2.17231,-2.24927,13.7026,10.4651,6.25197,12.044,9.11477,-6.9715,9.00473,10.1406,10.387,5.81037,-1.35164,12.286,3.43826,9.91303,6.40544,15.6212,10.2117,22.5815,20.4645,19.1301,17.7499,19.6142,24.2768,27.2202,25.4989,23.4554,22.0659,21.0275,21.6687,20.4604,23.986,21.9506,19.6974,20.6247,19.3721,18.9607,23.7115,17.9092,14.7375,17.7533,6.15614
20.7138,10.7925,23.3789,3.14241,0.0,11.2733,11.3985,21.6494,-1.37966,24.5292,24.4155,21.0914,21.8619,24.3658,25.0654,25.542,23.8237,21.2672,25.8989,24.0659,21.7995,16.9666,25.8033,10.337,-4.53657,7.73025,18.5893,-13.8835,12.0776,16.3908,23.6547,10.852,22.663,20.6687,23.1105,17.6859,17.2254,23.3887,23.9852,24.7529,21.569,23.2069,24.9667,22.3256,24.0834,4.64276,9.04078,19.6617,6.03855,8.07042,3.47024,-1.85703,9.41702,7.08705,13.6237,9.66037,8.96342,11.8951,4.31322,5.26366,7.88954,18.3279,9.31763,6.54435,14.8169,7.26516,7.08481,11.2806,-0.425733,8.03647,4.08,-1.8896,-0.52733,13.0374,9.31192,4.27936,10.7464,7.98196,-7.70563,7.57527,9.08321,9.4073,5.76651,-0.608909,12.4462,3.20921,10.3596,6.24122,15.4948,9.93509,22.2164,20.3086,18.45,17.2644,19.3365,23.8072,26.5042,24.7212,23.1468,21.7423,21.0181,21.1037,19.6859,23.744,20.9511,19.8938,20.6458,18.7424,17.9786,23.8181,17.2311,14.3252,17.2146,5.73277
20.8636,10.6899,23.4079,2.9581,0.0,11.5922,11.4372,21.0806,-1.76079,24.8057,24.3843,21.1848,21.7086,24.2517,24.8117,25.5594,23.9151,21.2857,25.7565,24.0734,22.0547,16.963,25.8363,10.3531,-4.1395,7.50968,18.5625,-14.5113,12.238,16.7994,23.5447,10.8815,22.5958,20.7725,23.8147,17.8177,17.7121,23.1758,23.8236,24.6779,21.583,23.0117,24.9416,22.2407,23.9806,5.93195,9.95199,19.97,7.04875,7.97948,2.69295,-2.71401,10.4531,7.90437,14.4128,11.354,9.17765,12.9796,3.99978,5.42926,9.06592,18.8266,9.98628,7.35301,14.8841,8.871,8.54244,11.6224,-1.4669,8.36298,5.12485,-3.04575,-2.20716,13.882,10.7902,5.13464,12.199,9.71073,-7.3714,8.84928,10.9015,10.4882,5.85745,-0.846499,12.0198,2.7096,9.5612,6.20977,15.0996,10.1386,21.993,20.2071,18.4401,17.5027,19.4,23.9267,26.5409,24.8114,23.0638,21.5862,20.7334,20.9525,19.3384,23.5316,20.9084,19.6414,20.3204,18.6195,18.1258,23.591,17.3371,14.227,17.2106,5.70571
21.0133,11.1399,23.4549,3.00187,0.0,11.2508,10.7038,21.3394,-1.75976,24.901,24.6118,21.2592,21.7186,24.5519,25.2122,25.9643,24.0452,21.3334,26.0158,24.3204,21.6578,17.3896,25.9923,11.2203,-4.08609,7.09999,17.9686,-14.3365,11.9254,17.0311,23.6793,11.0618,22.8645,21.1563,23.1023,17.9769,16.5999,23.6132,24.1927,25.0702,21.7982,23.3207,25.2673,22.3808,24.0453,4.41771,8.84931,19.7902,5.92938,7.94224,3.77957,-1.89435,9.49209,6.83014,13.7239,9.75317,8.22347,11.94,4.88917,5.986,7.78074,18.3576,9.02043,6.99339,14.6008,7.36341,7.12369,11.153,-0.369092,7.4607,3.66552,-1.94501,-3.83797,12.9012,9.54941,5.5094,10.7836,8.06094,-6.92492,8.07266,9.4515,9.08431,7.0128,0.373332,13.6366,3.46817,10.5553,5.86491,16.1774,10.005,22.491,20.4213,18.6048,17.3945,19.7046,24.3277,26.7527,25.4123,23.6105,22.1518,21.2199,21.3318,20.4019,23.9531,21.8906,20.3753,21.0592,19.3946,19.0902,24.1962,18.5795,14.6951,17.8508,5.61001
20.5861,11.125,23.3141,3.01689,0.0,11.4234,11.773,21.6181,-1.76164,24.3929,24.3958,21.332,21.9935,24.3463,25.1791,25.5768,23.8872,21.561,25.8623,24.4217,22.0737,17.115,25.82,10.5563,-4.06098,7.55407,18.2291,-15.6089,12.518,16.6188,23.3239,11.3353,22.6736,20.8247,23.127,17.6163,17.7845,23.1307,23.6281,24.7789,21.6599,23.1963,24.9993,22.3092,24.149,4.44481,8.39696,19.3209,6.01577,8.31246,4.08671,-0.543666,9.07471,6.96779,13.6192,10.3703,8.08427,11.9192,5.03246,6.19193,7.5012,18.1138,8.67628,7.35041,14.2287,7.8737,7.05793,10.8423,0.262677,7.4011,3.59044,-1.53284,-1.25215,13.0757,9.77199,5.68475,11.0623,8.79889,-6.8318,8.38708,10.1363,9.59648,5.81739,-0.772267,12.0487,1.17335,7.78456,4.60042,15.0836,8.97856,21.9034,20.387,18.2243,17.1481,19.4637,24.0999,26.4127,25.0036,23.353,22.1174,20.8245,21.5065,20.1789,24.134,21.6979,20.0722,20.9015,19.3185,18.6977,23.7322,17.9375,14.8021,17.8364,6.00537
20.716,11.2479,23.3679,3.03343,0.0,11.1463,11.0169,21.3895,-1.38622,25.2056,24.459,21.5224,21.7188,24.3456,25.0163,25.6698,24.3261,21.6178,25.8172,24.2516,22.1409,17.2498,25.8858,10.6884,-4.44244,7.61201,18.3947,-14.1274,12.3952,17.2601,23.6803,11.1236,22.7033,20.9229,24.8349,17.978,17.4223,23.2604,23.8618,24.8941,21.5741,23.1616,24.9752,22.1448,23.9104,4.01666,8.78261,19.0965,5.19841,7.27268,2.90978,-2.26484,9.74675,6.29964,13.4417,9.1697,8.27897,11.7366,3.89122,4.66307,7.64732,18.1557,8.65363,5.75324,15.2842,6.52391,6.52253,11.4884,-1.01789,7.58904,3.87978,-2.66409,-1.90895,12.7894,9.15308,4.54834,10.347,7.68915,-6.8591,6.85787,8.27905,9.11966,6.3564,-0.478703,12.6026,1.60853,8.37305,4.69224,14.8562,9.07719,21.6298,20.0014,18.6271,17.2063,19.2341,24.1001,26.3627,24.9775,23.2907,21.8729,20.726,21.1748,19.9414,23.4982,21.3008,19.8972,20.8911,19.0935,18.1537,23.7012,17.022,14.3044,17.2241,4.6508
21.5006,10.9815,23.7,3.02748,0.0,10.6159,11.2848,22.0334,-2.07551,25.3806,24.7949,22.3667,22.4132,24.5893,25.5644,25.9603,24.7502,22.4316,26.1209,24.8806,21.8407,16.7145,26.3044,10.0181,-3.93676,7.97756,18.309,-14.7153,11.9433,16.5254,23.736,11.3501,22.725,20.9524,22.9121,17.9866,17.0175,23.56,24.2739,24.9103,21.8551,23.3449,25.1605,22.4345,24.0476,5.40541,9.56583,19.2424,6.61147,8.40666,4.71667,-0.0853643,10.1655,7.75471,13.7842,10.5973,8.40861,12.5746,5.24228,5.94246,8.52533,18.7118,9.83597,7.27696,14.9378,8.03912,7.92555,11.3855,0.698359,8.00311,4.93522,-1.09514,-2.7377,13.2895,9.72577,5.58027,11.5764,8.95299,-6.91771,8.56728,10.3463,9.75298,5.65175,-1.10856,11.8297,1.04765,8.16624,4.12428,14.5777,8.92216,21.9319,19.9858,18.1364,17.6371,19.5435,24.5151,26.225,25.0947,23.6921,22.1311,21.0546,21.3381,20.5592,23.3336,21.6578,20.4197,21.0496,19.4528,18.6389,23.9465,17.4419,14.4276,17.622,5.84136
20.5479,10.6346,23.3012,2.7683,0.0,10.9722,11.3842,21.8735,-2.31469,25.192,24.4947,21.5934,21.75,24.3789,25.1447,25.811,24.3458,21.7141,25.9106,23.5732,21.6461,16.7372,25.8667,10.0212,-5.60166,7.58839,18.7566,-15.1473,11.892,16.5537,23.3727,10.8599,22.6957,21.0205,23.125,17.8877,17.1488,23.2946,23.6804,24.72,21.6209,22.9715,24.9179,22.1834,23.8899,5.15873,9.68629,19.5721,6.50239,8.99211,4.79301,0.42582,9.96253,7.7796,13.7016,10.2142,8.50019,12.1952,5.32292,6.02819,8.5691,18.3934,9.95901,7.36445,14.7966,7.6707,7.65284,11.2675,1.28709,8.23442,4.21107,-0.626619,0.0347948,13.1225,9.37027,5.472,11.2838,8.37208,-7.21861,8.15284,9.50715,9.36862,4.75188,-2.33987,11.6284,2.84186,9.34073,5.67578,15.9921,9.8328,22.4822,20.6569,18.5644,17.4464,19.6919,24.5085,26.6163,25.3997,23.749,22.5993,21.2605,21.2193,20.2599,23.915,21.6274,20.4064,21.3587,19.4597,18.5278,24.2628,17.8362,14.7097,17.8911,5.62027
20.9561,10.5874,23.2693,3.06924,0.0,11.6183,12.1765,22.1672,-1.5842,25.362,24.3991,22.0209,22.0924,24.462,25.1234,25.9295,24.3877,21.9978,26.0003,24.2668,21.7938,17.1293,25.9402,10.6859,-3.48115,7.55386,18.2584,-13.7521,12.4694,16.8368,23.372,11.1168,22.4797,20.8801,24.4211,17.7508,18.3834,23.1033,23.3207,24.7858,21.8906,23.2006,25.038,22.3253,23.8897,5.73107,9.79984,19.5358,7.62131,9.26267,6.89164,0.957004,9.91267,8.33354,14.2592,11.1869,8.47101,12.3399,7.66368,8.44725,8.95861,18.4338,10.1236,8.92899,14.2007,8.99301,8.15912,10.6803,1.38315,8.07082,4.74579,-0.537069,-0.442827,13.5157,10.7801,8.55026,11.7453,9.77902,-7.38419,10.2847,11.1516,10.2285,6.19801,-1.14627,12.6652,3.34135,10.1641,6.22806,15.5663,9.76684,22.0646,20.0841,17.7577,17.27,19.3122,24.055,26.0809,24.9233,23.278,22.0549,21.1082,21.317,20.1639,23.7581,21.5251,19.9001,20.9941,19.121,18.4855,23.6662,18.2404,15.0685,18.0469,4.90385
21.2603,11.033,23.5429,2.64982,0.0,11.1164,11.7517,21.5916,-2.25192,25.4433,24.7385,21.7721,22.0077,24.5593,25.3888,25.8668,24.5501,21.855,26.04,24.1259,22.2485,17.2648,26.0944,10.6598,-4.36947,6.40078,18.0929,-14.4522,12.0476,16.9124,23.6748,11.2538,22.7032,21.1752,23.8822,18.0236,16.9707,23.4607,23.9197,25.0399,21.9751,23.473,25.2819,22.6088,24.1309,5.85506,9.79825,20.0899,7.4167,9.48865,5.38824,-0.184116,10.1121,8.33591,14.6064,11.3376,8.90277,12.489,6.40025,7.79988,8.92336,18.627,10.133,8.65949,14.4621,9.12395,8.38688,11.0621,1.08989,8.42183,4.92537,-0.74403,-1.05095,13.8324,10.9623,7.33917,11.9178,10.0155,-6.61404,10.1447,11.5763,10.4979,5.29662,-0.569168,12.1426,3.64297,10.14,6.31242,15.7096,10.6007,22.4289,20.5062,18.0845,17.3757,19.6659,24.4501,27.0391,25.3991,23.6562,22.3531,21.1382,21.4182,20.3429,23.6276,21.7453,20.4625,21.407,19.4178,18.6868,23.9459,17.6345,15.0812,18.0782,5.37303
20.3111,10.898,23.5252,2.99445,0.0,10.9494,11.0403,21.5417,-1.50545,24.8238,24.485,21.4983,22.1188,24.3329,25.2193,25.6113,24.115,21.5656,25.8091,24.7507,22.207,17.6944,25.5601,11.1129,-4.876,6.90357,18.2952,-14.871,11.7475,16.7423,23.574,11.0827,22.5949,20.6722,23.881,17.7416,17.2638,23.3082,23.7345,24.8759,21.5379,22.9763,25.0669,22.1326,23.8651,4.87726,9.70493,19.2419,7.07154,8.71993,5.40226,0.0298818,10.1833,7.74815,13.7761,10.0298,8.74045,12.1146,5.8532,6.88635,8.6704,18.6291,9.84009,7.87698,15.0575,8.03381,7.16839,11.4964,0.775035,8.09401,4.47124,-1.18175,-0.402227,13.2091,9.04303,6.45176,10.9793,8.29767,-6.56463,8.52485,9.63923,9.40759,6.60098,-0.286809,12.732,1.64967,8.75371,4.92685,14.9919,8.85313,21.8167,20.1502,18.2029,17.4126,19.4884,24.1157,26.2949,25.155,23.4275,22.0032,20.9224,21.2877,19.6792,23.5448,21.2891,19.6802,21.1101,18.8206,18.342,23.8644,17.4156,14.6556,17.5002,5.74626
20.7147,10.4761,23.1241,2.67636,0.0,10.917,10.9643,21.8819,-2.23916,25.0455,24.3654,21.6552,21.7227,24.4257,25.0313,25.7207,24.1009,21.9853,26.0445,24.5835,22.1934,16.8839,25.853,10.3084,-4.60241,6.77707,18.3783,-13.8141,11.9259,17.1538,24.0103,11.2218,22.8668,21.1599,24.1441,18.1431,17.5692,23.4873,24.1673,24.9355,21.6929,23.256,25.1207,22.3432,23.9936,5.32326,9.26905,19.7285,6.77339,8.17175,4.44892,-0.146958,9.87783,7.48867,14.633,10.8206,8.48136,12.6683,5.3284,6.5286,8.25293,18.9144,9.43421,7.78601,14.1902,8.50597,7.97389,10.8895,0.511445,7.81154,4.72065,-0.981508,-1.30755,14.0495,10.4161,5.93441,11.7778,9.27907,-7.91589,8.74288,10.5837,10.3836,4.38557,-1.42475,11.5731,1.57318,8.40746,5.13053,15.123,9.66825,22.0618,20.5011,18.252,17.8416,19.7845,24.446,26.6811,25.332,23.7456,22.3777,21.1324,21.2733,20.189,23.5753,21.624,19.9969,21.1562,19.309,18.6575,24.0555,17.7356,14.4209,17.8173,5.93313
21.1336,10.8,23.4482,3.90446,0.0,11.9126,12.0276,21.5673,-0.543978,25.1102,24.5277,21.2451,21.828,24.4043,25.3193,25.543,24.1215,21.8582,25.9651,24.3166,22.0517,17.0835,25.9693,10.5758,-4.47339,7.46492,18.3328,-14.7251,12.148,16.7157,23.7458,11.4832,22.7564,20.8532,23.1682,17.9888,17.0937,23.4286,24.0434,24.7865,22.0337,23.1191,25.0381,22.4493,23.988,5.03815,10.1387,19.5488,6.77575,9.32695,6.18409,0.81695,10.4412,8.00962,13.6698,10.1765,9.59598,12.3791,6.79588,7.72809,8.87414,18.5538,10.3429,8.12867,14.7638,8.03235,7.42956,11.0454,1.76032,8.89933,5.04199,-0.242956,0.462012,13.2095,9.68683,6.94814,11.1506,8.57522,-6.7754,8.26795,9.6424,9.49689,5.87521,0.108596,12.2367,1.6039,8.28805,5.76274,15.0228,9.51995,21.9334,20.7949,17.657,17.0372,19.392,24.6491,26.4528,25.2635,23.8434,22.2124,20.8707,21.4048,20.384,23.5935,21.9974,19.9484,20.7769,19.1799,19.1067,24.0418,17.9337,15.0671,17.7654,6.32113
20.8223,10.8179,23.3929,2.74003,0.0,11.0765,11.1695,21.4394,-1.7633,24.8577,24.5201,21.4592,21.8161,24.4451,25.0366,25.7368,24.1095,21.679,26.0059,24.3124,21.8723,16.9851,25.7563,10.2621,-5.41173,7.3752,18.4277,-15.2405,12.2005,16.9296,23.6808,10.9809,22.58,20.9329,24.5672,17.9538,17.7873,23.065,23.48,24.5735,21.6012,22.8609,24.8534,22.1068,23.8247,3.42792,8.74711,19.5697,5.29476,9.24414,6.50609,1.37605,8.88023,6.80918,13.044,8.79485,8.60786,10.8344,6.76966,7.16475,7.44018,17.404,9.19972,6.9404,14.41,6.44675,5.86355,10.4896,2.04989,8.04595,2.80385,0.0270454,-1.17333,12.232,9.26216,6.54248,9.5821,7.86009,-5.88628,8.22175,9.52003,8.41387,6.18745,-0.191625,12.7163,2.19515,9.07861,6.15049,14.8241,9.90137,21.7703,20.5374,17.572,16.0645,19.0104,24.0603,26.3817,24.9855,23.375,22.062,20.9336,21.1771,20.2678,23.6277,21.7022,20.0964,20.8842,19.0846,18.5725,23.7623,17.9109,14.7012,17.857,6.30765
20.9548,10.8061,23.437,3.12399,0.0,11.2207,11.2693,21.4649,-1.02996,25.0897,24.5174,21.6629,21.732,24.4356,25.1076,25.8579,24.2712,21.9706,25.9571,24.1017,22.0,17.3023,26.1547,10.3891,-5.21669,7.93823,17.968,-14.7046,12.3461,16.8982,23.7187,11.2372,22.8353,21.0415,24.2813,18.0414,17.9906,23.396,23.7727,24.9712,21.6911,23.1789,25.189,22.331,24.1595,6.12728,10.4415,19.4952,8.0406,10.0048,6.9058,0.570681,10.51,8.71866,14.1813,11.7428,8.74557,12.6054,7.88322,8.98671,9.24748,18.3743,10.6412,9.68156,14.5952,9.77278,8.62942,11.0351,1.54836,8.52924,5.09955,-0.673828,-0.984338,13.9038,10.7156,8.68819,12.2444,10.047,-5.80823,10.4978,11.5926,10.6619,6.69596,0.57451,12.4505,1.64267,9.01829,5.46579,14.8766,9.45781,21.9978,20.3746,18.1788,17.0856,19.4516,23.9685,26.0166,24.9979,23.3176,22.048,21.2957,21.3545,20.1803,24.086,21.4268,20.121,20.8497,19.3635,18.6094,23.8901,17.7835,14.3307,17.576,5.21594
20.2645,10.4931,23.1686,3.18806,0.0,11.3037,11.5847,21.5132,-1.43306,25.1282,24.4096,21.78,22.0152,24.3373,24.8735,25.8119,24.4538,21.9016,25.8164,24.5778,21.7444,16.422,26.1017,9.83393,-4.56233,7.72199,18.4498,-13.458,12.5423,17.0873,23.8045,11.5521,23.0187,21.2379,23.7854,18.2679,18.0727,23.7142,24.0795,24.9402,21.9729,23.2535,25.155,22.4639,24.0578,4.71263,8.99846,19.5,6.33899,7.68931,4.7562,-1.05397,9.72219,6.89985,14.1249,10.3176,8.37594,12.4155,5.44671,6.38698,7.91563,18.5875,9.02332,7.36271,14.6555,8.07292,7.16836,11.4708,-0.425037,7.5572,4.1195,-1.84083,-1.56024,13.4511,10.2505,6.35108,11.0204,9.0611,-6.73043,9.25243,10.7523,9.73865,6.34204,-0.251375,12.4338,2.37915,10.1223,5.67404,14.7932,9.54254,22.0419,20.4384,18.2568,17.4759,19.3061,24.2412,26.1576,24.8767,23.6179,22.1276,20.9884,21.2759,19.8934,23.9716,21.4352,19.9599,20.8799,19.25,18.6385,24.019,18.1831,14.9318,18.0989,5.27835
21.1096,11.0996,23.8787,3.6358,0.0,11.2361,11.4682,21.557,-0.617809,25.9121,25.2038,21.9695,22.4559,25.0608,25.9933,26.3473,24.8283,22.29,26.8076,24.8349,22.2029,17.6377,26.1002,11.2138,-3.18456,7.66805,18.1499,-14.2843,11.9034,17.0911,24.2914,11.5172,23.5097,21.5917,22.5547,18.9899,17.0427,24.1628,24.9334,25.4971,21.9389,24.0713,25.5004,22.8453,24.28,4.78162,8.71973,20.3717,5.83027,7.38845,3.80972,-0.330491,9.43844,6.43449,14.7642,10.0032,8.52762,12.5166,4.18149,5.05985,7.4649,18.877,8.8145,6.53607,14.855,7.65536,7.26896,11.1837,0.124943,7.67786,4.05342,-1.24151,-1.23398,14.0176,10.2363,4.84003,10.9986,8.50586,-6.52689,8.20565,10.0231,9.86625,7.27701,0.85239,13.4773,3.28568,10.3198,6.90278,16.4012,10.8075,23.0851,21.8666,19.061,18.2956,20.495,24.9112,27.0417,25.7466,24.2937,22.5917,21.5697,21.1922,20.5276,23.5356,21.6839,20.6661,21.5144,19.5926,18.7227,24.7629,17.8881,14.5608,18.2538,5.91752
20.3661,10.866,23.3101,2.82354,0.0,11.3993,10.9967,21.3297,-1.5991,24.5047,24.3383,20.6263,21.5391,24.2714,25.0552,25.5678,23.4505,20.9551,25.8456,24.0316,21.5513,17.1382,25.2745,10.6713,-4.26993,8.03046,18.339,-14.4719,11.9951,16.451,23.2162,10.6636,22.3689,20.6749,23.2248,17.562,18.0316,22.9406,23.6979,24.4256,21.057,22.6997,24.7541,21.7825,23.7161,5.45785,9.50293,19.4528,6.89689,7.62058,3.36064,-3.41042,10.3665,7.56469,14.1706,11.0079,8.87184,12.7144,4.61563,6.00576,8.57207,18.6548,9.36548,7.64083,15.1981,8.43287,7.97059,11.6452,-2.12865,7.79743,4.75472,-3.74724,-1.33424,13.6924,10.5009,6.24262,11.8055,9.47134,-6.36403,9.59766,11.0144,10.3201,7.37905,0.685188,13.0762,2.21992,9.5265,5.8639,15.0927,9.5598,21.5296,19.453,18.495,17.0484,18.898,23.5249,26.415,24.6455,22.8218,21.5332,20.5474,21.0081,19.6195,23.6804,21.1709,19.6334,20.1532,18.6932,18.4502,23.3077,17.1316,14.1561,16.8547,5.75394
19.9878,11.0538,22.8556,1.66457,0.0,10.3792,10.3245,20.8035,-3.48124,24.1129,23.9209,20.7216,20.9056,23.8486,24.5666,25.1678,23.3593,20.8444,25.4549,22.7331,20.714,16.1999,25.2053,9.62027,-6.26312,6.04159,17.3736,-14.6458,11.3441,16.1528,22.943,10.6959,21.9024,20.5357,22.8486,17.152,16.0575,22.366,23.0889,24.3677,21.3344,22.6625,24.6797,21.8814,23.5237,5.24822,9.42397,18.6779,6.61072,7.82156,1.93871,-2.87735,9.8144,7.41589,12.9924,10.3094,8.51282,11.9561,3.35586,4.89913,8.35978,17.908,9.60563,7.11906,14.5745,7.95493,7.75434,11.1043,-1.57623,7.84733,4.35564,-2.7797,-0.730433,12.7184,9.00266,4.49614,11.2053,8.2443,-8.26089,7.79604,9.21317,9.34879,5.90142,-0.561326,12.1446,1.19546,8.26864,4.81276,14.1268,8.58672,20.9526,18.7623,18.0263,16.3194,18.1018,22.8759,25.4923,23.7455,22.3233,20.9581,19.8155,20.5002,19.2136,23.3853,20.5003,18.9848,19.5135,18.2072,17.6436,22.8141,16.5412,13.4283,16.3162,5.32434
20.1812,10.5279,23.1149,2.0519,0.0,10.2123,9.84275,20.9145,-2.86011,25.1397,24.2688,20.8643,20.9911,24.257,25.028,25.4876,23.7188,21.148,26.0599,23.3819,21.0683,16.9265,25.2766,10.5962,-5.93009,6.6997,17.7905,-14.7344,11.2166,16.5269,23.4824,10.5551,22.6072,20.6247,23.6741,17.7501,17.2568,23.1495,23.7244,24.542,21.7451,23.0106,24.8738,22.3292,23.8085,3.80003,8.99754,18.3803,4.74522,7.52626,1.51682,-2.52423,9.94471,6.35463,12.9987,8.57754,8.8907,11.8006,2.27631,3.21082,7.95164,18.0416,8.84677,4.95007,15.2279,5.82007,6.40756,11.4281,-1.00653,7.94816,3.64344,-2.10721,-1.91084,12.4852,8.50399,2.30985,10.174,6.78186,-7.65346,5.26107,7.45229,8.6384,5.3022,0.684708,11.9043,0.325951,6.99349,3.38879,14.7889,7.75408,21.4441,19.5117,18.1858,16.9047,19.3497,23.9029,26.1131,25.1123,23.2069,21.7125,20.7855,20.9921,19.7081,23.4789,21.2607,19.6536,20.3569,18.7667,18.2971,23.5293,17.2995,14.4178,17.4202,5.01718
20.2785,10.8424,22.9936,2.83962,0.0,10.6735,11.0992,21.6956,-1.91372,24.295,24.0398,20.9875,21.2932,24.0726,24.8614,25.4622,23.574,21.1,25.6162,23.6675,21.5315,17.3165,25.4948,10.6054,-5.81977,7.47412,17.9785,-15.1003,11.886,15.9969,23.0775,11.0917,22.211,20.5263,22.4418,17.4185,17.2551,22.5758,23.1722,24.4099,21.2328,22.4848,24.6576,21.7768,23.5177,5.19043,9.91116,18.5624,6.92509,9.63062,6.40472,1.24609,10.2368,8.09877,13.0364,10.2681,9.1277,12.1471,6.8025,7.47723,8.8171,18.1189,10.2161,8.16381,14.4385,8.03307,7.63038,11.016,2.20269,8.6845,4.81475,0.322539,-0.366812,12.8949,9.51269,6.82991,11.3191,8.66845,-7.76428,8.70928,10.0143,9.47302,4.87355,-1.05629,12.1524,1.71023,8.42371,4.93216,14.8734,8.27362,21.5166,19.6256,17.7366,16.7917,19.0399,23.9295,25.9789,24.6127,23.1172,21.7024,20.6797,20.962,19.6643,23.6629,21.2026,19.5981,20.4375,18.8663,18.1935,23.4882,17.4354,14.4043,17.582,5.04661
20.7073,10.5718,23.3712,2.76108,0.0,10.8914,11.0522,21.7474,-1.44833,24.9213,24.4068,21.1792,21.7568,24.3765,25.146,25.5921,24.0883,21.3985,25.89,24.0068,22.1351,17.5099,25.6259,10.6159,-3.93088,7.95572,18.4289,-15.1402,12.2957,16.4569,23.284,11.4229,22.4828,20.8085,22.743,17.6251,17.3105,23.1538,23.6719,24.8656,21.5527,23.2192,24.8887,22.2386,23.8789,5.13498,9.6351,18.9338,6.38293,8.80405,4.32496,-0.478699,9.96268,7.5193,13.5718,9.97597,9.03045,12.2199,4.81657,5.74883,8.34778,18.3933,9.92459,7.20146,14.8881,7.49509,7.64239,10.7351,0.798073,8.45006,4.41368,-0.930836,-0.0195821,13.1166,9.4605,5.01256,11.1891,7.96544,-6.8196,7.30436,8.53833,9.39105,6.65551,-0.502795,12.9299,1.59373,8.98932,4.81543,15.7363,8.58521,22.2595,20.2727,17.8754,17.1231,19.3842,23.9985,26.5512,25.0233,23.1897,21.7516,20.7604,21.2716,19.8672,23.7981,21.4283,19.5954,20.6157,18.9901,18.5954,23.719,17.6091,14.4495,17.431,5.53187
20.7535,11.0284,23.3477,3.26057,0.0,11.8539,12.1571,21.5774,-0.971373,25.0481,24.4937,21.5196,21.5551,24.4118,24.9121,25.7188,24.1558,21.82,25.9403,23.5345,21.7427,17.4881,25.8955,10.9322,-5.28301,7.73036,18.4949,-14.9458,12.4543,16.8203,23.6325,11.6208,22.7677,21.2043,23.3876,18.0523,17.3826,23.168,23.8186,24.9473,21.6429,23.296,25.2884,22.3841,23.9266,5.08014,10.0526,19.0379,6.62996,9.36985,5.19668,0.582474,10.2455,7.98712,13.4048,10.2838,9.22718,12.2719,5.91712,6.9379,8.81204,18.3471,10.4042,7.91909,14.3842,7.97739,7.53902,10.7777,1.15788,8.75329,4.61056,-0.405675,-2.4623,12.9672,9.48689,6.31392,11.2844,8.58773,-6.25471,8.35601,9.8603,9.54399,7.50337,0.214453,13.5453,1.45598,8.76957,4.95726,15.5416,9.21841,22.0214,19.74,18.1403,17.1708,19.3644,24.002,26.7987,25.1418,23.134,21.9331,20.9427,21.3265,20.2082,23.7894,21.5849,19.8761,20.6506,19.3469,18.6847,23.5655,17.3263,14.0866,17.1315,5.92881
20.3547,10.7055,23.3807,3.02211,0.0,11.3789,11.1075,21.5778,-0.83594,25.2912,24.4892,21.8356,21.833,24.4183,25.0523,25.6613,24.42,21.9131,26.0341,24.0136,21.6801,16.7666,26.127,9.975,-4.11443,8.19557,18.2994,-16.2679,12.7662,16.955,23.6977,11.7534,22.607,20.684,24.397,17.8387,18.0215,23.252,24.2141,24.5137,21.8462,22.9332,24.7683,22.1945,23.8401,5.43455,9.41348,19.3757,7.04053,8.67454,5.66128,0.10789,10.0202,7.67313,14.2488,11.3802,8.4577,12.701,6.28762,7.43613,8.3557,18.6836,9.5568,8.44869,14.6681,9.09691,8.14469,11.2481,0.693067,7.97028,4.40405,-1.35142,-1.75264,13.8822,10.7011,7.4038,11.9655,9.71521,-6.54397,9.73495,11.3383,10.2279,5.69494,-0.257466,11.9452,1.603,9.30874,5.20047,14.4716,9.11479,21.9171,20.4328,17.8632,16.9422,19.0884,24.3084,26.3775,24.8557,23.5068,22.0264,21.0208,21.1714,20.2784,23.774,21.735,19.9226,20.745,19.3219,18.6813,23.9578,17.5783,14.6236,17.7116,5.88061
20.7137,10.6782,23.2643,2.53291,0.0,10.4627,10.2096,21.2885,-2.17888,24.732,24.3684,21.198,21.71,24.3052,25.0516,25.6351,23.895,21.3641,25.7789,23.8133,21.2379,16.5866,25.7808,10.5306,-5.0977,6.74145,17.7674,-14.9509,12.0308,16.387,23.2093,11.2111,22.3257,20.6878,23.1377,17.587,16.3901,23.0124,23.9182,24.7287,21.7473,23.0869,24.9926,22.2996,23.9146,5.58151,10.6306,19.6459,7.42952,7.88717,3.73687,-1.36736,11.2071,8.39269,13.9661,10.523,8.67479,12.6976,4.56733,5.84411,9.72479,18.6751,10.3423,7.5296,15.6556,8.12685,7.71206,11.9202,-0.311336,8.18818,5.28816,-1.96439,-2.36389,13.4528,9.98994,5.5379,11.541,8.89338,-6.49034,8.27886,10.1816,9.8953,6.61774,-0.867948,12.3061,2.65666,9.62788,5.572,15.1723,9.52192,21.9682,19.8799,18.5837,17.3382,19.3127,24.0112,26.4054,24.9546,23.2755,21.9751,20.5985,20.8895,19.6263,23.577,21.1464,19.5926,20.9214,18.6813,18.0838,23.5209,17.1818,14.2346,17.6154,5.94753
20.5546,10.1308,23.1956,2.93684,0.0,10.5683,11.2744,21.3802,-1.28609,24.6107,24.2869,21.161,21.3728,24.3278,24.8359,25.6582,23.7703,21.3877,25.9623,24.0894,22.2137,17.5873,25.6523,10.8038,-5.57625,7.07566,18.4188,-15.6916,11.4801,16.4426,23.3638,10.7257,22.5226,20.8833,22.9952,17.7987,17.0014,23.1219,23.592,24.7081,21.7126,22.9709,24.9724,22.2493,23.9275,4.84767,9.20294,18.6265,6.55246,9.06145,4.92544,-0.763003,9.14864,7.54361,13.3115,10.0066,8.97882,11.4887,5.76439,6.98658,7.85667,17.7231,9.68421,7.9824,13.9225,7.53989,7.21819,9.96914,0.62232,8.39574,3.37189,-1.10592,-0.0446486,12.7982,8.86724,5.82468,10.7295,7.99952,-6.32287,8.00701,9.24665,8.87646,6.7934,-0.839601,12.8935,2.34266,9.27814,5.02063,15.7072,8.49759,21.9166,19.8577,17.0581,16.4011,18.6425,24.1482,26.4051,24.9361,23.3405,22.1515,20.9866,21.1767,19.562,23.6108,21.3401,19.9351,21.2536,19.0006,18.5666,23.873,18.0295,14.84,17.7582,6.02245
20.6993,10.6256,22.9675,2.52046,0.0,10.6745,11.0034,21.6194,-2.00897,25.3048,24.3632,21.8641,21.116,24.3733,24.7905,25.8716,24.366,21.9561,25.8849,23.374,21.2092,16.662,25.8365,10.0421,-5.34071,7.16923,18.552,-14.7547,11.8931,17.14,23.7548,10.9233,22.8061,21.2869,24.8051,18.0374,17.6284,23.2728,23.5905,25.1088,21.7694,23.2708,25.3368,22.3482,24.1444,5.29537,9.98134,18.994,7.07852,9.3752,5.58569,0.343801,10.2668,8.3175,13.5903,10.371,9.07747,12.1745,6.67364,7.69042,8.85646,18.2983,10.4487,8.15465,14.8904,8.26608,7.55775,11.557,1.34869,8.687,4.5785,-0.511499,-0.637066,13.102,9.93427,7.56119,11.1121,9.04221,-5.92834,9.63791,10.9372,9.62675,6.46286,-1.07944,12.9567,2.21072,9.77692,5.43956,15.3328,8.76266,22.1788,20.121,18.0604,17.4972,19.7455,24.0002,26.384,25.0745,23.4218,22.1618,21.0864,21.3832,20.323,24.2273,21.554,20.1754,20.9737,19.1253,18.2276,23.8388,17.0528,14.0171,17.0389,5.05706
20.8838,11.0543,23.757,3.42657,0.0,12.2998,12.6099,21.8531,-0.455491,25.7037,25.114,21.4875,21.9525,25.045,25.731,26.1654,24.2813,21.9711,26.8231,24.5646,22.0564,17.3263,26.1717,11.227,-3.05359,7.58594,18.1164,-14.2049,11.9629,17.4276,23.9838,11.8229,23.1009,21.3749,24.1692,18.4842,17.3773,23.7683,24.1918,25.2236,21.5147,23.4566,25.5085,22.2542,23.9313,5.81869,9.93967,20.1968,7.1101,9.28729,5.85621,-0.302417,10.5772,8.24506,14.29,10.9112,9.15082,13.2014,6.63061,7.27764,8.85033,19.1047,10.2618,8.09545,15.0221,8.5974,8.25963,12.2383,1.11076,8.67412,5.46795,-0.726453,0.302561,14.0201,10.3965,7.32028,11.9302,9.60125,-6.5342,9.61602,10.9293,10.5745,7.65642,0.646133,13.8295,3.45494,11.0375,6.20204,16.184,10.1827,22.7252,20.3742,19.0369,18.0596,19.892,24.356,26.9916,25.5968,23.6421,22.3425,21.3449,21.5254,20.4397,23.8106,21.5857,19.9654,21.1211,19.329,18.5866,24.1596,18.0665,15.0105,18.146,5.91475
21.0942,11.4587,23.4923,3.32476,0.0,11.0402,11.1378,21.4588,-0.932727,25.0391,24.5832,21.3126,22.0248,24.3638,25.0416,25.7242,24.0111,21.6007,25.8494,24.4519,22.1524,17.5878,25.7548,11.4772,-4.43807,8.49289,18.3949,-14.5052,12.3521,16.6758,23.4675,11.2779,22.6445,20.7737,23.3446,17.7595,17.5188,23.2995,23.7105,24.6424,21.5716,23.0114,24.9022,22.0618,24.1373,5.2153,9.6563,19.6158,7.23022,9.11816,5.60189,-0.738116,9.65112,7.99428,14.0324,10.7689,8.42878,11.9988,6.97586,8.21941,8.59225,18.0737,10.0188,8.92056,14.5726,8.63848,7.62232,10.9868,0.606384,8.05258,4.24818,-1.21565,0.454402,13.3748,10.5725,8.14187,11.1974,9.67866,-6.92029,9.94734,11.3069,9.96972,6.36745,0.148818,12.6788,3.13834,9.93935,6.37554,15.8617,9.87969,22.2322,20.2637,18.1135,16.6043,19.1858,23.9055,26.1768,24.8435,23.2037,22.0204,21.0075,21.1528,20.2868,23.782,21.7573,20.2993,20.8223,19.4404,18.6952,23.7103,17.582,14.4208,17.3832,5.82823
20.9491,11.4557,23.5011,2.94123,0.0,10.4986,10.766,21.406,-1.91663,24.8889,24.5087,21.6524,21.9785,24.3358,24.9111,25.6618,24.1628,21.7974,25.8607,24.2366,21.5513,16.2022,25.9169,9.60772,-5.19422,7.98806,18.7017,-14.8411,12.1174,17.185,23.8757,11.007,22.7326,21.0699,24.7011,18.0544,17.0356,23.3067,23.9159,24.9379,21.7577,23.0586,25.0634,22.249,23.8814,5.59918,9.2939,19.2422,7.05826,8.91288,5.86553,1.27642,9.8674,7.66227,13.9814,10.6729,8.41315,12.7183,6.39316,7.30708,8.24423,18.5749,9.57905,8.09204,14.5508,8.24884,8.16152,11.3718,1.81041,8.03823,4.82306,-0.0824237,-0.446632,13.5716,9.88766,6.77978,11.8493,9.06444,-6.31327,8.7618,10.178,10.279,6.10689,0.563064,12.6517,2.58313,9.39978,5.45581,14.8371,9.29138,22.0683,19.623,18.3267,17.0166,18.8848,24.312,26.5194,24.9858,23.68,22.3127,20.9768,21.157,20.0114,23.8542,21.5133,20.3741,21.0094,19.2055,18.4814,23.9726,17.8266,15.051,18.029,5.69798
21.2468,10.9469,23.5121,3.01876,0.0,11.1032,11.4238,21.5189,-1.70962,25.3107,24.7794,21.4263,21.5543,24.7378,25.226,26.0869,24.2228,21.6769,26.3212,24.0029,22.0749,17.5707,26.0843,11.0486,-4.18812,8.01638,18.4744,-14.7835,12.405,17.1378,24.0258,11.5838,23.0266,21.4074,23.5152,18.4455,17.3778,23.6237,24.0706,25.1189,21.5721,23.3629,25.3399,22.3492,24.133,4.7828,9.07888,19.2924,6.30575,9.08215,5.1623,0.321091,9.50069,7.36574,13.8446,9.95729,8.78494,12.0092,5.69657,6.61813,7.88247,18.6259,9.47537,7.47549,14.0317,7.70386,7.29913,10.9025,1.22214,8.23822,3.69757,-0.490902,0.102238,13.1624,9.82167,5.87506,11.016,8.52666,-6.36996,8.5119,10.0552,9.5055,6.25929,0.622264,13.2295,2.26981,9.35473,5.68177,15.5537,9.34804,21.9881,20.0162,17.9894,17.6265,19.586,24.3509,26.674,25.2439,23.6523,22.4497,21.0877,21.3179,20.172,23.7988,21.5841,20.1675,21.2282,19.3818,18.723,23.8975,18.1927,14.8049,17.8218,5.71474
20.8887,11.3698,23.749,3.23386,0.0,10.8125,11.5128,21.784,-1.35755,25.4329,24.684,21.8619,22.16,24.5869,25.3783,25.6805,24.5633,22.0575,26.2023,24.6461,22.2044,17.0277,26.2917,10.1747,-3.64633,8.25091,18.474,-15.3503,11.6233,16.7926,23.7993,11.2075,22.9314,20.9666,22.4806,18.0705,16.5776,23.8895,24.4664,25.0924,21.8571,23.8069,25.2245,22.6886,24.1318,5.31459,10.3295,19.0964,6.90466,9.17328,5.48158,1.05637,10.6702,8.24517,13.1226,10.2998,9.01565,12.4365,5.88782,6.59247,9.31095,18.4232,10.4305,7.67014,15.3338,7.99717,7.51952,11.8848,1.83142,8.5975,5.16856,0.177318,-0.498584,12.871,8.76239,5.77763,11.2222,7.88601,-5.67742,8.05224,9.08296,9.08776,6.92013,-0.44936,12.5691,0.984422,7.98908,4.18145,14.8261,8.38453,22.379,20.524,18.2461,17.1027,19.3802,24.3618,26.266,25.023,23.7859,22.2283,21.2919,21.467,20.2465,23.6057,21.8233,20.1128,20.9103,19.3683,18.7653,24.3513,17.9478,15.1032,17.8188,5.74905
20.7558,11.3901,23.4493,3.13279,0.0,11.5089,11.6219,22.031,-2.12948,24.3762,24.5584,21.3427,21.8693,24.4387,25.2453,25.9023,23.7229,21.5785,25.9,24.4656,22.207,17.5289,25.6062,10.4235,-3.95383,7.77283,18.8229,-14.7754,12.4088,16.5078,23.245,11.5166,22.5713,20.8613,23.2676,17.5393,17.6267,22.9562,23.653,24.5906,21.7316,22.9491,24.942,22.1754,23.9764,5.52497,9.68263,19.3594,6.91037,9.56326,6.25517,1.66272,10.5484,7.74909,14.1514,10.6007,8.97574,13.0172,6.79929,7.66694,8.43036,18.7839,9.96854,7.95044,15.1343,8.44524,8.05576,11.826,2.43148,8.57912,5.30767,0.879832,0.456535,13.7915,10.4242,7.18043,11.7422,8.90036,-6.27319,8.84608,10.0342,10.3401,5.74063,-1.88681,11.8068,1.42311,8.90385,4.73164,15.0614,9.09008,21.9756,19.5497,18.7058,17.9341,19.5482,24.0302,26.3788,25.1892,23.3091,22.1482,21.1366,21.3004,19.9611,23.7849,21.532,19.7797,21.0426,19.3893,18.7228,23.7731,17.4892,14.3714,17.5357,6.00082
21.6557,11.3204,23.2666,2.94323,0.0,11.3895,11.4148,21.7224,-1.74164,25.4207,24.5658,22.0643,21.9574,24.5683,25.3215,25.8497,24.5687,22.1567,26.1179,24.3094,21.613,17.3918,26.1509,10.947,-4.28029,7.35366,18.032,-14.5981,12.1531,17.1431,23.8596,11.4435,22.8498,21.288,24.1125,18.1102,17.8344,23.4386,24.2991,24.9242,21.7986,23.281,25.1906,22.4389,24.0842,4.64324,9.44147,19.3026,6.14897,9.0488,6.42491,1.35151,10.0411,7.349,13.3561,9.49614,8.85324,11.9451,6.7419,7.42726,8.25949,18.3445,9.65991,7.68107,15.4294,7.38257,6.98533,11.7505,1.90545,8.32085,4.23813,0.44357,0.475664,12.6924,9.19172,6.81961,10.6101,8.13094,-5.79909,8.55592,9.64067,9.10418,8.31071,0.491938,14.1222,2.77364,10.2035,6.33823,15.9755,9.52714,22.3939,20.3042,18.6012,17.3627,19.8732,24.348,26.6947,25.418,23.5544,22.3429,21.2124,21.372,20.2671,23.9208,21.6901,20.4425,21.2402,19.4168,18.5815,23.9606,18.1444,14.6575,18.1573,6.42107
21.0742,10.7941,23.7375,3.06667,0.0,10.3379,10.1861,21.8844,-1.68725,25.4144,24.8362,22.1406,22.3866,24.7045,25.5308,25.9184,24.6733,22.2157,26.2072,24.5269,21.9161,17.1167,26.2165,10.7769,-3.82214,8.02913,18.1239,-12.9007,12.3676,16.8566,23.8663,11.54,22.9675,21.2476,23.2973,18.2418,17.3597,23.7313,24.1211,25.2407,21.6071,23.5928,25.4546,22.4235,24.0259,3.94999,8.37102,19.7774,4.99609,8.07119,4.58649,-0.61352,9.00417,6.21967,14.1135,9.31355,8.51447,11.6663,5.09573,5.61981,7.09747,18.7071,8.6424,6.10935,14.5367,6.82343,6.41117,10.7166,-0.211383,7.62889,3.24696,-1.48425,0.602836,13.1334,9.61826,5.33867,10.2224,7.88462,-6.65947,7.53143,8.78787,9.02133,7.48495,0.1563,13.4556,2.09955,9.51186,5.34029,15.2958,9.47538,22.5576,21.156,18.4039,17.6167,19.9195,24.6746,26.5508,25.5287,23.8934,22.4849,21.2407,21.7316,20.4438,24.132,22.0474,20.4728,21.3758,19.5247,19.0983,24.3918,18.4289,15.2457,18.2282,6.47291
20.9972,11.3084,23.408,3.26481,0.0,11.5788,12.0996,21.6809,-1.29113,24.7561,24.5661,21.4363,21.7341,24.4015,25.16,25.7293,24.0222,21.5647,25.9583,23.8676,22.0492,17.7778,25.8546,11.1067,-3.9851,7.97025,18.6582,-12.1195,12.21,16.9844,23.7493,11.3407,22.6652,20.9611,23.6805,17.9536,18.1511,23.4231,23.9892,24.8915,21.7077,23.2206,25.0405,22.2202,24.1189,4.10695,9.21489,19.929,5.57219,7.83488,3.82388,-1.25692,9.88503,6.89289,14.4939,9.35599,8.9109,11.7871,4.22103,4.80225,8.08957,18.5801,9.2985,6.15229,15.5325,6.80688,6.58288,11.6208,-0.512555,8.26186,3.96134,-1.81307,0.640843,13.3743,10.0669,4.23914,10.3138,8.15907,-6.4984,7.53119,9.20583,9.2767,6.58801,0.978546,13.4351,3.47635,10.9379,6.6931,16.0671,10.4392,22.5939,20.5249,19.1197,17.4376,19.9888,24.4026,26.8979,25.5599,23.5993,22.2071,21.2047,21.3058,19.9621,23.9545,21.506,20.1011,20.9551,19.0656,18.396,24.0644,17.7614,14.8971,17.8798,6.00004
21.2414,10.887,23.484,2.91556,0.0,10.7718,10.6269,21.6094,-1.41381,25.5039,24.6845,21.7264,21.7257,24.5461,25.2059,25.7457,24.3808,21.8734,26.0276,23.9106,22.0811,17.106,26.2246,10.1282,-3.77439,7.54993,18.6947,-13.98,12.3265,17.0944,23.8171,11.5677,22.7804,21.0918,24.5613,18.0915,17.2022,23.5386,24.1057,24.9357,21.7788,23.3251,25.2456,22.5081,24.2145,3.47561,9.24421,18.8592,4.83017,8.87575,5.14003,0.769194,9.48538,6.68062,12.7097,7.90966,9.83819,11.217,5.62609,6.02666,7.76277,17.7525,9.53937,6.21316,15.1258,5.57476,5.87618,11.4364,1.73905,8.9522,3.2821,0.208982,1.3527,12.0387,7.7822,5.18518,9.51048,6.62382,-5.96485,6.90119,7.88493,7.7416,6.13055,-0.636398,12.0188,0.560338,8.0567,4.36947,14.8266,8.48796,22.0044,19.9993,18.5314,16.9741,19.411,24.2569,26.7318,25.2429,23.6154,22.3263,21.2247,21.4529,20.3096,23.829,21.7447,19.9589,21.0604,19.3185,18.9763,24.0959,17.9828,14.8326,17.8121,6.71205
21.0144,10.3549,22.885,2.73726,0.0,10.4639,10.881,21.543,-2.43132,24.9332,24.2323,21.6036,21.396,24.2032,24.8202,25.8094,24.0393,21.7831,25.8854,24.1634,22.0179,17.3906,25.7121,10.6395,-5.26034,7.23953,17.3861,-14.7961,12.061,16.7552,23.4445,11.3087,22.4879,21.0463,23.6184,17.8953,17.49,22.8358,23.6106,24.6168,21.11,22.5707,24.9268,21.68,23.3677,4.36097,8.93657,18.917,6.07213,8.72936,5.17375,-0.181487,9.2461,7.04445,13.6158,9.36061,8.58573,11.7571,5.93948,6.75042,7.57605,17.8905,9.33653,7.18301,14.4521,7.09621,6.77113,10.5124,0.888795,8.09745,3.51116,-0.583732,-1.23369,12.869,9.38862,6.27942,10.5054,7.98665,-6.38963,8.41719,9.83122,8.92922,6.70379,-0.767703,12.2461,1.51093,8.47373,4.95659,14.7815,8.84561,21.6791,19.2414,17.1576,16.5006,18.4675,24.0039,26.1429,24.6563,23.187,21.9225,20.7017,21.0301,19.8957,23.6116,21.3015,19.6724,20.6216,18.816,18.2203,23.4383,17.1985,13.9229,17.0336,6.08523
21.1412,10.9767,23.3571,3.11515,0.0,11.0952,11.0013,21.5875,-1.8342,25.1025,24.6223,21.2356,21.7223,24.5229,25.3738,25.7751,23.9624,21.5749,26.1092,24.2606,22.262,17.6821,25.9978,11.0798,-4.81471,6.93976,17.7395,-14.9001,12.3202,16.8626,23.8446,11.7335,22.8226,21.0903,23.3098,18.0705,17.2043,23.3274,24.0395,25.0535,21.745,23.3353,25.2188,22.3432,23.8419,5.88555,10.3685,18.8229,7.50578,9.31353,5.01837,0.420508,10.49,8.36406,13.3337,10.7815,8.51997,12.3658,5.87934,7.11125,9.25769,18.0687,10.5512,8.37609,15.2122,8.76274,8.14497,11.4912,1.56338,8.32822,5.23264,-0.0711747,-0.157082,13.2282,9.57556,6.18347,11.6408,8.78539,-7.32861,8.24173,10.0129,9.89053,4.80738,-0.382439,11.9679,0.269982,7.41478,3.75753,15.2599,8.42008,21.8984,20.1585,18.3626,17.1265,19.7542,23.8765,26.1447,25.1475,23.186,21.746,20.8797,21.1381,19.7671,23.6686,21.1406,19.7134,20.4477,18.8618,17.9327,23.6559,17.0743,14.5318,17.3848,5.69651
20.4174,11.3076,23.3994,3.31699,0.0,11.1426,11.4167,21.6265,-1.50086,24.9536,24.537,21.255,21.8966,24.3791,25.1647,25.8492,24.0848,21.4953,25.9563,24.611,22.2747,16.941,25.5594,10.2779,-4.65585,8.1703,18.4215,-14.5824,12.1367,16.574,23.4378,11.2639,22.4035,20.6156,23.3973,17.488,16.9646,22.9838,23.5507,24.3757,21.4495,22.6983,24.7008,21.9453,23.7498,5.01135,8.88473,19.869,6.63763,8.38432,6.12825,0.827282,9.32629,7.09377,14.4913,10.9326,8.10354,12.116,6.70689,7.48604,7.8191,18.2743,9.14253,8.06871,14.1798,8.66306,7.65648,10.5982,1.39775,7.48748,4.02318,-0.458197,0.100461,13.7919,10.9878,8.07868,11.4555,9.84434,-6.63706,10.3589,11.6092,10.3347,6.38911,-1.21598,11.9464,0.895428,8.15261,4.98366,14.6401,9.56836,21.8336,20.3995,17.3263,16.8537,18.8191,24.0303,25.7902,24.4648,23.3202,21.559,20.7916,20.9372,19.8079,23.5662,21.3171,19.7345,20.4088,18.7022,18.1464,23.8353,17.1623,14.6825,17.6187,6.18879
20.2719,11.3039,23.3792,3.02991,0.0,11.5311,11.9734,21.4016,-1.20195,25.1626,24.6204,21.7114,21.9809,24.4194,25.2555,25.7587,24.1723,21.8473,25.9977,24.232,21.5956,16.6412,25.978,10.0168,-5.26126,7.13614,18.2665,-15.2054,11.8455,16.564,23.6265,11.1371,22.4906,20.7234,23.4529,17.6522,17.6837,23.1539,23.864,24.5763,21.6489,22.8204,24.7904,22.0994,23.8157,6.33745,10.6093,19.2353,8.20341,9.91617,7.10314,2.15034,10.6721,8.7461,13.7321,11.6962,8.38997,12.652,7.82758,8.85739,9.6275,18.4791,10.6888,9.56001,14.7198,9.73483,8.83142,11.1394,2.94589,8.38986,5.11842,0.633865,-0.0913529,13.5943,10.4203,8.07232,12.3175,9.7661,-6.01042,9.99721,11.3144,10.2387,5.86171,-1.59172,11.7306,2.39253,8.98458,5.90541,14.9338,9.4266,21.9108,19.7483,17.937,17.0991,19.0099,24.2234,26.6731,25.0584,23.4717,22.1511,20.8967,21.0494,19.5076,23.6868,21.1405,20.0372,21.2144,18.896,18.3578,23.7487,17.6242,14.7721,17.7746,6.06704
20.922,10.9527,23.3001,2.60674,0.0,11.0576,11.0888,21.7188,-3.00277,24.782,24.4551,21.1141,21.5929,24.4179,24.9313,26.074,23.7332,21.4462,25.8829,24.0403,22.2458,17.5314,26.0344,10.8341,-4.39401,7.42544,18.3291,-15.0403,12.0831,16.9325,23.7828,11.3909,22.9113,21.3066,23.4967,18.1046,17.3991,23.4628,24.0026,25.0884,21.9494,23.2958,25.2207,22.4693,24.0277,5.52484,10.0727,19.3597,6.98627,8.81981,6.00244,0.53586,10.4386,7.86554,13.5057,10.621,8.75226,12.2203,6.28938,6.74519,8.9242,18.1249,10.11,7.82399,15.8101,8.42645,7.87183,11.6581,1.14705,8.43729,4.55088,-0.836573,-0.733297,13.1047,9.91847,7.05302,11.3929,9.00974,-5.84946,9.36721,10.4755,9.68755,7.27495,-0.513365,13.1599,2.26535,9.97521,5.70214,15.3109,9.67579,22.1134,20.0029,18.3252,16.4172,19.1781,23.7984,26.6772,25.2115,23.2683,22.1382,21.0696,21.201,19.8549,23.8629,21.5131,19.9112,21.2029,19.0711,18.6325,23.8117,18.1236,14.9717,17.9263,5.62744
20.8761,10.3611,23.8221,3.0533,0.0,11.25,11.5603,21.3514,-1.56262,25.6649,24.9787,21.6047,22.0072,24.8795,25.7968,26.0927,24.433,21.8874,26.6276,24.1256,21.7685,17.2168,26.0076,10.8429,-3.20346,7.96412,18.2365,-14.0499,12.3555,17.3643,24.2303,11.4313,23.0585,21.3443,23.9069,18.5808,17.7726,23.7581,24.6714,25.0527,21.63,23.4586,25.3859,22.3432,23.7609,5.24362,9.34932,19.7409,6.74599,8.50101,5.29213,0.146881,10.4395,7.6623,14.0873,10.4839,8.84895,12.8178,5.70125,6.82344,8.45257,18.7877,9.50362,7.5999,15.8316,8.24838,7.71362,12.3293,0.524794,8.08651,4.77206,-1.50927,-1.30171,13.7394,9.99953,6.36602,11.5618,8.93523,-5.95164,9.07326,10.3193,9.93164,7.0148,-0.272893,13.0323,3.34981,10.059,5.56993,16.0704,9.64332,22.6149,20.7054,19.1961,18.0065,20.0647,24.7296,26.7811,25.6849,24.0836,22.5421,21.2227,21.5911,20.7858,24.5078,22.1358,20.3554,21.0858,19.7601,19.3728,24.4562,17.9568,14.242,17.5624,5.64113
20.7852,10.8209,23.444,2.8365,0.0,11.2075,10.6692,20.9117,-1.69802,24.6257,24.3844,20.9875,21.486,24.1841,24.8357,25.59,23.8835,21.2117,25.7495,23.4641,21.7053,17.3795,25.861,11.0061,-5.45625,7.65595,18.4011,-13.882,12.4323,16.3731,23.1725,11.2586,22.342,20.7441,22.9494,17.8038,17.8506,22.8822,23.4061,24.4455,21.4639,22.7251,24.7958,21.9048,23.7832,4.29878,9.05912,19.7009,5.80217,8.38178,4.28419,-0.790068,9.76565,6.79377,13.8424,10.0086,9.23217,11.9919,5.01566,5.83616,7.8446,18.3534,9.28926,6.81495,14.6991,7.50913,6.95049,10.922,0.26775,8.33282,3.78726,-1.19451,-0.427879,13.3745,9.41543,5.02258,10.8924,8.20939,-6.73826,7.95702,9.20687,9.48656,6.9871,0.20692,13.3855,3.04589,9.88471,6.30883,16.1408,9.94657,22.3052,20.6744,17.9897,17.3088,19.5074,24.2502,26.5066,25.1453,23.4652,21.9929,21.0949,20.9935,19.8087,23.6078,21.3538,20.0844,21.1339,19.0726,18.4759,24.05,17.6432,14.4581,17.4618,5.58097
21.3927,10.9059,23.707,2.58278,0.0,10.811,11.2241,21.8879,-2.52977,25.4424,24.8382,22.0837,22.21,24.6899,25.3978,25.937,24.816,21.9653,26.3112,24.264,22.404,17.7214,26.1151,11.2278,-4.35359,7.67891,18.9036,-13.8863,12.0929,16.9296,23.7054,11.6729,22.9605,21.2539,22.7458,18.0987,16.9195,23.5594,23.7318,25.2027,22.392,23.6875,25.4369,22.8806,24.4208,5.01155,9.70408,19.9339,6.59737,9.02069,5.33121,0.0393108,10.1285,7.72562,13.7305,10.1971,9.16152,12.1344,6.29292,7.10616,8.53873,18.2524,10.1267,7.78917,15.1257,8.10784,7.50925,11.4605,0.946272,8.55791,4.63687,-0.804649,-0.740865,13.147,9.61516,6.6503,11.0952,8.48163,-7.7787,8.71811,9.8007,9.36303,6.00338,-0.298649,13.0794,3.05007,10.0785,6.20161,16.1714,10.0322,22.7046,21.1667,18.9145,17.2452,19.5034,24.7194,27.1631,25.6148,24.0681,22.4963,21.4993,21.481,20.3954,23.9271,21.8937,20.3257,21.4256,19.3934,18.6239,24.407,17.252,14.4438,17.3711,6.19142
21.0539,10.3337,23.4627,3.63698,0.0,12.1063,12.0882,21.4572,-1.01961,25.2869,24.5904,21.713,22.0889,24.5553,25.0334,26.0205,24.5675,21.6551,26.1122,24.4475,22.2999,18.0174,26.0351,11.6633,-5.14219,7.59724,18.7734,-13.9741,12.5127,17.1247,24.0793,11.4929,23.1573,21.3927,23.8385,18.2751,17.792,23.9689,24.5136,25.2391,22.0069,23.7356,25.4585,22.7298,24.4803,5.57466,9.74795,19.4192,7.01089,8.92961,4.47403,-1.14125,10.0457,7.85434,13.6836,10.7311,8.87473,12.4006,5.61989,6.75499,8.495,18.246,10.0848,8.01789,15.3887,8.41034,8.06036,11.9537,0.209219,8.34124,4.71532,-0.998694,-0.526661,13.271,9.83502,6.19484,11.6112,8.9634,-6.70677,8.65311,10.1304,9.8808,6.45037,0.502183,13.3,2.41052,9.33763,5.80379,16.1394,9.78454,22.3607,20.2234,19.101,17.1622,19.24,24.1472,26.5341,25.085,23.4842,22.2991,21.2594,21.2808,20.1488,24.2034,21.7306,20.0546,21.0206,19.4186,18.8421,24.1331,17.8714,14.6501,17.9683,5.73971
21.0468,11.0098,23.707,2.8415,0.0,11.6673,11.3229,21.7261,-2.12497,25.642,24.8675,21.8646,21.7718,24.8032,25.5914,25.8556,24.839,21.9714,26.4527,24.6167,22.122,17.314,25.8088,10.969,-5.15801,7.44947,18.4809,-14.827,12.5073,16.9737,24.0258,11.5195,23.0018,20.9926,23.774,18.1519,17.6594,23.9043,24.7667,25.0173,22.0855,23.8263,25.1374,22.7992,24.2942,3.96051,9.09141,19.688,5.5715,8.15388,4.30286,-1.13251,9.60393,6.79995,13.4372,9.82655,8.68479,11.5864,5.12657,6.38295,7.94156,17.8849,9.20186,6.9819,14.9928,7.41016,6.62705,11.3677,0.230069,7.99897,3.39258,-1.14962,-1.08521,12.7764,9.70952,6.0278,10.5861,8.43941,-7.19423,8.25815,9.63827,9.20106,6.27176,-0.314624,12.8835,3.04935,9.75133,5.99084,15.7593,9.78346,22.4639,20.5671,18.8371,16.8793,19.52,24.4572,26.8677,25.3296,23.7326,22.0843,21.2024,21.5157,19.7579,24.1415,21.2877,19.9857,20.7911,18.8064,18.0309,24.1381,17.3439,14.329,17.6696,5.49602
20.8686,11.0479,23.4146,2.66374,0.0,10.6229,10.4395,20.7857,-2.42847,24.761,24.4309,21.0659,21.871,24.2443,24.8029,25.529,23.8972,21.1569,25.7378,24.111,21.8829,18.1398,25.8114,12.0424,-6.00999,6.78565,18.685,-15.4971,11.6453,17.0173,23.577,10.9846,22.5469,20.9599,23.8821,17.6987,16.3868,23.1235,23.7822,24.7367,21.8146,23.0039,25.0052,22.236,23.939,3.71034,8.86411,19.0173,5.03724,7.98841,2.18523,-2.94992,9.22747,6.63551,12.9633,7.99678,9.01549,11.2343,3.00338,3.80523,7.54624,17.847,9.17811,5.35215,14.8531,5.60478,6.10135,11.0783,-0.83028,8.1955,3.3202,-2.12125,0.121137,12.1608,7.93376,2.46685,9.72537,5.79787,-7.75802,4.60441,5.99199,7.81345,5.67529,0.588203,12.9462,2.43279,8.55452,4.78092,16.4586,8.45116,22.2498,20.5127,18.045,16.6165,19.2038,24.3171,26.3557,25.2075,23.524,21.9364,20.9747,21.3909,20.1735,24.1195,21.6584,20.349,21.1879,19.0977,18.5057,23.9558,17.6869,14.7843,17.5878,5.5578
20.9278,11.1031,23.4734,3.22776,0.0,11.107,11.3169,21.5728,-1.20693,25.3374,24.5025,21.5081,21.7919,24.4058,25.0966,25.6419,24.1067,21.9237,25.9393,24.1416,22.1301,17.2062,25.7956,10.3787,-5.6947,6.99391,19.1097,-14.3904,12.7332,16.8262,23.4704,11.7189,22.6127,20.9694,23.835,17.8511,17.8156,23.2601,23.829,24.8384,21.9003,23.3298,25.0193,22.4337,23.9904,5.21098,10.139,18.5624,6.60432,9.13504,3.25625,-2.54697,10.6301,8.05334,13.3019,10.1873,9.32079,12.4008,4.5371,5.74663,9.21467,18.2926,10.3637,7.45829,15.3009,7.84095,7.76292,11.7361,-0.189001,8.84601,4.68211,-1.51714,-1.04534,12.9632,9.00188,4.43148,11.3205,7.68643,-7.14532,6.74918,8.35303,9.16206,6.02846,-0.383983,11.9751,0.715473,7.97337,3.55144,14.6256,8.1914,21.5403,19.7904,18.5693,17.4466,19.4822,24.1546,26.3732,25.0277,23.3986,22.0903,21.1487,21.5709,20.3522,23.9194,21.8356,20.0611,20.8565,19.4251,18.8727,23.8868,17.8338,14.8006,17.9725,5.89435
21.6994,10.6033,23.6423,2.65647,0.0,10.1582,9.85872,21.198,-2.97251,25.3513,24.7198,21.705,21.9832,24.637,25.43,25.9391,24.4107,21.861,26.2078,24.0788,22.0455,17.9527,26.0432,11.907,-4.18323,7.07957,18.2308,-13.2164,12.4289,16.9671,23.9297,11.533,22.7577,20.8585,24.1196,17.8643,18.1453,23.6404,24.259,24.904,21.5835,23.5741,25.0857,22.4102,23.9908,4.31517,8.35793,19.4825,5.09251,6.82632,1.68429,-2.56936,9.51625,5.94274,13.8109,9.4836,8.23134,12.1552,2.73048,4.14026,7.20842,18.5841,8.39974,5.76004,14.8341,6.92404,7.00244,11.5925,-1.49289,7.27355,3.59723,-2.36331,-0.543114,13.1485,8.84976,3.85264,10.6917,7.20031,-7.61659,6.72011,7.78079,8.93104,5.27018,-0.0531144,12.6378,1.6888,8.38653,4.7144,16.1715,9.25153,22.2773,20.9801,18.9983,17.882,20.374,24.5883,26.7929,25.6789,23.6868,22.0499,20.8421,21.3987,20.0471,23.8829,21.7107,20.05,20.5715,19.3379,18.9238,23.9087,17.8035,14.8566,17.6701,5.99275
20.7743,10.5072,23.2856,3.04784,0.0,10.2231,10.8029,21.3924,-1.34109,24.5525,24.4169,21.4603,21.9693,24.3162,24.9518,25.7983,24.0254,21.4737,25.8495,24.4985,22.0512,17.6949,25.5672,10.9133,-3.95605,7.46077,18.3915,-13.3848,12.9251,16.6655,23.4688,11.7185,22.5122,20.9687,23.9508,17.9127,18.4699,23.2428,23.929,24.8392,21.5501,23.2437,25.111,22.2482,23.857,4.92366,9.36761,19.7892,5.80355,7.77793,2.24021,-2.91279,10.1133,7.02652,13.7944,9.73566,9.33422,12.146,3.16562,4.39082,8.30952,18.3504,9.37852,6.14889,15.0661,7.12239,7.40635,11.4373,-1.17795,8.36862,4.36633,-2.50525,-1.29158,13.3088,9.41773,4.06932,10.9765,8.16428,-7.04827,7.49412,9.39093,9.58818,6.46525,-0.220471,12.8074,3.34612,9.96908,6.49852,15.6975,9.81633,22.3189,21.151,18.2647,17.3191,19.797,24.3424,26.5292,25.4135,23.699,22.3012,21.0714,21.2002,20.4068,24.0492,21.9599,20.2289,21.2141,19.4839,18.9956,24.1427,18.4015,14.8297,17.9104,6.04679
21.3397,11.0613,23.6637,2.57273,0.0,10.3493,10.5695,21.4381,-2.80543,25.5107,24.7605,22.0515,22.1783,24.7117,25.4176,25.8994,24.6834,22.2083,26.228,24.6531,22.2947,16.8947,26.4194,10.0212,-3.14852,8.00729,18.2588,-13.8766,12.1403,16.791,23.7555,11.3811,22.8808,21.009,23.4561,18.1819,17.0845,23.514,24.0323,24.8394,21.6379,23.3707,25.1221,22.3754,23.9129,4.82197,9.46154,19.4068,6.12783,7.80182,3.52738,-1.74896,10.2462,7.36771,13.9579,10.0041,9.43833,12.5306,4.5681,5.75126,8.42393,18.3436,9.4655,6.96875,15.089,7.27632,7.42953,11.9094,-0.762995,8.40802,4.4005,-2.31862,-2.79747,13.4328,9.9493,5.56093,11.3394,8.2903,-5.41768,8.69966,10.0895,9.67725,6.70056,-0.362413,12.3567,2.44881,9.05209,5.60188,14.983,9.59591,22.1144,20.0992,18.7979,17.3879,19.244,24.3612,26.3401,25.1562,23.678,22.0343,21.1776,21.3798,20.2037,23.4441,21.6309,19.8611,20.8114,19.3047,18.6952,24.1656,17.9004,14.8575,18.0224,5.67464
20.5893,10.8443,23.5469,2.78204,0.0,10.5945,10.7708,21.8191,-2.19827,24.6618,24.5883,21.4459,21.7966,24.3652,25.1645,25.7494,23.9525,21.3604,25.9027,23.8955,21.7224,17.0844,25.6814,10.6856,-4.19156,8.24028,18.5028,-14.8049,11.8086,16.7342,23.5044,11.0463,22.8556,20.9107,23.0482,17.8528,16.7527,23.384,23.7922,24.603,21.5111,23.0365,24.9022,22.103,23.8416,4.5553,9.3792,18.8437,5.84807,8.16051,3.39028,-1.79958,9.6994,7.18761,13.3227,9.5334,9.46408,11.7325,4.57165,5.76059,8.30247,17.9559,9.45488,6.74948,14.9412,7.1598,7.12935,10.6206,-0.444633,8.61136,3.99107,-2.34435,-0.987453,12.6996,9.16894,4.63474,10.7302,7.64862,-7.32378,7.12028,8.54033,9.04699,5.68176,-0.0558942,12.4524,1.0571,8.89789,4.38755,14.8569,8.43212,21.882,20.093,17.7649,16.6645,19.3054,24.2686,26.5589,25.256,23.63,22.2285,21.0457,21.2463,20.4052,23.9471,21.7098,20.2413,20.7663,19.5412,18.6151,23.9918,17.6706,14.8617,17.9751,6.09611
20.9155,10.7117,23.1968,2.96225,0.0,11.4885,11.8121,21.9464,-2.39385,24.9838,24.465,21.7523,22.0043,24.4869,25.0598,25.9993,24.2636,21.8212,25.9877,24.4036,21.8154,17.2657,25.8027,10.6099,-4.41318,7.20133,18.7943,-13.9073,12.1021,16.4631,23.5241,11.2725,22.7298,21.218,23.1912,17.9552,17.4243,23.3858,23.7156,25.1866,22.1435,23.4777,25.1872,22.5355,24.0605,4.06663,8.65496,19.7156,5.5416,7.7157,3.85369,-1.46115,9.75817,6.49035,13.8351,9.52079,8.92665,11.7405,4.70925,5.54938,7.66343,18.1065,8.57176,6.3534,15.2274,7.13424,6.55215,11.4775,-0.486214,8.00252,3.7766,-2.09536,-1.47308,13.2275,9.80532,5.70076,10.1849,8.46779,-7.83333,8.56534,9.96609,9.16278,5.11638,-0.273047,12.725,2.26924,9.66648,5.73114,15.5319,9.71174,22.4703,20.3779,18.5337,16.8119,19.2185,24.265,26.6451,25.1353,23.6493,22.0875,20.9473,21.2994,20.3343,23.8419,21.7535,20.2199,20.9389,19.2525,18.6275,24.1358,17.9408,14.9544,17.9668,5.74401
21.014,10.2313,23.6333,2.90488,0.0,11.5722,11.791,21.7738,-1.64949,25.447,24.9487,21.7618,22.0349,24.8388,25.7213,26.1173,24.3574,21.9928,26.4527,24.521,21.7231,16.5471,26.1581,10.0786,-3.36639,7.0561,18.3866,-12.667,12.3933,17.09,23.8875,11.7475,23.1491,21.2123,23.6584,18.3349,17.7743,23.7958,24.3715,25.1792,21.9393,23.5087,25.4019,22.5463,23.9299,4.34432,8.99341,20.0502,5.86155,7.67618,4.75805,-1.06662,9.82067,6.80413,13.9187,9.62377,8.54807,12.1209,5.50238,6.22941,7.90601,18.5213,9.06695,6.8116,14.7637,7.30324,6.86669,11.5365,-0.729352,7.56855,4.21855,-2.46405,-3.49274,13.2641,9.89429,6.44907,10.7107,8.57904,-7.52901,8.64125,9.86078,9.56676,6.35823,-0.528225,12.4934,2.68205,9.93334,5.88204,15.3926,10.0231,22.4258,20.5297,19.122,17.5467,19.9947,24.4511,26.9804,25.53,23.7113,22.3268,21.0935,21.5738,20.3174,23.884,21.8461,19.9637,21.1135,19.2377,19.006,23.9475,18.1111,15.1673,18.1553,6.22564
21.2251,10.6451,23.5768,2.74514,0.0,11.3104,11.5223,22.0648,-2.39421,25.2712,24.7183,21.9172,22.0295,24.6045,25.1215,25.9831,24.4978,21.9559,26.057,24.2416,21.8362,17.2156,25.9732,10.2577,-6.59048,7.06403,18.6529,-13.2611,12.2412,16.5358,23.2152,11.5088,22.6176,21.1526,23.0065,17.7001,17.1524,23.2445,23.7573,25.1123,22.0704,23.4164,25.2885,22.5828,24.3411,4.077,8.91543,19.3564,5.55239,7.56621,4.41462,-0.201699,9.54903,6.62129,13.6298,9.39648,9.0133,11.5363,4.85872,5.80236,7.78071,18.1166,8.83271,6.67648,14.7752,7.13204,6.49653,10.7879,0.141675,7.97666,3.65262,-1.43542,0.873048,12.9767,9.61945,5.49401,10.2932,8.35959,-7.40417,7.88355,9.73161,9.18205,5.31535,-0.942935,12.1199,2.60033,9.74129,6.07721,14.8714,9.07574,21.9799,20.328,18.0747,17.1801,19.4854,24.328,26.6968,25.323,23.6443,22.1902,21.4686,21.6563,20.2178,24.1407,21.7868,20.2998,21.4537,19.376,18.858,24.2006,17.3847,14.2392,17.3606,6.08114
21.3187,10.499,23.6955,3.21,0.0,11.3226,11.5473,21.9107,-1.46086,25.5801,24.8678,21.7503,21.7382,24.7911,25.6975,25.8981,24.44,21.8995,26.4789,24.1533,22.4104,17.9081,26.1293,11.4581,-2.96905,7.89991,18.3198,-13.2085,11.8635,17.2253,24.0734,11.5021,23.0839,21.3816,23.172,18.4142,16.7233,23.892,24.0608,25.3576,21.9601,24.0055,25.5429,22.8467,24.4858,5.21228,9.77833,19.5778,5.87397,8.04972,4.32097,-0.904943,10.7846,7.32085,14.2377,9.91989,9.05375,12.7982,4.98158,5.66292,8.78488,18.9429,9.54165,6.44427,14.8905,7.09688,7.67912,11.692,0.0551312,8.32987,5.15999,-1.61223,1.33907,13.496,9.66432,5.15892,11.333,8.33177,-7.01822,7.93472,9.25956,9.69685,7.19203,0.461412,13.6014,2.51979,9.37913,5.59699,15.8216,9.45229,22.1039,20.273,18.845,17.8311,19.7355,24.7034,27.2276,25.6197,23.828,22.5232,21.4705,21.4518,20.3422,23.6081,21.73,20.5509,21.5756,19.4321,18.7044,24.1272,17.8944,14.9735,18.0096,5.98927
21.06,11.1605,23.5362,3.25029,0.0,11.0361,10.9778,21.2203,-1.41808,25.0614,24.6615,20.9795,21.657,24.4269,25.1705,25.8161,24.0319,21.0959,26.0351,24.3221,22.3712,18.0799,25.6405,11.7331,-3.37945,7.72362,18.2944,-13.5038,11.5161,16.4709,23.4052,10.8062,22.65,20.9434,22.7074,17.8116,15.9997,23.1484,23.4326,24.8678,21.5102,23.1255,25.0518,22.1536,24.1282,5.58139,10.3917,19.0405,7.15098,9.15296,4.24046,-2.14657,10.532,8.3399,13.4624,10.683,9.51403,12.3174,5.95407,7.20789,9.19634,18.4735,10.5773,8.37963,15.1886,8.50967,8.00437,11.5997,-0.309705,9.0122,4.90691,-1.88257,-0.127228,13.0602,9.7288,6.40212,11.4929,8.73668,-6.71679,8.62068,9.95282,9.66083,7.66698,1.42845,13.9068,2.39325,9.69375,5.29894,15.841,8.93032,21.8564,19.867,18.693,16.9245,19.3094,24.181,26.758,25.2107,23.4787,21.9856,21.0061,21.3982,19.4295,23.7795,21.163,19.8574,21.056,18.6389,18.0781,23.8803,17.4677,14.6001,17.7871,5.41233
21.026,11.268,23.4932,3.13842,0.0,11.4749,11.7216,21.8546,-1.1495,25.2172,24.6213,22.0127,21.809,24.6072,25.1454,25.8849,24.656,22.0694,26.2278,23.9318,22.139,17.2478,26.2174,10.6447,-3.7894,7.4795,18.6198,-13.6186,12.6363,17.1338,23.9172,11.2875,23.155,21.3819,24.4564,18.2315,18.3644,23.6703,24.2206,25.1132,22.0968,23.5441,25.3056,22.6661,24.295,4.54005,8.7106,19.6929,6.08494,7.97281,4.16664,-1.56096,8.78892,6.97966,14.3231,10.0289,8.4879,11.901,5.16282,6.1974,7.47589,18.7874,9.1556,7.06945,13.5574,7.65826,7.04571,10.0197,-0.306641,7.82328,3.72642,-1.91101,-0.996861,13.4933,10.2663,6.05327,10.9487,8.96464,-7.43246,8.94709,10.4656,9.87112,7.01277,0.299478,13.5129,2.09749,9.87342,5.31027,15.5852,9.54538,22.1555,20.4048,17.7185,17.1873,19.6403,24.6807,26.681,25.4768,23.9071,22.472,21.4897,21.4512,19.8588,24.1343,21.5673,20.2838,21.7252,19.2219,18.7552,24.2107,18.5124,15.5124,18.6436,5.36866
21.0368,11.4836,23.6252,2.82215,0.0,11.2446,11.6925,21.7606,-1.52493,25.2515,24.6923,21.4913,21.4689,24.5674,25.1522,25.836,24.1923,21.7768,26.1864,23.9295,21.504,16.1372,26.1143,9.55103,-5.53893,8.17714,18.5861,-14.114,12.7539,16.9117,23.9392,11.7483,22.9969,21.2754,23.2344,18.183,17.6238,23.7596,24.2867,25.1477,21.6936,23.503,25.3612,22.4342,24.2224,4.77312,9.03416,19.7352,6.31762,8.00568,4.79049,-0.443347,9.34623,6.97808,14.1629,10.4333,8.74083,11.9493,5.56376,6.6356,7.79235,18.5009,9.19825,7.46317,14.1411,8.22277,7.3396,10.5733,0.507844,8.06512,3.64548,-1.39361,0.137988,13.4968,10.2955,6.57668,11.2245,9.17099,-6.74132,9.06382,10.6744,9.95069,6.18788,-0.305444,12.2217,3.02919,10.1616,6.3498,14.4862,9.87908,22.0477,20.8857,17.966,16.8976,19.5351,24.3008,26.163,25.049,23.624,22.254,21.2158,21.6303,20.8818,24.4125,22.2891,20.0983,21.0517,19.915,19.5701,24.0334,17.9298,14.3472,17.3914,5.9804
20.8884,11.1248,23.4479,3.05922,0.0,10.8725,11.0342,21.6407,-1.7396,25.0753,24.7084,21.5987,21.874,24.706,25.2714,25.9375,24.3095,21.9626,26.2657,24.639,22.3355,17.5562,26.0888,10.8296,-4.13914,7.95075,18.5883,-14.0416,12.6177,17.4775,24.1876,11.6167,22.9029,21.1448,24.225,18.4715,17.9281,23.5354,24.3815,24.8514,21.8593,23.1603,25.1356,22.2744,23.8317,4.61254,9.68466,19.0179,5.97895,8.76816,5.54591,0.875596,9.84138,7.44668,12.8743,8.92616,9.10617,11.7829,5.81758,6.21787,8.4071,17.8922,9.95714,6.79218,14.7953,6.81101,6.87111,11.0188,1.48453,8.49952,4.12593,-0.0197732,0.279689,12.2429,8.73779,5.98501,10.3168,7.39073,-7.06127,7.85939,8.9157,8.34089,5.00144,-0.411146,12.0126,1.69818,8.60888,5.0234,15.1688,8.8682,22.3833,20.3556,17.87,16.9073,19.0272,24.7428,26.6541,25.3973,24.0439,22.305,21.334,21.6805,20.1254,24.2259,21.6167,20.1706,21.2363,19.3555,18.7641,24.2843,17.9881,15.1882,18.0862,5.92666
20.9518,11.5932,23.6683,3.02133,0.0,11.2128,11.5947,22.1652,-2.38828,25.2983,24.7303,22.051,22.3049,24.5592,25.4782,25.8825,24.5596,22.2199,26.0114,24.4266,22.5309,17.377,26.2179,10.8185,-4.48235,7.67704,18.9677,-14.5316,12.013,16.5395,23.7704,11.3079,23.1133,21.2658,22.2384,18.1516,17.212,23.7417,24.1538,25.0731,21.9779,23.5062,25.1893,22.5701,24.1224,3.93566,9.44507,19.0199,5.34007,7.73688,3.5015,-1.10617,9.97933,6.78909,12.7398,8.99979,9.33234,11.6474,3.82875,4.75778,8.25049,17.6636,9.31423,6.05159,15.5342,6.45042,6.42797,11.7043,-0.261042,8.56524,3.65315,-1.90234,-0.434005,12.1165,8.31059,4.92919,10.1211,7.43732,-6.7918,7.44695,9.06421,8.23763,6.33011,-0.467446,12.9097,2.25014,9.28451,5.3398,15.9619,8.9726,22.515,20.129,18.7418,16.6894,19.157,24.2526,26.6806,25.3451,23.5593,22.4867,21.3875,21.5088,20.4062,24.0219,21.7419,20.482,21.4952,19.4627,18.9943,24.2522,18.3458,15.0227,18.1716,6.06094
21.2275,11.3315,23.4593,2.8706,0.0,10.8198,11.0661,21.6385,-1.66846,25.6297,24.6734,22.2354,21.9566,24.7318,25.5217,25.7772,24.7247,22.2543,26.3951,24.2155,22.0393,17.0569,26.2115,10.226,-3.6921,7.51312,18.2894,-13.9788,11.9378,16.9978,24.1366,11.3531,23.2454,21.4567,23.6577,18.3567,17.0178,23.857,24.5013,25.2401,21.9838,23.6423,25.4769,22.5998,24.2065,5.97889,9.70754,19.8074,7.04807,7.93438,3.572,-2.1446,10.4398,7.84812,14.9715,11.2348,8.44357,13.3952,4.97894,6.60817,8.8051,19.1048,9.66363,7.82236,14.7034,8.59791,8.58183,11.6389,-0.649016,7.82152,5.53384,-2.04391,-2.41478,14.4046,10.7301,6.09284,12.3839,9.57528,-7.12102,8.74883,10.5661,10.9306,5.99621,-0.642473,12.3183,1.36445,8.55506,4.95051,15.0101,9.7858,22.2041,20.1822,18.7475,18.2973,19.8213,24.4586,27.1038,25.4575,23.7534,22.5099,21.4873,21.6399,20.6043,24.1208,21.9381,20.4248,21.0873,19.6768,19.0116,24.0908,18.0351,14.9244,18.0643,5.69391
20.3588,10.8858,23.4424,2.71286,0.0,10.858,10.8455,21.83,-2.35943,24.8899,24.4874,21.1554,21.3746,24.4569,25.292,25.736,23.7881,21.3582,25.9808,23.8,22.1836,17.1531,26.2643,10.4254,-4.40066,7.16825,18.1557,-13.772,12.4425,16.8225,23.6894,11.5926,22.8834,21.1345,23.6464,18.0661,17.6014,23.4482,24.076,24.7796,21.5223,23.0318,25.0912,22.0745,23.9911,5.6538,10.1008,19.7318,7.14121,8.90724,5.02525,-0.944836,10.5562,7.84238,14.3274,10.8096,8.96472,12.5106,6.07838,7.27473,8.94893,18.9211,10.1892,8.18171,15.0865,8.76146,8.13153,11.5445,0.461329,8.57862,4.92627,-1.28653,-1.27019,13.6525,10.5557,7.08402,11.5738,9.45044,-7.19833,9.50124,10.8478,10.1869,5.51571,-0.782151,11.9999,2.94645,9.63581,6.50084,15.3063,10.1058,22.1575,20.0667,18.4157,17.8789,19.8122,24.0468,26.8145,25.2773,23.1505,21.7831,21.0233,21.336,20.0761,24.2813,21.5978,19.8347,20.3015,19.1264,18.9497,23.6263,17.7656,14.7846,17.6774,5.69592
20.9622,10.605,23.476,3.36789,0.0,11.2577,11.5374,21.7412,-1.17209,24.6783,24.6778,20.8768,21.7483,24.5144,25.4472,26.0488,23.6555,21.2007,25.9636,24.3011,22.3399,18.4373,26.0238,11.7672,-4.53552,7.98475,18.7982,-14.581,12.5571,17.0579,23.7776,11.391,23.0243,21.0822,23.8351,18.0462,17.5089,23.6595,24.2263,24.9636,22.0399,23.4,25.1923,22.5833,24.3316,5.52652,9.32988,19.1221,7.73465,10.0673,6.67632,0.388608,9.19471,8.12493,13.0793,10.9667,8.95402,11.6109,7.79756,8.75939,8.09479,17.8445,9.99246,9.22772,14.9885,9.10794,7.77761,10.6755,2.35852,8.41697,4.21072,0.402766,-0.481483,12.5994,9.55254,7.76159,11.2059,9.10615,-6.21155,9.50668,10.5602,9.44023,6.85605,0.230874,12.7871,1.19591,8.2575,4.76945,15.7072,8.97427,21.9698,19.9219,18.0221,16.427,19.1981,24.1667,26.4807,25.1482,23.3059,22.1694,21.1649,21.36,19.9844,24.0292,21.5769,20.2149,20.9329,18.8953,18.4726,23.8317,17.4,14.9062,17.7361,5.38972
20.6773,11.208,23.2697,3.39036,0.0,11.5553,11.4136,21.4769,-1.44424,24.7801,24.4702,21.3501,22.1503,24.4623,24.9994,26.011,24.0185,21.3556,25.9462,24.4311,22.6034,18.033,25.9474,11.1658,-4.63159,6.97784,18.5157,-14.5061,11.998,16.7636,23.8651,10.9717,22.9159,21.0377,23.3412,18.1448,17.2289,23.5487,24.3911,24.8598,21.8171,23.3969,25.0261,22.389,24.1737,5.4178,9.82761,19.8813,7.04272,9.11922,5.65132,-0.659523,10.48,7.88157,13.8262,10.5198,9.10186,12.1208,6.71309,7.86144,8.69515,18.2876,10.0041,8.19663,15.6109,8.30793,7.76087,12.0978,0.620987,8.60207,4.896,-1.02781,-1.42247,13.094,9.68855,7.47141,11.1543,8.76735,-6.38245,9.46722,10.3196,9.42679,6.96302,-0.553587,12.7274,1.74859,9.16685,4.90959,15.4075,9.09333,22.5317,20.2205,18.9198,16.8594,19.1417,24.2572,26.514,24.8994,23.652,22.3062,21.3092,21.3824,20.198,24.1908,21.4905,20.1567,21.214,19.3249,18.3794,24.3019,17.6677,14.6625,17.935,5.49586
21.1441,11.0454,23.5227,2.64272,0.0,10.9317,10.8305,21.8624,-2.42727,25.6164,24.7771,22.1287,21.8526,24.6773,25.5576,25.9319,24.7604,22.1575,26.2847,23.8949,21.7345,17.0811,25.9814,10.074,-4.8234,7.73377,18.5882,-14.9243,11.891,16.5696,23.8027,11.2428,23.0004,21.007,22.325,18.0448,17.1897,23.6299,24.5902,25.0691,22.1545,23.5499,25.1514,22.618,24.0794,4.29513,9.03485,19.6692,5.42626,8.439,5.93556,1.49671,9.6935,6.79297,14.0104,9.66201,8.41096,12.1328,6.51908,6.99352,7.83087,18.5395,9.21262,6.9665,15.1999,7.13093,6.87518,11.485,1.51089,7.77604,3.71395,-0.0630505,-1.96914,13.4008,9.88327,6.80356,10.6223,8.40383,-6.42461,8.65676,9.90373,9.40406,4.9235,-1.38707,11.5135,1.5527,8.89631,5.06574,15.3801,9.31969,22.196,20.7494,18.3127,16.7137,19.2696,24.2872,26.188,24.9869,23.5035,22.2751,21.2395,21.6055,20.3304,23.817,22.0101,20.1886,21.1917,19.4601,18.9916,24.0768,17.813,14.4865,17.5356,5.18344
20.9106,11.4031,23.414,3.1908,0.0,11.5073,11.5435,21.5603,-1.42772,24.8536,24.6434,21.3797,22.0768,24.503,24.9717,25.7956,24.0934,21.5831,26.0521,24.6149,21.8138,17.6154,26.0391,11.0422,-4.33328,7.9021,18.5592,-14.8976,12.2641,16.5588,23.4486,11.7897,22.7888,21.2785,22.4225,18.0443,17.2016,23.262,23.8198,24.8786,21.9542,23.2694,25.1247,22.4246,24.2136,5.91425,9.55839,19.837,7.84851,9.59076,6.33964,0.219763,9.73296,8.23991,14.4192,11.2147,8.48964,12.3876,7.26512,8.26774,8.55331,18.3088,9.91538,9.13666,14.7355,9.05182,8.30619,11.2336,1.32112,8.10857,4.71514,-0.803842,-1.57795,13.6371,10.5504,8.06445,11.8557,9.62175,-6.40073,9.85086,11.0405,10.0845,7.28451,0.680795,13.2164,1.73503,9.08924,5.47345,15.5912,10.0729,22.1391,20.0678,18.1903,16.8241,19.2093,24.5094,26.6948,25.2769,23.8515,22.3397,21.4296,21.026,19.7334,23.8153,21.4019,20.1961,21.6893,18.9344,18.3697,24.3289,17.5915,14.9609,18.1374,5.80329
21.2124,10.8978,23.6785,2.89079,0.0,10.6699,10.6644,21.3029,-1.69775,25.1288,24.7385,21.3548,22.0747,24.6058,25.3405,25.8834,24.1556,21.6673,26.1304,24.621,22.1268,17.3126,26.0243,10.7966,-3.83709,8.08443,18.6963,-14.2441,12.2977,17.3196,23.761,11.3837,22.8291,21.0756,24.077,18.0371,17.4294,23.5779,24.1274,25.1314,21.8452,23.51,25.2744,22.4336,24.0741,4.91036,9.30868,19.433,5.88342,8.42618,3.87515,-1.43788,9.91866,7.34914,13.7496,10.285,8.69965,12.5076,4.95596,6.174,8.33793,18.449,9.46913,7.14542,14.9084,7.70019,7.45783,11.6378,-0.310322,8.14511,4.41713,-1.59796,-1.61894,13.272,9.84242,6.38142,11.2711,8.94624,-6.29069,9.35388,10.54,9.56774,5.62998,-0.490406,12.1789,2.90409,10.0865,5.87405,15.6232,9.78062,22.6111,19.659,18.9957,17.5598,19.3787,24.3245,26.688,25.1383,23.6943,22.6587,21.4584,21.5207,20.5353,23.9267,22.0616,20.3291,21.5652,19.7614,19.3482,24.2195,18.1542,14.679,18.0199,5.34169
21.1042,10.8595,23.3711,3.2532,0.0,11.2814,11.5741,21.6315,-0.856751,24.9717,24.5132,21.6254,21.766,24.3022,25.0289,25.7631,24.2297,21.7577,25.8122,24.2868,22.2258,17.7993,25.8955,10.9178,-3.93655,7.41165,18.0767,-14.8385,12.2724,16.7135,23.5542,11.2285,22.8114,21.0782,23.3565,17.9449,17.9372,23.3261,23.9408,24.9783,21.0866,23.1298,25.1919,22.0048,23.8842,5.18458,9.78715,18.6672,6.97561,8.96732,5.62927,0.344837,10.1033,7.95405,13.5339,10.3988,8.71673,12.1048,6.24486,7.26858,8.64594,18.4842,9.89527,7.94087,15.1216,8.25931,7.44107,11.5503,1.23877,8.26253,4.45138,-0.843344,-1.45816,13.3059,9.59678,6.29659,11.1232,8.426,-6.42067,8.07086,9.6163,9.62598,5.70733,-0.401863,12.3785,0.7834,7.98823,4.30551,15.1923,7.76534,22.118,20.4041,18.1375,17.1499,19.4145,24.3916,26.5821,25.1855,23.685,22.4029,21.1177,21.2472,20.4178,23.7992,21.7301,20.5747,21.1242,19.4544,18.7848,24.0684,17.8886,14.956,18.0532,6.00275
21.6351,10.5482,23.8178,3.38955,0.0,11.3582,11.6571,21.5125,-0.702591,25.4222,24.8688,21.795,22.0492,24.8263,25.4814,26.1208,24.4975,21.9206,26.4108,24.1123,21.9745,17.4085,26.3285,11.3015,-2.77898,8.44392,18.5309,-14.9083,12.3592,17.3833,24.0755,11.4296,23.3611,21.649,23.9415,18.5493,17.695,24.0497,24.7403,25.6498,22.0449,23.9374,25.7344,22.7416,24.1034,5.39596,10.3921,19.8731,7.09078,8.97506,5.1909,-0.401913,10.8886,8.22329,14.0743,10.6788,9.66542,12.6893,6.38401,7.48392,9.34617,18.8848,10.3439,8.50878,15.5195,8.54941,7.87397,11.7087,0.846558,8.73734,5.38226,-0.887324,-2.26292,13.6407,10.5133,7.5885,11.5924,9.50288,-6.32184,9.84965,11.3091,10.0767,6.76392,0.0725957,13.3743,3.13886,9.9747,6.28283,15.7795,10.2118,22.3872,20.7102,18.4983,17.9996,20.5586,24.4612,26.6176,25.5794,23.9985,22.7244,21.5256,21.5958,20.5404,24.0762,21.9681,20.3624,21.1632,19.6869,19.1587,24.3109,18.3237,15.3554,18.0233,6.01051
20.9218,10.7777,23.7701,3.34673,0.0,11.4248,11.7828,21.9335,-0.672023,24.9801,24.6301,21.39,21.7282,24.5195,25.3268,25.7458,24.1962,21.6822,25.9771,23.8081,21.7988,17.75,26.0471,11.0323,-5.13401,7.47489,19.2686,-15.2994,12.5258,16.9305,23.6718,11.5902,22.9184,21.2772,23.6305,18.0304,17.6662,23.5172,24.0434,25.1742,22.2381,23.6118,25.3211,22.7498,24.4984,4.99817,10.2624,18.6975,6.49961,9.71536,5.40403,1.17916,10.5777,8.15269,12.7994,9.69313,9.67498,12.0098,6.11545,6.89139,9.00209,17.7274,10.5447,7.74306,15.8365,7.50789,7.37671,12.0324,2.30803,9.41126,4.69884,0.602149,-0.469043,12.3429,8.66892,6.00851,10.9061,7.65817,-5.97155,7.70515,8.97882,8.75934,7.24127,0.780286,12.9651,1.26042,8.19775,4.51727,15.165,7.99038,22.0697,19.5423,19.144,16.6266,19.4045,24.1961,26.7963,25.5142,23.6289,22.5981,21.5844,21.4059,20.4123,23.8469,21.6217,20.7935,21.8016,19.4646,18.244,24.1192,17.5483,14.4695,17.7543,5.89251
20.8495,11.121,23.5855,3.03742,0.0,11.4835,11.8601,21.6849,-1.33101,24.786,24.5794,21.2947,21.7635,24.4633,25.0727,25.7997,23.9691,21.3933,26.0286,24.06,21.9222,17.6535,26.0496,10.7722,-5.8816,7.31608,18.524,-14.6053,12.1413,16.977,23.6233,11.1724,22.6553,20.9175,23.7091,17.9269,17.5428,23.3532,23.7502,24.7859,21.8862,23.3384,24.8652,22.4741,24.1458,6.31266,10.8069,19.0678,7.79274,10.0564,6.45417,1.47547,10.7089,8.69136,13.7614,11.0365,9.38248,12.9215,6.68137,7.29356,9.51048,18.562,11.0463,8.46495,14.8202,8.99368,8.90172,11.343,2.31044,9.20977,5.52295,0.383367,-0.146796,13.3854,9.89694,6.77552,12.3349,8.85837,-5.71732,8.42787,9.66171,9.97643,6.57518,-0.792893,12.1535,1.18759,8.26579,4.4433,15.6494,8.80557,22.294,19.8371,17.9794,17.0077,19.0721,24.1293,26.4268,24.8894,23.378,22.0416,21.2652,21.5647,19.93,23.809,21.4471,20.0819,21.2734,19.129,18.5015,24.0004,17.6345,14.7331,17.7905,5.27383
21.3649,10.7064,23.6397,2.48261,0.0,10.6045,10.412,21.59,-2.74138,24.8659,24.7581,20.9966,21.7617,24.5521,25.4608,25.89,23.7198,21.265,26.0855,24.5209,21.9552,17.3185,26.1803,10.9152,-4.20651,6.77376,18.2392,-13.0197,12.2798,17.1076,23.944,11.356,22.8983,21.1463,23.8184,18.1411,17.2936,23.5179,24.0086,25.115,22.4286,23.5358,25.3919,22.7725,24.2164,5.02532,10.2278,18.9856,6.37873,8.48188,3.174,-1.06919,10.7952,7.86012,13.416,9.78658,8.89264,12.4826,4.02445,5.29185,9.17873,18.3873,10.1908,7.22509,15.0321,7.5958,7.57255,11.5073,0.215167,8.34181,4.86585,-1.29887,-0.254944,12.9646,9.26874,4.91516,11.1382,7.99867,-6.63973,7.75617,9.19553,9.11353,5.54881,0.263151,12.6167,2.87299,9.40359,5.68274,15.7303,8.97254,22.1893,20.1579,18.3656,17.4694,19.9865,24.7707,26.9638,25.7715,23.9663,22.4861,21.2849,21.6253,20.5704,24.0136,21.8456,20.5491,21.6672,19.5364,18.8625,24.1716,17.7738,14.7117,17.8618,6.16925
21.178,11.4023,23.6155,2.97762,0.0,10.8886,11.4982,21.4681,-1.15282,25.0099,24.6146,21.3934,22.0013,24.5272,25.4293,25.7797,24.1458,21.5431,26.0538,24.2145,21.9343,17.1157,25.8582,10.1938,-4.04139,7.42887,18.2964,-13.2411,12.4752,16.7219,23.6954,11.6176,22.9001,20.9296,23.2177,18.0953,17.7911,23.5802,23.9291,24.7185,21.8178,23.2959,25.0824,22.3685,24.3271,5.28522,10.3314,19.3125,6.58731,8.9167,4.1618,-0.281594,10.8033,7.85592,13.8608,10.2208,9.59169,12.6859,4.97442,6.0333,9.08914,18.5788,10.3692,7.41894,15.4693,7.89379,7.83192,12.028,0.839992,9.07698,4.9292,-0.835115,0.46912,13.4676,9.56581,5.21524,11.5108,8.25716,-6.51361,7.81107,9.04558,9.73839,5.59162,-0.512404,11.2698,1.86923,8.52436,4.91943,14.8677,9.00111,21.8477,19.9324,18.7402,17.2309,19.1275,24.1592,26.5333,24.8579,23.433,22.1487,21.2263,21.4975,20.5357,23.7942,22.0836,20.1503,20.8174,19.7326,19.5403,23.9522,18.2493,14.7727,17.7001,6.14838
21.3606,10.657,23.2489,2.92656,0.0,11.191,11.4062,21.5172,-1.16001,24.5827,24.4602,21.0368,21.6065,24.3943,25.0046,25.8278,23.6399,21.3368,26.0093,23.8747,22.3634,17.6129,26.0674,10.4689,-3.28773,7.90246,18.3892,-14.0792,12.0806,16.9613,24.1868,11.113,23.1272,21.4399,23.8721,18.2644,16.94,23.8751,24.3296,25.1675,22.0862,23.4979,25.4466,22.6458,24.1984,4.78117,8.90795,19.4993,6.04177,7.84393,4.6215,-0.661436,9.79847,6.78475,13.6966,10.0697,8.74966,12.0132,5.40033,6.04141,7.91945,18.1143,8.9046,6.88157,15.6406,7.52242,7.31163,12.1584,0.0572997,7.70891,4.12019,-1.38454,-1.77973,13.1402,9.80924,6.29229,10.9878,8.62432,-6.0593,8.82512,9.93982,9.54387,6.80787,-0.00712708,12.3517,3.19949,9.64645,6.39363,15.0957,9.848,22.2226,19.9102,19.4854,17.1374,19.5093,24.5077,27.1022,25.5538,23.6906,22.477,21.3821,21.3627,20.475,23.7119,21.6143,20.5933,21.3788,19.6031,18.3407,24.0044,17.1805,14.3179,17.6131,5.3754
21.1092,11.3694,23.7566,3.04651,0.0,11.7303,11.0619,21.6302,-1.91293,25.5354,25.1277,21.0071,21.9275,25.0511,25.7708,26.0781,24.1624,21.4425,26.8318,24.5917,22.3003,17.6392,26.0368,11.2818,-3.70651,8.159,18.9839,-14.3627,12.266,17.0016,24.4133,11.6241,23.3234,21.3759,23.0936,18.54,17.4882,23.8455,24.7054,25.1449,22.2289,23.57,25.4142,22.7601,24.348,4.92826,8.96215,20.4101,6.39165,8.69253,4.70821,-0.219495,9.41196,7.06487,14.6373,10.5045,8.92595,12.2162,5.6044,6.95423,7.72566,18.6785,9.41148,7.65969,14.5018,8.05347,7.54935,10.8788,0.727406,8.34979,3.8575,-0.957838,-1.24983,13.7613,10.0229,6.6499,11.2505,8.98019,-6.16655,9.45972,10.283,9.91659,7.56849,0.780457,12.8397,3.3824,10.3184,6.35862,15.7595,10.5273,22.8958,21.0678,18.9986,18.2071,20.6887,24.7202,27.0204,25.9685,24.0169,22.7915,21.2644,21.7942,20.5512,23.9616,22.1424,20.2038,21.0678,19.6669,19.1639,24.1888,18.1131,14.9091,18.2237,6.18593
20.707,11.0264,23.5282,3.47834,0.0,11.4779,11.3844,21.4384,-0.784965,24.616,24.6284,21.0741,22.2322,24.4583,25.2822,25.7531,23.8201,21.3279,25.9594,24.8883,22.3443,17.6613,25.7994,11.1409,-4.30507,7.19331,18.6419,-14.0281,12.0345,16.1272,23.3031,11.3167,22.6912,20.989,22.3363,17.9494,17.3802,23.226,23.7663,24.7796,21.6217,22.9618,25.0347,22.171,24.0818,5.06124,9.6932,19.3778,6.58045,8.38555,5.14095,-0.89546,10.3046,7.56182,13.2134,10.2814,8.61449,12.1887,6.01426,7.08045,8.57598,18.2886,9.79678,7.74478,15.3066,8.20637,7.49535,11.785,-0.411349,7.89552,4.65031,-1.99035,-1.90682,12.8119,9.46024,6.87532,11.0077,8.45006,-6.21155,9.07729,10.0985,9.32097,7.37581,-0.203997,13.1417,2.04817,9.72377,5.21939,15.6466,9.06814,22.2174,20.321,18.9716,16.8299,19.2789,24.2702,26.6277,25.1446,23.655,22.3486,21.0493,21.3654,20.346,23.8244,21.963,20.3308,21.2937,19.5277,19.2346,24.1269,18.0352,14.2027,17.5262,5.6732
22.0572,10.8407,23.6106,3.03459,0.0,11.6417,11.4238,21.8414,-2.67324,25.2029,24.7846,21.5584,21.886,24.6482,25.4255,25.9898,24.3209,21.777,26.1647,24.6332,22.6956,17.5309,26.2817,10.9061,-3.89398,7.02441,18.4826,-14.2091,12.3372,17.325,24.0415,11.2369,22.8866,21.3408,24.3941,18.21,17.0319,23.6534,24.0635,25.2622,22.2533,23.6778,25.4372,22.8123,24.3763,4.21683,8.92527,19.6177,5.88771,8.51956,6.52664,1.18091,9.58017,6.99137,13.6326,9.56919,8.54715,11.6123,7.20488,7.82698,7.85781,18.2884,9.09096,7.57461,15.3828,7.39422,6.63103,11.3737,1.75726,7.82766,3.43741,-0.20059,-0.428527,13.0092,9.63909,7.46887,10.3639,8.45882,-6.61404,9.04796,10.1166,9.18478,6.64094,-0.766433,13.2768,2.62104,9.9824,5.77036,15.5312,9.38432,22.2751,20.6884,18.9835,16.7908,19.7945,24.4955,27.0453,25.7082,23.8671,22.6997,21.6513,21.518,20.8546,24.2736,22.0464,20.7653,21.6558,19.8796,19.1201,24.3986,17.9661,14.7915,17.7655,5.63943
20.8762,10.9732,23.7772,3.08711,0.0,11.3467,10.902,21.5301,-1.61224,25.1189,24.9047,21.3195,21.885,24.759,25.532,25.9588,23.9708,21.5657,26.3824,24.3462,21.9705,17.5971,25.8415,11.3075,-3.21628,7.88485,18.3101,-13.7583,12.6185,16.6174,23.4709,11.7444,22.6467,20.907,23.2059,17.7609,17.4469,23.4652,24.0117,24.9301,21.521,23.3791,25.1814,22.2837,24.1471,4.70678,9.42413,19.4422,5.82981,8.32564,4.31951,0.190493,10.1428,7.19397,13.5829,9.29336,8.57693,12.0717,4.67284,5.38027,8.36007,18.1008,9.52376,6.40625,15.1934,7.02896,7.10123,11.5683,0.850218,8.14027,4.46137,-0.550532,0.0383697,12.977,9.26286,4.39914,10.6686,7.79683,-6.99922,7.05816,8.80004,9.10907,7.13789,0.572605,13.6716,2.03174,9.72845,4.77382,15.6631,9.1713,22.1316,20.2935,18.7188,16.6206,19.1188,24.4906,26.982,25.2854,23.6775,22.2113,21.2022,21.3333,20.263,24.0635,21.7916,20.0368,21.1132,19.1959,18.9655,24.1507,17.9308,14.6554,17.7383,6.15879
20.9934,10.1307,23.2218,3.15751,0.0,11.9392,11.3561,21.1924,-1.81885,24.8135,24.5767,21.1747,21.7348,24.4859,24.8232,26.1767,24.065,21.4006,25.9494,23.9999,22.3863,18.2746,26.0654,11.6639,-4.29207,7.36836,18.5883,-13.7549,12.9917,17.2532,24.1631,11.9423,23.1845,21.675,24.651,18.376,18.4699,23.7315,24.3485,25.3902,21.8771,23.5993,25.541,22.5595,24.3526,5.15523,10.0877,19.1988,6.52115,8.67134,4.41504,-0.0956964,10.2625,7.7757,13.6946,9.84353,9.06994,12.1967,4.96343,6.03836,8.86667,18.2637,10.2137,7.18764,14.4075,7.49224,7.60867,10.7966,0.656281,8.71536,4.82084,-0.861441,0.723632,13.2043,9.79978,5.62408,11.3185,8.38933,-7.77635,8.35204,9.85359,9.74294,5.73783,0.322901,12.4812,2.9005,9.47462,5.76944,16.4234,9.39931,22.6189,20.9965,18.1716,17.4652,19.9623,24.8388,26.8893,25.6146,24.1464,22.4947,21.439,21.2936,20.1164,23.9449,21.5746,20.5142,21.6583,19.4375,18.5382,24.5822,17.539,14.7956,17.9035,5.54014
21.1423,10.7993,23.8375,3.46884,0.0,11.8361,11.7902,22.2645,-1.41114,26.0195,25.1828,22.2249,22.0832,25.03,25.7858,26.3493,24.8695,22.4904,26.8238,24.1352,21.9512,17.3445,26.2068,10.7912,-3.57153,7.4511,18.2392,-15.1248,13.1665,17.4805,24.2627,12.3037,23.0959,21.2809,23.7463,18.5622,17.7906,23.752,24.6514,25.0933,21.7093,23.519,25.2708,22.4541,24.0215,5.85923,10.1036,19.3512,7.44316,9.68136,6.78814,2.23061,10.2158,8.25844,13.494,10.8206,8.73782,12.5686,7.24048,7.84756,9.018,18.2233,10.3339,8.60693,14.2837,8.85951,8.2786,11.2381,3.17657,8.37239,4.8786,1.0263,0.534682,13.1866,9.17325,6.53682,11.8226,8.6852,-7.29894,8.39206,9.75145,9.65726,5.07568,-0.865786,12.1423,2.28432,9.07265,5.37498,15.678,9.50366,22.5548,20.6734,18.5533,16.9752,19.275,24.6645,26.6202,25.3243,23.9751,22.4059,21.4439,21.5646,20.15,23.8895,21.505,20.2424,21.3542,19.2097,18.6003,24.5127,18.0694,15.128,18.3787,6.53555
20.967,11.2557,23.6121,3.46211,0.0,10.9039,11.1722,21.9477,-0.7,24.7575,24.6503,21.2741,21.6855,24.5926,25.3734,26.0443,23.7208,21.579,26.0097,24.1551,21.9556,17.2523,25.9325,10.8091,-4.36426,8.87643,18.8483,-14.8834,12.6503,16.7798,23.5062,11.5802,22.6661,21.1302,23.6676,17.9833,17.7336,23.1511,23.7798,25.0032,21.4291,23.2227,25.1282,22.1492,23.9175,5.55426,9.95882,19.3198,7.02994,9.50246,5.00899,0.413867,10.1088,8.06378,13.6114,10.8442,9.18165,12.5943,5.7374,6.80183,8.84802,18.4186,10.2502,8.08811,14.604,8.41077,8.09234,11.2352,1.48624,8.65868,4.8362,0.182864,0.87495,13.3177,9.63445,6.33512,11.7513,9.1777,-6.46508,8.94262,10.5841,9.70721,6.54327,-0.935556,13.0689,1.75994,9.8526,5.53567,15.5883,9.00431,22.2478,20.2129,18.1491,16.9082,18.9255,24.5906,26.3693,25.1851,23.8129,22.5097,21.1994,21.1253,19.8359,23.4649,21.18,20.284,21.6668,19.2161,18.158,24.2078,18.1826,14.8396,17.9734,6.03056
21.2438,11.5315,23.6064,3.06906,0.0,11.2514,11.4631,21.6656,-1.65265,25.023,24.6706,21.3789,21.937,24.6123,25.2787,25.8521,24.059,21.6094,26.2676,24.444,22.0019,17.3716,26.096,11.1188,-4.03936,7.90521,18.7224,-13.6821,12.6131,17.4263,24.0153,11.421,23.0911,21.1819,25.0486,18.2896,18.2655,23.6079,24.2554,24.9183,21.7593,23.1934,25.2049,22.3764,23.9931,4.51885,8.69255,20.0849,5.80476,7.93264,5.55673,0.925503,9.86957,6.82803,14.263,9.42717,8.26957,12.5287,5.91254,6.23659,7.83645,18.8843,8.6783,6.68403,14.9748,7.04628,7.00238,11.7947,0.850577,7.47052,4.48802,-0.850687,0.573045,13.4168,9.78205,6.16496,10.7956,8.38511,-6.12503,8.25214,9.55911,9.50094,5.79537,-0.755725,13.1256,3.72328,10.7738,6.68094,16.0203,10.3453,22.6211,20.5552,19.1098,18.242,20.2056,24.4549,27.0326,25.5693,23.7358,22.49,21.0494,21.462,20.5012,24.1302,21.8087,20.5201,21.1918,19.5294,18.6917,24.0594,18.1707,15.088,18.4031,5.65753
20.7544,11.2419,23.4191,3.50595,0.0,11.054,11.3247,21.689,-1.0019,25.0098,24.6009,21.3217,21.6894,24.574,25.0226,25.9179,24.0529,21.5594,26.1266,24.2057,22.3103,17.9667,26.0099,10.8675,-3.88996,7.96468,18.76,-13.8032,12.8783,16.7412,23.8244,11.7947,23.0708,21.327,23.493,18.1183,17.9534,23.8599,24.4675,25.1951,21.6244,23.4788,25.2476,22.3384,24.0641,4.17814,8.63084,18.974,5.43256,8.31684,4.44668,-0.794371,9.16618,6.63128,13.1714,8.69789,8.6659,11.7355,4.97077,5.61146,7.56252,18.1522,8.91695,6.41137,14.8364,6.39592,6.47351,11.5329,0.528953,7.91404,3.80751,-0.882663,0.601352,12.5333,8.60645,4.87324,9.99584,6.98717,-7.46058,6.39977,7.47605,8.43815,6.07867,0.0340213,12.9343,1.64488,8.88052,5.1799,15.3813,8.5864,22.3766,20.22,18.92,17.6697,20.0453,24.759,26.8815,25.7509,23.8241,22.3776,21.1285,21.479,19.7433,24.0579,21.3034,19.8912,21.7077,19.1697,18.3085,24.2637,17.9503,14.8663,18.1687,5.92928
21.0923,11.6014,23.9019,3.48423,0.0,11.0939,11.6836,22.2257,-1.30913,25.9298,25.1835,22.2092,22.2365,25.0813,25.9676,26.2289,24.7669,22.4624,26.7552,24.9748,22.535,17.0818,26.1316,10.6695,-3.74234,7.75626,18.6699,-14.3076,12.5037,17.1044,24.0773,12.2318,23.0628,21.2938,23.1876,18.2955,17.3016,23.9715,24.4804,25.2622,22.0744,23.9834,25.4692,22.7933,24.3324,5.11299,9.38851,19.8518,6.6972,8.66148,5.82592,1.68168,10.3073,7.55459,13.7274,9.76435,8.90541,12.3436,6.15723,6.98468,8.38969,18.526,9.51773,7.61726,15.5834,7.72123,7.33098,12.1648,1.87086,8.34075,4.72488,0.0320189,-0.142385,13.1233,9.43141,6.16182,10.9332,7.9552,-6.47947,8.06168,9.02042,9.15789,5.94448,-0.16393,12.7831,2.03296,8.88032,5.31157,15.9884,9.61623,22.838,21.0253,18.8976,17.507,19.8343,24.8052,26.5485,25.4338,24.1025,22.5406,21.5343,21.7938,20.4202,23.7183,21.8336,20.3118,21.7046,19.5535,18.9371,24.5785,18.1809,14.9338,18.1243,6.59439
20.8196,11.6187,23.6028,3.29675,0.0,10.858,11.1421,21.7984,-1.55611,24.5747,24.6358,21.2337,21.8088,24.5499,25.2323,26.0932,23.6726,21.5067,26.0789,24.2485,22.6409,17.8143,25.9457,10.9993,-4.40557,8.41291,18.511,-14.7753,12.0151,16.7061,23.609,11.343,22.6662,21.0035,23.3607,17.8858,16.8157,23.2062,23.9715,24.8192,21.6566,23.1667,25.1018,22.2407,23.7724,5.86508,9.97,20.1983,7.2774,8.9501,6.07711,1.24752,10.6772,8.23447,14.5333,11.3472,8.39163,13.2138,6.56003,7.60113,9.00062,18.9709,9.93368,8.31196,15.2865,9.01801,8.40782,11.5033,1.39325,8.08501,5.36913,-0.766606,-0.469023,14.1015,10.942,7.5784,12.3171,9.76536,-6.02834,9.768,11.0347,10.7249,6.13819,-0.905596,12.3403,2.11187,9.35205,6.08234,15.4771,10.1221,22.2995,20.3143,18.4751,17.3029,19.3158,24.3936,26.6099,25.1581,23.6392,22.3669,21.3481,21.5568,20.349,24.1728,22.0028,20.3242,21.4406,19.5357,19.2331,24.159,18.6414,15.2277,18.2594,6.29252
20.8819,11.1713,23.7521,2.7059,0.0,10.2282,10.6964,21.896,-2.64895,24.9884,24.8533,21.3238,21.9468,24.664,25.3701,26.0012,24.0123,21.4933,26.181,24.0449,22.0554,16.9287,26.3363,10.2418,-4.27041,8.11929,18.5458,-14.3326,12.1581,16.8578,23.8582,11.3092,22.8807,21.2518,23.6291,18.0834,17.1339,23.2106,24.1415,24.8503,21.7511,23.1654,25.1456,22.371,24.2283,5.44008,9.44279,19.3562,6.98961,8.78223,6.49486,1.10016,9.79388,7.7714,13.8045,10.7993,8.03848,12.3029,6.93808,7.54134,8.50247,18.3929,9.61143,8.16673,14.8313,8.73947,7.95382,11.4168,1.39208,7.64186,4.26073,-0.363414,-1.78176,13.369,10.1488,7.45985,11.5865,9.35344,-6.93927,9.52757,10.6916,9.87373,6.13934,-0.833337,12.0859,1.72764,8.94689,5.27389,15.3739,8.93156,22.0628,20.2971,18.725,17.0909,19.4284,24.3257,26.9425,25.1301,23.551,22.4601,21.3324,21.2763,20.4363,24.0233,21.876,20.3553,21.3297,19.6177,19.0046,24.0203,17.968,14.7943,18.0065,5.35289
21.4745,12.0727,23.7156,3.01183,0.0,11.0391,11.1332,22.0885,-2.65666,25.2703,24.7333,21.691,22.1203,24.5475,25.4353,25.8998,24.062,21.9963,26.0996,24.5009,22.3224,18.2165,25.6412,11.8159,-3.83748,6.98322,18.9223,-13.7155,12.2155,16.5842,23.5981,11.2365,22.6292,20.7894,23.4266,17.7846,16.9829,23.2123,23.9662,24.5437,21.8805,22.9292,25.0376,22.3441,24.2412,4.56615,9.36361,19.3194,5.98806,8.69473,5.74793,0.5825,9.866,7.4517,13.407,9.27354,8.42824,12.128,6.01638,6.46916,8.41888,18.33,9.43029,7.02838,14.8481,7.1033,6.90125,11.5363,1.40575,7.86006,4.00762,-0.36521,-1.6397,12.8305,9.15028,5.7659,10.6092,7.78469,-7.22533,7.71368,8.79739,8.96615,6.50727,0.515927,13.4465,2.95023,9.49809,6.07099,16.6827,9.3438,22.5737,19.8941,19.1164,17.2335,19.5424,24.328,26.8254,25.478,23.592,22.3337,21.0555,21.2454,20.3487,23.4861,21.6931,20.2853,21.2103,19.6167,18.859,23.9365,17.9386,14.4788,17.8043,5.48369
20.6827,11.2419,23.2494,2.92246,0.0,10.9649,11.149,21.657,-1.57362,24.8629,24.342,21.2318,21.5386,24.3874,25.0808,25.6894,23.9867,21.4538,25.9095,24.0648,22.0421,18.0227,25.9805,11.5249,-4.19977,7.74871,18.5264,-14.2786,12.5114,16.8865,23.7554,11.3872,22.7631,20.9528,24.1118,17.9771,17.7303,23.425,24.1998,24.9891,21.903,23.2787,25.2514,22.5152,24.2961,4.71748,9.15929,19.2955,6.10701,8.48749,4.49312,0.288289,9.62659,7.26281,13.9212,10.0177,8.182,12.1001,4.7818,5.50513,8.10571,18.1187,9.39119,6.97027,14.6287,7.39579,7.2618,11.1036,0.76827,7.94863,3.91691,-0.819049,-0.626822,13.1007,9.60638,4.29862,11.0314,7.90405,-6.44256,7.58074,8.80247,9.25786,7.26581,0.92319,13.4328,2.40424,9.17463,5.91341,15.6837,9.49372,22.221,20.0039,18.6604,17.247,19.3779,24.4174,26.8599,25.163,23.5727,22.1211,21.1903,21.429,20.7095,23.7781,21.8275,20.5746,21.2156,19.3752,18.6379,24.0125,17.6566,14.9552,17.7253,5.7378
21.3419,10.4263,23.5911,3.49616,0.0,12.1494,12.0017,21.6557,-1.09142,25.4276,24.8469,21.4292,21.8986,24.8667,25.3115,26.3416,24.277,21.795,26.4561,24.8244,22.6671,18.0551,26.2686,11.774,-3.58738,7.50445,18.5859,-14.163,12.806,17.5599,24.229,11.6873,23.3796,21.789,24.7261,18.5495,18.6489,23.9372,24.5437,25.7503,22.2621,23.9977,25.8349,22.9632,24.3309,5.60648,9.71575,19.3953,7.56335,9.37798,5.55612,-0.106931,9.97122,8.21987,13.6039,10.8518,8.47882,12.2307,6.86101,7.92264,8.65321,18.3975,10.1564,8.69338,14.5256,8.8116,7.97696,11.0459,0.753429,8.10037,4.66656,-0.989033,-0.881041,13.2515,9.74597,6.98983,11.5529,8.79556,-6.88976,8.9618,10.0498,9.6877,6.73324,-0.0254019,13.4721,2.06476,8.66558,5.20824,16.1481,9.43102,22.4177,20.47,18.383,17.5688,19.8506,24.7012,26.9545,25.6458,23.9009,22.6392,21.5048,21.6845,20.7006,24.2203,21.9322,20.3081,21.2237,20.0834,18.7904,24.3145,17.6573,14.647,17.9333,5.74536
21.5426,10.8423,24.0543,3.29345,0.0,11.9886,11.9966,21.6074,-0.800938,25.7086,25.2503,21.4692,21.9652,25.0402,25.782,26.1707,24.4757,21.6771,26.6989,24.0284,22.2558,17.5709,26.3855,10.9291,-3.61898,8.26369,18.4084,-14.1363,12.4516,17.6141,24.3675,12.0057,23.391,21.5971,23.4165,18.6996,17.4167,24.1146,24.6756,25.4313,21.7839,23.7527,25.5038,22.5528,24.0295,5.28017,9.81756,19.1888,6.58813,9.05758,5.93603,0.097319,10.3444,7.75549,13.6483,9.96331,9.12735,12.6886,6.53156,7.29748,8.5949,18.6023,10.1341,7.73725,15.141,7.60797,7.78579,12.1863,1.2474,8.50399,4.72937,-0.837797,-1.23634,13.2891,9.70508,6.52821,11.3788,8.30424,-6.46387,8.04635,9.23251,9.68566,6.37714,-0.346884,13.1647,1.43328,8.44027,5.05884,15.5199,8.99874,22.0479,19.7558,19.4297,18.4149,20.3693,24.5701,27.6554,26.0333,23.8604,22.7576,21.6452,21.605,20.1804,24.0575,21.7841,20.3362,21.501,19.4469,18.5878,24.1946,17.7926,15.0887,17.9386,5.85792
21.2393,11.2026,23.8404,3.38066,0.0,11.3786,11.1645,21.6583,-1.75102,25.1901,24.7626,21.9239,22.6132,24.6036,25.4502,25.933,24.5429,21.9979,26.0505,24.4776,22.1942,17.5903,25.8439,10.7737,-4.6164,7.8747,18.65,-13.689,12.2849,16.9735,23.6101,11.4306,22.7103,21.0436,23.5614,17.9631,17.7453,23.2216,23.8254,24.9072,21.7757,23.0612,25.1395,22.293,24.0566,5.49629,9.70442,19.4796,7.1275,9.3084,4.67309,-0.240186,10.0061,7.80954,13.7354,10.6025,8.866,12.0458,5.81142,7.02939,8.47468,18.1714,9.99728,8.00546,15.0692,8.59106,7.81487,11.4535,1.38394,8.55371,4.65524,-0.085913,0.0448088,13.1691,9.63578,6.31179,11.2404,8.76626,-7.34452,8.76875,10.0844,9.62253,4.94483,-1.11371,11.2864,2.66112,8.59263,5.80095,15.1061,9.82738,22.216,20.3256,18.1459,16.8538,19.3765,24.3477,26.4616,25.1735,23.6758,22.259,21.2598,21.4635,20.3118,24.2348,22.0324,20.2192,21.0097,19.3565,19.1434,24.2195,18.3783,15.3035,17.9398,6.33947
21.2238,11.4591,23.516,2.78502,0.0,11.327,10.7349,21.1481,-2.49185,24.9326,24.6163,20.8636,21.4099,24.5163,25.0961,25.5855,23.6491,21.2061,26.0574,23.8521,21.9529,17.5993,26.2846,11.2266,-5.30278,7.23335,18.5126,-13.9463,12.4479,16.8132,23.6534,11.5642,22.5837,20.9469,24.1237,17.7512,17.8614,23.226,23.9287,24.8811,21.8257,23.1444,25.1297,22.4081,24.1912,4.88851,9.37475,19.3646,6.27241,7.92688,3.33126,-1.15926,9.95359,7.16233,13.714,9.85428,8.56194,11.9389,4.22979,5.27969,8.31024,18.0742,9.30101,6.60907,15.085,7.56093,7.17489,11.2483,0.415272,7.81921,4.28681,-0.85277,0.0306972,12.9674,9.72103,4.67934,10.7903,8.56186,-7.16841,7.96605,9.99433,9.35435,6.33926,0.0190411,12.6624,2.36782,9.78248,5.26414,15.4872,9.68928,21.8,20.4693,18.278,16.545,19.4114,24.4117,26.8554,25.4281,23.743,22.3889,21.1273,21.5403,20.1146,23.9654,21.567,20.493,21.5509,19.2819,18.5475,24.1804,17.7416,14.5158,17.7357,5.85118
21.4935,11.2222,23.6461,2.49179,0.0,11.3048,11.1081,21.5199,-2.29864,25.4389,24.8168,21.3284,22.0219,24.7771,25.5084,25.9015,24.2434,21.6369,26.3938,24.121,22.4506,17.9821,26.2158,11.1501,-3.91231,7.53241,18.316,-15.11,12.6548,17.2788,23.855,11.7773,22.8095,21.1189,24.4042,18.1632,17.6095,23.5107,24.0292,25.0588,21.8483,23.4438,25.2797,22.5787,24.253,5.27242,10.0711,18.6274,6.41542,8.49051,4.60853,-0.52032,10.8691,7.78341,13.4414,9.66051,8.6739,12.7988,4.97424,5.54895,9.16996,18.8361,9.88511,6.75041,15.3119,7.24607,7.83938,11.9905,0.649537,8.27171,4.88297,-0.911775,-0.464068,13.1898,8.50347,4.32035,11.428,7.25461,-6.67233,6.19612,7.5419,9.09855,5.49633,-0.908582,12.5794,1.30934,8.24884,3.97841,15.6786,8.09727,21.9587,19.5601,18.9543,17.7444,19.8556,24.2845,26.6727,25.4456,23.6648,22.5813,21.3558,21.4571,19.9969,24.0308,21.5555,20.5039,21.8319,19.1873,18.4738,24.0444,18.4961,15.18,18.493,6.19535
21.2545,11.6016,23.6054,2.91175,0.0,10.7397,10.7573,21.5557,-1.67984,25.2015,24.6192,21.5811,21.8701,24.4664,25.2417,25.8012,24.1894,21.7496,25.8353,23.9539,21.8589,17.2474,25.9326,11.0527,-3.12168,8.096,18.7145,-14.4534,12.0478,16.6228,23.6208,11.3369,22.7282,21.0519,23.0911,17.9186,16.8627,23.3646,23.6967,25.0082,21.3624,23.1347,25.2375,22.1664,23.8723,4.97175,9.6539,19.1073,6.39745,9.03359,6.39053,0.940191,10.2965,7.57863,13.6135,10.2672,8.99393,12.2889,6.94281,7.7031,8.61756,18.4725,9.8065,7.9278,15.2259,8.04654,7.48975,11.6576,1.61992,8.37765,4.46153,-0.0612798,-1.0535,13.0637,9.73507,7.28416,11.2128,8.72584,-5.53613,9.04831,9.94184,9.48548,6.54437,-0.925466,12.8797,2.10482,9.22081,5.45398,15.6253,8.88027,22.0897,20.3239,18.5438,17.4944,19.4643,24.4085,26.9495,25.2917,23.669,22.5206,21.3438,21.6029,20.3744,24.1533,21.8423,20.4973,21.5309,19.5709,19.041,24.1112,18.0624,14.8035,18.0025,6.49542
21.1366,11.1562,23.3427,3.26331,0.0,11.2904,11.5168,21.6744,-1.94623,24.3759,24.4485,20.6517,21.4984,24.4749,25.062,25.9147,23.4983,20.9075,26.0258,24.2716,22.2101,18.2829,25.8003,12.0849,-4.89772,7.10152,18.799,-13.9273,12.8926,17.0095,23.6049,11.8295,22.6838,21.0168,24.051,17.9073,18.2875,23.3944,23.8023,25.1181,22.3224,23.4113,25.3354,22.6172,24.4657,3.43707,8.88993,18.7774,4.59549,8.11937,4.36982,-0.333094,9.40025,6.26148,12.9518,8.54942,8.61357,11.4504,4.6866,5.21165,7.58564,17.6873,9.07768,5.69085,14.4759,5.98085,6.09271,11.2357,0.68117,7.96004,3.32518,-0.64495,0.839703,12.1499,8.36423,4.40249,9.83343,7.05317,-6.92394,7.11392,8.60246,8.02216,6.72307,0.915056,13.4965,1.98232,9.51724,5.07333,15.8907,8.72415,22.0516,19.9428,18.1395,17.0628,19.2701,24.2938,26.6555,25.3056,23.5227,22.3842,20.9732,21.4409,20.6693,24.3355,21.9928,20.5496,21.1814,19.8629,18.9006,23.796,17.782,14.6344,17.737,5.78893
21.2038,11.2461,23.7732,3.18555,0.0,11.1511,11.0445,21.4738,-1.18153,25.3567,24.862,21.572,21.9627,24.6761,25.4135,26.034,24.3242,21.789,26.3943,24.4539,21.8658,17.3164,26.0612,10.9062,-3.35872,6.94701,18.3375,-14.3871,11.831,16.4422,23.4227,11.7528,22.6524,20.9588,22.0651,17.9107,17.0507,23.5045,23.9478,25.2081,21.9518,23.6677,25.2258,22.6395,24.1011,4.75293,9.15028,19.6463,6.02475,8.24564,4.53015,-0.518142,10.0424,7.19648,14.0114,10.4056,7.85581,12.3983,5.50096,6.62869,8.15062,18.4867,9.28225,7.4925,15.3984,7.69973,7.44776,12.0617,0.172651,7.54971,4.57674,-1.86361,-1.10603,13.6224,10.0062,5.94566,11.1919,8.64913,-6.70913,8.37785,9.67087,9.79268,5.70715,-0.594272,12.3292,1.64059,8.53288,4.91129,15.3744,9.14525,22.172,20.1965,18.7003,17.5666,19.538,24.4153,26.753,25.3738,23.6974,22.1954,21.1762,21.3981,20.453,23.3751,21.9632,20.0052,21.6264,19.1513,19.1163,23.9731,17.9296,14.873,17.9375,6.48221
20.2055,11.238,23.3669,2.77159,0.0,10.5654,10.5847,21.6665,-2.52728,24.685,24.402,21.5264,21.9993,24.3148,25.1228,25.6284,24.0895,21.569,25.8464,24.4493,21.9839,16.8518,25.5901,9.59769,-5.45089,7.13919,18.3529,-15.7772,11.4231,16.1843,23.151,10.8562,22.4478,20.6195,22.6177,17.451,16.3886,23.1369,23.7059,24.6073,21.4782,22.8695,24.8687,22.077,23.8374,4.88964,9.28826,19.0535,6.9166,9.45876,5.96087,0.735648,9.31484,7.7385,13.2949,10.0579,8.51292,11.5027,6.70048,7.80461,8.02568,17.8626,9.77182,8.50176,14.4834,8.05172,7.19069,10.7188,1.96142,8.18901,3.86061,-0.135778,-0.190406,12.6974,9.28367,6.95422,10.6898,8.2696,-7.15534,8.69213,9.61119,9.01557,4.12963,-1.89695,10.5602,-0.0287599,6.7842,4.19995,13.9393,8.54317,21.8335,19.8818,18.0229,16.6132,18.7371,24.1004,26.4791,24.8527,23.4455,22.0036,20.9809,21.1412,20.081,23.4593,21.6214,20.2525,21.174,19.1539,18.5167,23.8142,17.3068,14.6799,17.5035,6.05772
20.5994,11.2944,23.6537,2.73682,0.0,10.5029,10.7279,21.4504,-1.68796,25.0406,24.5576,21.4955,21.795,24.384,25.0953,25.7963,24.1358,21.7281,25.8497,24.0156,21.5849,17.1844,25.8003,10.4943,-5.22205,7.45595,18.0175,-14.2061,12.4155,16.4534,23.4132,11.6494,22.7363,20.9485,23.5916,17.7771,17.15,23.4702,24.0919,24.8913,21.6768,23.2753,25.1293,22.3651,23.9077,3.84587,9.16891,18.7019,5.24906,7.5332,3.52708,-1.58893,9.8026,6.68,13.1474,9.01893,8.7135,11.46,4.19796,5.33869,8.13063,17.764,9.11194,6.31482,14.6604,6.43482,6.33471,10.9984,-0.555548,7.93863,3.56724,-1.87872,-0.476277,12.6447,8.99127,5.09713,10.2553,7.62713,-6.92374,7.27938,8.73407,8.6585,5.95427,-0.565839,12.726,1.62271,8.71983,5.15696,15.2065,8.66368,22.0211,19.3755,18.2835,16.7518,18.8344,24.4054,26.9396,25.223,23.6823,22.3239,21.1399,21.2137,20.2407,23.6413,21.6415,20.6708,21.3659,19.3592,18.5386,23.9515,17.8396,14.7023,17.8421,5.56137
20.8736,11.0315,23.6318,3.14928,0.0,10.4699,10.8605,22.1006,-1.59552,25.1307,24.4861,21.8223,22.1661,24.4889,25.2844,25.7544,24.3244,22.0872,26.1073,24.436,21.8706,18.186,25.9491,11.8348,-3.68123,7.91409,18.739,-15.2826,12.7869,16.9029,23.6979,11.4729,22.4855,20.9646,24.0112,17.974,18.5416,23.1619,23.9134,24.8025,22.233,23.2785,25.0976,22.6303,24.0968,4.62394,10.0781,18.841,5.79093,8.75214,3.72663,0.195805,10.5676,7.44874,12.7729,8.69644,9.23969,12.109,4.39089,5.24371,8.83673,17.9872,10.15,6.63806,15.6157,6.47336,6.94558,12.0103,1.34107,8.75545,4.79718,0.190806,0.177417,12.3512,8.10526,4.17188,10.3727,6.9231,-7.72291,6.4856,8.13108,8.28732,5.3632,0.494049,13.1547,1.21766,8.23558,4.56123,16.3017,8.62086,22.7605,19.9368,18.7989,17.3205,19.4856,24.5041,26.4433,25.5115,23.7554,22.1972,21.1637,21.1656,20.032,23.9144,21.4586,20.6537,21.326,19.2118,18.5355,24.1294,17.6809,14.6539,18.1202,6.05768
21.2874,11.7427,23.4264,3.35308,0.0,11.8931,12.3228,21.8106,-1.56945,24.7944,24.5948,21.4121,22.4311,24.475,25.3162,25.9838,24.1015,21.356,25.9603,25.0487,22.0378,17.5836,26.04,10.7253,-4.19123,6.88585,18.3889,-14.4064,12.4876,16.8922,23.6551,11.381,22.6027,20.914,24.2263,17.7896,17.9802,23.1208,23.8442,24.7155,21.8828,23.1313,25.0575,22.4283,24.2754,5.39043,9.8398,19.0678,6.86916,8.34424,4.57794,0.39392,10.3343,7.67653,13.405,10.1356,9.31939,12.3255,5.26099,6.26468,8.61283,18.0937,9.99171,7.42529,15.2761,8.12462,7.68687,11.6271,1.29121,8.75936,4.71695,-0.400051,1.15022,12.9438,8.88312,5.63727,11.1947,8.06014,-7.15597,7.69141,9.10445,9.2349,5.6766,-0.401554,12.1179,1.48868,8.46603,4.49392,15.1071,8.40416,21.9164,19.9135,18.6419,17.0082,19.4098,24.3622,26.476,25.2222,23.5294,21.9941,21.0507,21.3992,19.9713,24.0201,21.4945,20.3352,21.1853,19.0312,18.6837,23.9262,17.684,14.3643,17.5578,5.71669
21.2662,10.5442,23.3115,2.87089,0.0,10.688,10.7337,21.1416,-2.06282,25.094,24.3943,21.5554,21.9182,24.3202,24.9583,25.713,24.2867,21.5146,25.9122,24.4164,21.6116,17.245,25.9728,10.7632,-4.03852,7.25853,18.2829,-13.9941,12.6875,17.1667,23.8079,11.7256,22.9417,21.2125,23.9563,18.2086,17.9457,23.3303,23.996,24.9405,21.6797,23.1562,25.2883,22.3249,24.0616,4.60782,9.27165,19.3224,6.07911,8.49235,5.19836,0.862793,10.0642,7.1993,13.7751,9.83837,8.16695,12.4437,5.73396,6.58727,8.30309,18.6318,9.38594,7.16897,15.0203,7.45393,7.23418,11.8249,1.27168,7.77083,4.47129,-0.348988,-0.383516,13.3448,9.72894,6.00368,11.0806,8.60101,-6.38836,8.17399,9.59282,9.8113,5.58013,-0.431789,12.3362,1.29361,8.31919,4.47074,15.1706,9.10823,21.8354,19.8996,18.9254,17.3189,19.3545,24.337,26.8512,25.2529,23.3619,22.0682,20.8143,21.548,20.2686,24.0075,21.7407,19.9448,21.2343,19.109,18.5805,23.5812,17.7324,14.8545,17.8615,5.74782
21.0572,11.2778,23.5772,2.43306,0.0,10.1117,9.95928,21.4731,-3.03816,25.5542,24.7454,21.9056,21.9204,24.5099,25.5067,25.71,24.4066,22.0348,26.0679,24.2701,21.7,17.0073,25.907,10.7401,-4.58926,7.3199,17.8564,-13.9339,12.0008,16.8318,23.8648,11.309,22.9926,21.1125,23.4652,18.2318,17.3199,23.7304,24.5367,25.0059,21.9434,23.4415,25.2507,22.4863,24.0713,4.53795,9.32085,19.6994,5.46597,6.83732,3.16562,-1.29413,9.60989,6.58385,13.8258,9.66326,8.67171,11.9438,3.48229,4.41221,8.12557,18.0121,9.40729,5.65433,14.2618,7.0753,7.15949,11.0751,-1.01638,7.80662,4.09958,-1.97639,1.21231,13.0578,9.57609,3.67326,10.7877,8.10984,-6.92307,6.92687,8.86053,9.42504,6.17624,0.128982,13.0481,2.99747,10.2376,6.10729,15.749,10.0106,22.2237,20.4338,18.4366,16.8599,19.3085,24.6366,26.8243,25.3448,23.7582,22.1694,21.1242,21.5779,20.0359,23.7391,21.7963,20.2625,21.15,19.0043,18.7912,24.0357,18.6254,15.3935,18.3522,6.46318
20.9701,11.0469,23.4464,3.12924,0.0,11.2877,10.9978,21.6025,-1.78049,25.0622,24.6146,21.6973,22.1473,24.5586,25.0786,25.9688,24.3561,21.7796,26.0742,24.8014,22.2186,17.199,26.2098,10.6851,-4.12455,8.22191,18.303,-14.1778,12.7399,16.8848,23.8906,11.7063,23.1075,21.2092,24.2234,18.2248,17.9449,23.8205,24.5267,25.0062,21.6488,23.2538,25.2902,22.304,24.0819,3.74174,7.89403,19.2073,4.49635,7.29921,2.90627,-1.03145,8.86915,5.88089,13.6679,8.96141,7.38582,11.8362,3.61969,4.55315,6.96877,18.4833,8.02511,5.44422,14.043,6.19069,6.41338,10.6666,-0.239177,6.76871,3.22141,-1.99191,-0.555114,13.2044,8.97171,3.88242,10.3527,7.30637,-7.4472,6.13218,7.83887,9.10205,5.18666,-0.323067,12.336,1.87925,8.70683,4.99759,14.8975,8.9389,21.8177,20.2154,17.8466,17.1817,19.0655,24.3177,26.4097,24.9975,23.6318,22.1667,21.2785,21.1676,20.1326,23.4034,21.4409,20.2237,21.398,19.3573,18.5064,24.2491,17.8867,14.7198,17.9234,5.75038
21.5158,10.9659,23.936,3.20391,0.0,10.7701,11.022,22.1301,-2.30249,25.7875,25.137,21.95,22.3041,24.954,25.8702,26.3182,24.5697,22.3757,26.4758,24.8283,22.433,17.9369,26.3343,11.5437,-2.93901,8.20155,18.3979,-14.2607,12.4319,17.4306,24.6591,11.9966,23.7229,21.6262,23.7448,18.8701,17.4323,24.4246,25.2642,25.4513,21.5222,23.7866,25.643,22.5063,24.314,6.20564,10.5754,19.7591,7.81618,9.47385,5.9594,0.922289,10.8648,8.65084,14.6233,11.3868,8.57245,13.237,6.82892,7.9357,9.64828,18.9709,10.6403,8.84822,15.1977,9.16952,8.61334,12.0864,1.58528,8.25112,5.23764,-0.137835,-1.20028,14.0488,10.9319,7.1115,12.3285,9.71339,-6.53114,9.37427,10.9287,10.7968,5.44589,-0.195589,12.8273,1.43925,7.90171,5.04389,16.0543,9.78684,22.5634,20.729,19.3312,17.8058,19.9256,24.6099,27.1076,25.7173,24.0354,22.7025,21.7047,21.537,20.3387,23.8668,21.9841,20.5456,21.9509,19.3361,18.9158,24.5273,17.8762,14.9735,18.0012,6.07415
21.5505,11.6336,23.5624,3.71743,0.0,11.4373,11.7212,22.3215,-1.84392,24.8185,24.8305,21.2925,22.1153,24.7503,25.4878,26.2941,23.8561,21.4646,26.2689,24.3373,21.9509,17.7068,25.8293,11.2936,-3.64037,7.7527,18.8774,-14.3742,12.1099,16.5523,23.6214,11.1455,22.8121,20.9702,23.4217,18.0297,17.0099,23.4958,24.1562,24.6634,21.6942,22.9168,25.0089,22.0885,24.0072,5.02785,9.23632,19.8829,6.31647,8.58556,5.77838,1.60335,9.90273,7.13806,14.5754,10.5335,8.3346,12.5925,6.13234,6.8301,8.16494,18.7245,9.36577,7.69235,14.5257,8.07753,7.73605,11.2488,1.71345,7.93758,4.31803,0.0759732,-0.502472,14.1477,10.7241,6.36492,11.724,9.37666,-7.00744,8.55516,10.4135,10.6766,5.81143,-0.490028,12.3098,2.98027,9.21633,5.6148,15.7689,10.2674,22.2935,20.3715,18.6189,17.557,19.678,24.4512,27.099,25.4391,23.5643,22.3329,20.9754,21.3622,20.2232,24.0102,21.6712,20.5275,21.5231,19.3383,18.8088,23.837,17.8105,14.4686,17.7367,5.57724
20.8421,11.4075,23.3337,3.36561,0.0,11.6287,11.9552,22.1809,-1.47134,25.2507,24.5612,21.8296,22.2107,24.5267,25.1465,25.9008,24.2607,21.9458,26.11,24.7259,22.7207,17.404,25.9801,10.5503,-4.71082,7.38298,18.8735,-13.6937,12.4583,17.0838,23.9154,11.6557,23.0181,21.2736,23.6794,18.2008,18.6256,23.6686,24.0852,25.1753,22.0562,23.3808,25.3739,22.5783,24.4732,4.11777,9.30178,19.5885,5.48859,7.85965,3.9209,-0.0640362,10.1326,6.67256,13.336,8.78219,8.81472,11.8846,4.12702,5.02113,8.12968,18.4443,9.15548,6.17694,15.7949,6.62544,6.55227,12.1156,0.856366,8.241,4.37207,-0.450124,0.993258,12.8267,8.7346,4.83143,10.1354,7.39998,-7.60681,7.06084,8.51307,8.80725,4.61345,-1.51797,11.6327,1.93476,9.06284,5.09151,14.8856,9.38909,22.4486,20.6944,19.0959,17.1257,19.2153,24.1673,26.7065,25.0226,23.6452,22.2546,21.4125,21.3243,20.1398,24.0924,21.4569,20.3822,21.4499,19.3438,18.6918,24.3921,17.6702,14.7655,17.4876,5.93323
21.043,11.497,23.897,3.26698,0.0,11.6597,11.4308,22.1282,-1.05767,25.6651,25.0897,21.5035,22.1796,25.0406,25.8044,26.2782,24.1642,21.9545,26.7313,24.5936,22.4454,17.3183,26.2231,10.4856,-3.37622,6.8899,18.1799,-13.5782,11.9448,17.1572,24.0358,11.6543,22.9889,21.1796,23.0632,18.2683,16.6711,23.7311,24.4513,25.146,21.8302,23.46,25.3642,22.5173,24.0958,5.41325,10.728,19.7983,6.43033,8.55946,4.00769,-0.443347,11.2777,8.0051,13.8497,9.83094,9.67939,13.0169,4.84801,5.65162,9.66977,18.7419,10.528,7.12273,15.6452,7.47821,7.85434,12.1907,0.824096,9.22051,5.3384,-0.42445,0.511643,13.5794,9.39523,5.02355,11.5071,7.76078,-6.79039,7.47231,8.57404,9.85274,5.86863,-0.845847,12.2366,2.70603,8.94103,5.5862,15.5216,9.74945,22.6026,20.856,19.3655,17.6555,20.1039,24.6093,27.5051,25.8469,24.15,22.578,21.4462,21.8832,20.8226,24.2166,22.3452,20.4,21.3573,19.8335,19.5308,24.505,18.2503,14.8562,18.0539,6.51781
20.7969,11.6022,23.5472,2.80387,0.0,11.1419,10.8109,21.5386,-2.1942,24.6952,24.5289,21.4686,22.028,24.4977,25.2062,25.8414,24.1624,21.5331,26.1345,24.4167,21.8465,16.706,25.8637,10.0143,-4.33313,7.65997,18.9157,-12.3381,12.3043,16.7714,23.4726,11.3572,22.7684,20.9461,23.4376,17.9216,17.4511,23.1974,23.7275,24.9584,21.9649,23.3807,25.0767,22.4496,24.2366,3.68769,8.73012,19.7843,5.31542,8.61695,4.95879,-0.167729,8.98455,6.63936,13.261,8.9889,8.88496,11.312,5.66684,6.58646,7.44135,17.9241,9.07947,7.0463,14.1178,6.77732,6.19337,10.4979,0.803206,8.12454,3.29026,-0.794546,0.770775,12.6632,8.98636,5.57548,9.93497,7.54789,-7.09697,7.42662,9.15641,8.65127,4.34862,-1.1622,11.4617,2.27926,8.86785,5.31742,14.6543,9.20208,22.152,20.7245,17.8915,16.7985,19.3868,24.3951,26.4539,25.1881,23.6917,22.1611,21.1551,21.4066,20.4096,23.7746,21.9477,20.2624,21.0773,19.3889,19.0638,24.1212,17.8914,14.4285,17.5454,6.07288
20.5146,10.9806,23.3926,2.80956,0.0,10.856,10.6895,21.6455,-2.01563,25.2231,24.5909,21.5298,21.901,24.5348,25.2068,25.7432,24.2232,21.7962,26.1819,24.4297,22.1706,17.3442,26.2102,10.6034,-3.97016,7.13777,18.3515,-13.3035,12.4288,17.1437,23.9355,11.4005,23.0942,21.291,24.3043,18.2498,17.9589,23.6867,24.1573,25.0811,21.6842,23.205,25.4584,22.2476,24.0849,3.26714,7.59904,19.1239,4.07244,6.79171,3.16296,-1.62388,8.54404,5.08898,12.7707,8.27151,8.30596,11.1954,3.57312,4.4655,6.31707,18.0263,7.71141,5.0905,14.6652,5.83043,5.70195,11.1004,-1.16008,7.26618,2.72877,-1.93613,1.17755,12.1554,7.61881,3.83991,9.35989,6.13352,-7.61111,5.87404,7.03919,7.63978,5.54876,-0.851029,12.1516,2.26748,9.11821,5.05372,15.18,8.65068,22.1684,20.3532,18.2284,17.1489,19.4586,24.5832,26.6093,25.4478,23.7288,21.9617,21.2386,21.405,20.5053,24.2199,21.8731,20.3904,21.2324,19.1724,18.7934,24.1613,18.089,14.7647,17.9931,6.14
21.0349,10.9051,23.6972,3.15924,0.0,10.4487,11.0615,21.9188,-1.71638,25.6005,24.8495,22.1697,22.2788,24.81,25.8233,26.0128,24.7515,22.3262,26.4286,24.5698,22.01,17.5809,26.0096,11.1918,-2.85669,8.16604,18.3961,-13.5315,12.2777,16.8019,24.0659,11.5718,22.8754,21.0189,22.9276,18.1307,17.4385,23.8467,24.5996,24.9492,21.7987,23.4948,25.1131,22.5327,24.1022,4.60834,8.49853,19.655,5.76503,7.68443,5.17817,0.725821,9.61265,6.41403,14.0142,9.5312,8.11735,12.2523,5.87585,6.48887,7.39103,18.5897,8.48995,7.14245,15.1951,7.2425,7.13872,11.4335,0.873754,7.25129,4.13115,-0.626124,-0.266275,13.5393,9.47641,6.00435,10.8669,7.963,-7.43591,7.55455,8.83327,9.5152,4.62892,-0.89331,11.8756,1.33961,7.63837,4.29349,15.5056,9.12824,22.0398,20.47,18.8842,17.3811,19.7642,24.3373,26.7442,25.4892,23.6366,22.4182,21.1161,21.3215,20.4141,23.7432,21.7992,20.4993,21.0721,19.5095,18.8913,23.9684,18.1647,14.8533,17.9785,6.00512
20.4544,11.383,23.4794,3.19144,0.0,11.0492,10.9214,21.9286,-1.90922,24.5365,24.4917,21.1357,21.9838,24.5125,25.2492,25.8086,23.7389,21.3582,26.0353,24.6366,22.1613,17.6788,25.6318,11.2533,-4.07297,7.8157,18.4635,-13.9506,12.1792,16.696,23.2366,11.3716,22.4233,20.9342,23.4787,17.7737,17.6615,22.983,23.6502,24.7875,21.4005,23.0057,25.093,22.1067,23.9216,4.61167,9.42002,19.4864,5.75414,8.58817,4.88442,-0.941702,9.87084,7.11377,13.8203,9.3745,9.06166,12.2084,5.59318,6.03336,8.06641,18.5447,9.66178,6.68154,15.3832,6.6755,7.07604,11.7081,0.43455,8.36481,3.86466,-0.990596,0.120426,13.2804,9.50317,5.54305,10.7682,8.0119,-7.22582,7.44621,9.03627,9.56321,5.93755,-0.559936,12.8509,2.50501,9.35326,5.61123,15.4754,9.76093,22.2022,20.2975,18.7452,17.3763,19.7706,24.3046,26.4982,25.2592,23.6631,22.0849,20.9151,21.1442,19.8829,23.7488,21.3713,19.9935,20.9767,18.9006,18.406,23.9151,17.8048,15.1133,18.1535,6.549
21.2245,10.8676,23.4665,2.68104,0.0,10.909,10.7909,21.3963,-1.68553,24.9494,24.6361,21.435,22.0192,24.5968,25.2229,25.9056,24.1368,21.4947,26.1798,24.5839,22.0337,17.3209,26.2703,10.8798,-3.64744,6.97044,18.2861,-13.8515,12.4543,17.1949,24.0227,11.6688,23.1315,21.3815,24.3742,18.3448,18.221,23.7013,24.2575,25.2849,22.1674,23.6839,25.486,22.7372,24.4334,6.01554,10.464,19.0301,7.46748,8.90698,6.05402,0.112883,11.0921,8.27506,13.859,11.017,8.884,13.0039,6.76964,7.58282,9.47793,18.9733,10.477,8.40596,15.0937,8.86933,8.37484,11.886,0.96177,8.5058,5.68632,-0.970936,-0.711158,13.7231,9.53935,7.46729,11.8644,8.84537,-5.66311,9.12569,10.2137,10.1611,6.58392,-0.462745,12.7671,1.28816,8.87459,4.82076,15.2518,8.92902,22.2519,20.03,18.7374,17.7203,19.7414,24.441,26.922,25.466,23.8401,22.5018,21.1896,21.6746,20.4396,24.0514,21.7599,20.0201,20.9733,19.8983,19.1436,24.0543,18.4761,15.0405,18.3538,5.98606
21.6497,11.6218,23.7303,2.93485,0.0,10.8407,11.4034,21.8094,-1.4992,25.6361,24.9063,21.9371,21.8027,24.7818,25.7204,25.9181,24.682,22.1138,26.4199,23.9279,22.1639,17.9785,26.041,11.3073,-3.77613,8.50591,18.2484,-13.726,12.4165,17.4028,24.2961,11.2564,23.1789,21.2969,24.5964,18.3568,17.7655,23.8218,24.4643,25.3822,21.4596,23.7551,25.5343,22.5536,24.1071,4.56455,9.26369,19.0762,6.16182,8.49583,5.25551,0.235992,9.36554,7.10126,12.9653,9.68131,8.35387,11.5113,5.69466,6.206,7.97578,17.8308,9.46905,7.24237,15.0073,7.66467,7.03112,10.8484,1.00154,8.01188,3.45648,-0.689347,-0.829068,12.3482,8.84152,5.77179,10.6559,7.61704,-7.21169,7.75429,8.76492,8.45164,5.10829,-0.622585,12.7841,2.6426,8.98836,5.43227,16.1011,8.96777,22.5988,20.6139,18.2655,16.7031,19.6471,24.7441,26.8975,25.6762,24.0457,22.3753,21.2265,21.7906,20.723,24.2903,22.0798,20.5946,20.8441,19.596,19.1499,24.3132,18.3148,15.102,18.4085,5.77422
21.0868,11.6633,23.5472,3.35889,0.0,11.6771,11.7366,21.706,-1.04407,25.0029,24.6654,21.2819,21.7434,24.536,25.2678,26.0053,23.9261,21.439,25.9114,23.9718,22.0631,18.2884,25.7383,11.9493,-4.3568,8.3563,18.9252,-15.5609,12.7569,17.0426,23.9209,11.3772,22.8097,21.0889,24.5982,18.0135,18.5092,23.3758,24.0513,24.6232,21.637,22.8114,24.9913,22.1084,24.059,5.28902,10.1422,19.1118,6.94076,9.23522,6.82844,1.91127,10.586,7.9358,13.7766,10.2954,8.73734,12.8644,6.91393,7.44403,8.88259,18.6902,10.2638,8.06753,15.5218,8.04774,7.89568,11.6864,2.05686,8.49782,4.7909,-0.0962505,-0.654272,13.571,9.79285,6.94066,11.6309,8.72372,-5.40397,8.87797,9.9834,9.96802,7.14619,-0.10219,13.2761,1.28705,8.93386,4.70626,15.7751,8.88436,21.7673,19.7468,18.268,17.7848,19.5867,24.2084,26.6684,25.2901,23.4355,22.353,21.1083,21.2635,20.2365,23.8053,21.6149,20.3465,21.3187,19.3772,18.8157,23.722,17.9831,15.1598,18.0876,5.93399
21.3774,11.2212,23.9436,2.71627,0.0,11.0666,10.8673,21.5928,-1.83029,25.5606,24.8966,21.7335,21.8793,24.6952,25.5476,25.971,24.4646,21.8824,26.2968,24.2333,22.1504,17.651,26.0082,11.1909,-5.51284,7.18908,18.6516,-14.3962,12.1207,17.26,23.9349,11.5137,22.9139,21.3225,23.9086,18.2531,16.9972,23.4155,24.1354,25.0862,21.7872,23.4779,25.3372,22.5502,24.1525,4.56975,8.70792,19.1832,5.9802,8.13105,5.35986,0.692726,9.30611,6.88332,12.7383,9.58467,8.01098,11.8574,5.91477,6.71082,7.47201,18.019,9.06614,7.20326,14.9156,7.29949,7.0053,11.0106,0.774856,7.41175,3.75455,-0.803035,-0.554466,12.3538,8.05707,6.27556,10.535,7.63716,-6.08418,8.52879,8.96766,8.38501,6.10164,-1.05888,12.7184,2.62025,9.70698,5.92675,15.9878,9.35471,22.6859,20.299,18.0443,17.0269,19.6598,24.702,26.8542,25.6001,24.0283,22.7054,21.1377,21.1742,20.2671,23.7664,21.6424,20.6597,21.591,19.2411,18.2201,24.2431,17.4821,14.656,17.7601,5.90933
20.7265,11.7622,23.5656,3.18419,0.0,11.3878,11.6401,21.8937,-1.80434,24.9974,24.5179,21.5131,21.9169,24.377,25.1378,25.6515,24.1651,21.7089,25.933,24.1571,21.9069,17.1296,26.0311,10.461,-5.31126,7.13461,18.4713,-14.408,11.6873,16.6482,23.6955,11.4525,22.7014,20.9959,22.4772,17.9857,16.3513,23.3098,23.9882,24.7664,21.5229,23.2241,25.0446,22.2776,24.0747,5.51894,10.3741,19.3824,7.23287,9.9947,7.46526,1.85608,10.2299,8.39248,13.7578,10.6659,9.71731,12.1412,7.69153,8.24379,9.09742,18.2099,10.7876,8.65406,14.5708,8.55588,7.94692,10.7033,2.96353,9.24125,4.52594,0.82153,0.371384,13.3738,10.1213,7.80708,11.4457,9.14529,-7.109,9.53743,10.6143,9.90676,6.25349,-0.15789,12.322,2.28491,9.03621,5.75811,15.2287,9.22001,22.2611,20.6095,17.881,16.6586,19.3069,24.4718,26.7246,25.1897,23.8571,22.4341,21.2398,21.0291,20.5188,23.6895,21.8978,20.4786,21.764,19.4464,18.9341,24.2651,18.12,15.1521,18.1794,6.26706
21.3329,11.4918,23.7419,2.67258,0.0,10.8006,11.5771,22.3033,-2.47586,25.697,24.8643,22.3666,21.9994,24.741,25.6886,25.9526,24.7707,22.4509,26.3789,24.3356,21.9156,16.462,26.2802,9.62219,-4.61442,8.00543,18.6318,-14.0995,12.7084,16.7128,23.9219,12.1492,23.0585,21.3235,23.1679,18.209,17.1131,23.6554,24.3876,25.2033,22.0525,23.469,25.4021,22.459,24.135,5.78951,10.1552,19.3581,7.5961,9.28545,6.51914,1.63528,10.3544,8.30608,13.5107,10.9164,8.56925,12.3978,7.03465,8.0392,8.99185,18.1519,10.3159,8.88734,15.0149,9.03148,8.17371,11.7419,2.05918,8.34815,4.85484,0.100268,0.480033,13.2308,9.75458,7.68854,11.6781,9.03191,-6.51436,9.90644,10.4803,9.84281,4.59019,-2.11822,11.8819,3.71589,9.60512,6.75929,15.1133,9.80167,22.3585,19.728,18.6177,16.8915,18.8888,24.4711,26.9791,25.2689,23.7211,22.4878,21.3999,21.483,20.5282,23.8897,21.8648,20.7477,21.7861,19.5037,18.8597,24.1975,17.8176,14.8221,17.9158,6.30602
20.5578,11.1877,23.5658,3.2191,0.0,11.1284,11.458,22.3751,-1.52143,25.3267,24.7841,21.9379,22.3326,24.7454,25.4896,26.0376,24.5871,22.106,26.2618,24.8182,22.5642,17.6365,26.4605,11.3613,-4.86611,7.39097,18.7431,-13.6311,12.6096,16.8214,23.8453,11.6562,22.8582,21.1996,23.482,18.1434,18.4714,23.4739,24.1718,25.0162,22.2922,23.3757,25.2033,22.6821,24.2686,3.81923,8.57803,19.2069,5.26611,8.82146,6.33682,1.53658,9.05404,6.58727,13.0854,8.84884,8.39528,11.1614,6.73634,7.13947,7.47677,17.8919,8.95377,7.03191,14.4143,6.38978,6.32457,10.3416,1.78228,7.6809,3.28672,0.0441012,0.777402,12.5373,8.49413,6.61446,10.0701,7.65644,-6.695,7.8189,8.85036,8.70304,5.58977,-1.21567,12.5255,2.79281,9.19777,5.82046,15.6747,9.20362,22.258,20.8697,17.2858,16.7417,19.4027,24.7316,26.5881,25.3008,24.0787,22.5838,21.3753,21.5462,20.2409,24.1235,21.8393,20.3763,21.6799,19.5304,18.9021,24.3899,18.2356,15.0325,18.0375,6.07649
21.4006,11.4342,23.8991,2.47683,0.0,10.8395,10.4167,21.6523,-3.11754,25.5412,24.9686,21.5105,22.3493,24.8832,25.5941,26.0259,24.3495,21.8902,26.4445,25.0136,22.3791,17.3891,26.0509,11.2953,-2.50758,7.68894,18.8032,-13.0999,12.6019,17.4354,24.3028,11.7474,23.2535,21.4031,23.8621,18.5013,17.72,23.8426,24.4055,25.145,22.2558,23.6757,25.4517,22.8396,24.4239,4.42269,9.31427,20.225,5.66825,8.13008,5.55366,0.551982,10.1841,7.04877,14.2855,9.88086,8.64799,12.3497,6.07752,6.81843,8.2772,18.4967,9.29968,7.07491,15.4247,7.184,7.08552,12.0662,0.766619,7.84554,3.96277,-0.863003,-0.445608,13.7513,10.2449,6.21763,11.1423,8.72993,-5.76646,8.63157,9.98324,9.98525,7.0516,-0.10727,12.9423,4.20663,10.8835,7.06294,16.0264,10.7529,22.8956,21.03,19.1147,17.4865,19.8254,24.6212,27.1426,25.7615,23.8749,22.6455,21.5323,21.6737,20.6833,24.0238,22.2901,20.5448,21.6802,19.9013,19.4452,24.4383,18.9579,15.5246,18.584,5.66128
20.8322,11.3839,23.7069,3.00955,0.0,11.2152,11.312,22.0275,-1.65834,25.4314,24.7474,21.8957,22.2208,24.5949,25.3519,26.006,24.4183,22.023,26.1332,24.7046,22.4275,17.3062,26.1708,10.3288,-3.89296,7.6323,18.5161,-14.1696,13.3028,17.2405,24.0609,12.0073,22.9559,21.2059,23.8097,18.2915,18.5225,23.7663,24.4251,25.0499,21.9522,23.3241,25.252,22.4694,24.0825,5.23127,9.70335,19.8628,6.70674,8.64268,5.19579,-0.801303,10.0683,7.62377,14.0979,10.6751,8.77211,12.2293,6.06535,7.15795,8.62193,18.206,9.80826,7.8945,15.0319,8.30842,7.61452,11.4248,0.636446,8.20098,4.60694,-1.26002,0.510138,13.5255,10.519,6.75963,11.2262,9.36548,-5.75334,9.16142,10.7334,9.97181,6.53068,-0.147217,12.5636,3.21273,9.99425,6.20159,15.4486,9.71982,22.487,20.4517,18.8183,16.7572,19.0641,24.3085,26.7338,25.1586,23.686,22.4895,21.3656,21.7134,20.797,24.0625,22.0299,20.5769,21.2432,19.8934,18.9384,24.2844,18.1074,14.9398,18.2584,6.1748
21.1727,10.5782,23.9095,3.15116,0.0,11.4367,11.4164,21.7348,-1.41745,25.4214,25.047,21.8221,22.0889,24.7941,25.8057,26.0513,24.4793,22.0938,26.3773,24.7925,22.6409,18.1055,26.4953,11.4517,-4.64911,7.70646,18.4761,-14.0696,13.5636,16.8982,24.1215,12.3351,23.1738,21.3532,23.5414,18.3856,19.0437,23.9423,24.8441,25.329,22.3538,23.7723,25.5482,22.982,24.4686,4.9822,9.83828,19.7307,6.58924,8.87326,4.08751,-0.289774,10.0239,7.8035,13.6416,9.35006,9.08909,12.0533,4.51838,5.55771,8.46141,18.5146,10.0511,7.1107,15.211,7.19133,7.04138,11.8004,0.463219,8.63988,4.58164,-0.910525,-0.194755,12.9202,9.12129,4.56247,10.5026,7.42138,-5.91857,7.20832,8.37641,9.02458,6.91569,0.270873,13.4238,3.0201,9.62001,5.65759,16.3522,9.70319,22.7573,20.7546,18.9852,17.5618,19.8372,24.6186,26.9486,25.7609,24.0758,22.7332,21.4589,21.8523,20.8569,23.9212,22.337,20.4201,21.5274,19.7546,19.307,24.4844,18.3398,15.4755,18.4155,6.80059
21.1634,11.5196,23.7873,2.82937,0.0,11.4896,11.0043,22.156,-2.40569,25.6306,24.9009,22.4698,22.4887,24.8359,25.6006,26.2352,25.1382,22.1868,26.2341,24.6292,22.3585,17.2722,26.2993,10.0316,-3.91138,7.81174,19.0898,-13.3432,12.6286,17.0983,23.9174,11.6641,22.9527,21.307,24.3408,18.1512,17.7408,23.7232,24.1993,25.2782,22.4894,23.7234,25.5213,22.9293,24.6402,5.63878,10.3154,19.5612,7.46919,9.24083,5.93542,1.137,10.5135,8.121,14.1375,11.0772,8.97307,12.5869,6.88798,7.83667,9.05398,18.6422,10.4397,8.64444,15.2232,8.99496,8.09703,11.6622,1.94485,8.80689,4.93277,0.0359248,-0.203096,13.5096,10.81,7.76062,11.6766,9.64951,-5.7216,10.1595,11.2127,10.247,5.94489,-0.627235,11.3424,1.69949,8.9619,5.41477,14.2525,9.23699,22.0598,20.4458,18.6557,17.0214,19.4197,24.5944,27.2259,25.4932,23.935,22.6902,21.5859,21.6504,20.6067,23.9872,22.0007,20.3801,21.8466,19.7973,19.2282,24.4442,18.2937,15.0382,18.4058,6.04695
21.4015,11.1665,24.0545,3.32707,0.0,11.0771,10.8998,21.7352,-0.30694,25.9334,25.1331,22.4652,22.3898,25.0144,25.6414,26.264,24.9109,22.4391,26.4313,24.9811,22.4954,17.7565,26.6886,11.0087,-3.38428,7.73791,18.4034,-13.664,12.6996,17.5232,24.4837,12.0889,23.5717,21.8503,23.4989,18.7804,17.8091,24.4643,25.2223,25.7366,21.9433,24.1631,25.8784,22.7727,24.4517,4.24823,9.32683,19.0273,5.3981,8.38453,5.0119,0.0238526,10.348,7.14061,13.3481,9.09081,9.13424,12.1694,5.37333,5.77986,8.29775,18.9009,9.41575,6.39696,15.7726,6.58487,6.6473,12.171,0.439584,8.409,4.59059,-0.968566,0.606515,12.9856,9.13862,5.17032,10.2829,7.82609,-5.67752,7.59236,9.02774,9.05203,7.84498,0.858052,13.6543,1.81656,9.23509,5.06207,15.4955,8.66716,22.5658,20.9816,19.4064,18.4154,20.5915,25.0209,27.227,26.0544,24.3967,22.9707,21.7369,21.8594,20.8913,24.0792,22.3926,20.5146,21.848,20.2932,19.8374,24.8415,19.0452,15.514,18.5439,6.20266
21.3858,11.6133,23.7816,3.05416,0.0,10.8983,11.1641,22.0774,-1.53894,25.5936,24.8935,21.7845,21.999,24.9485,25.6948,26.2267,24.477,21.9918,26.5671,24.5888,22.5251,17.8349,26.2771,10.9661,-3.18579,8.39536,18.735,-13.5322,12.6209,17.4469,24.216,11.8565,23.2828,21.4853,24.7147,18.4811,17.928,24.0553,24.6858,25.4584,21.9717,23.8765,25.7273,22.7891,24.4416,4.82222,9.26246,20.1254,6.05055,8.40794,4.70713,0.951931,9.62827,7.33275,14.6529,10.4167,8.92979,12.1862,5.56425,6.24383,8.19377,18.7384,9.50272,6.8663,14.4254,7.77098,7.37721,11.0793,1.00015,8.16943,4.24275,-0.551131,-0.216518,14.0006,10.5116,6.12995,11.0785,9.12166,-5.38303,9.00614,10.502,10.1008,6.69539,1.19043,12.9536,3.59448,10.2143,6.30961,15.864,10.2394,22.3968,20.3622,18.7559,17.9092,19.8897,24.5752,27.1993,25.6895,23.8865,22.63,21.5,21.6367,20.229,24.4257,21.6541,20.4003,21.5579,19.2456,18.5114,24.361,17.8891,15.0221,18.2903,6.59275
20.5441,11.886,23.6265,2.61702,0.0,10.9991,10.7186,21.2284,-1.80582,24.9553,24.596,21.3237,21.883,24.3954,25.107,25.7162,23.9751,21.428,25.815,24.1441,21.7776,16.89,25.6267,10.4306,-3.75315,8.26901,18.3406,-14.7666,11.3371,16.5353,23.7072,11.0728,22.4817,20.8098,22.8562,17.7816,16.1444,23.1054,23.7584,24.6266,21.0404,22.948,24.8344,21.8632,23.6871,4.38442,9.4764,19.3321,5.83322,8.62515,5.61229,0.465023,9.9892,7.32898,13.1716,9.28209,8.2295,11.7585,5.96293,6.4131,8.52553,17.7592,9.45349,6.85173,14.5359,6.90403,6.75514,11.0916,0.71905,7.61248,4.21436,-1.02809,-1.85378,12.5962,8.80178,5.58138,10.3661,7.40921,-6.48743,7.59748,8.56308,8.65158,5.52496,-0.656149,12.0541,2.75156,9.06236,5.87003,15.3336,9.3872,22.0378,20.4755,17.7592,16.203,18.6305,24.3868,26.438,24.9459,23.7098,22.1785,21.1201,21.181,19.9057,23.9081,21.594,20.3032,21.6842,18.8776,18.4547,24.215,17.6293,14.3631,17.6416,6.07559
21.2519,10.965,23.3672,2.75637,0.0,10.9373,11.2681,21.5226,-1.50049,25.0695,24.5616,21.6056,21.6342,24.4681,25.0422,25.8031,24.1205,21.6487,26.1119,24.0865,21.7771,17.2175,26.1241,10.3588,-4.87603,7.68169,18.7676,-14.2957,13.1886,17.056,23.7766,11.9314,22.8662,21.3707,24.3304,18.0459,18.5478,23.3835,23.8966,25.1298,22.3957,23.5777,25.4244,22.8118,24.4607,5.32544,10.3111,19.1905,6.93938,9.08631,5.31934,-0.622657,10.5384,8.00324,13.1062,10.6828,8.9797,12.235,6.36837,7.5906,9.05942,17.7883,10.4335,8.37585,15.1963,8.57684,7.81994,11.6731,0.559034,8.63678,4.81926,-1.33538,-1.46014,12.6382,9.11569,7.40972,11.4066,8.59125,-5.58785,9.4531,10.1758,9.33683,7.38244,-0.802073,12.8395,2.78675,10.0362,6.05107,15.8301,9.24588,22.471,20.1264,18.8981,16.9039,19.1387,24.3436,26.6332,25.1943,23.5175,22.4311,21.2765,21.3128,20.6489,23.9796,22.0261,20.7833,21.5404,19.758,19.0133,24.1116,18.1797,14.6087,17.8458,6.43479
20.921,11.296,24.0701,3.55319,0.0,11.9004,11.9283,21.8012,-0.278355,25.5734,25.3274,21.5154,22.1129,25.1688,25.9439,26.4208,24.3176,21.8663,26.8444,24.8483,22.4828,17.3617,26.6173,10.5025,-2.62504,8.45191,18.5633,-15.1968,12.2591,17.7902,24.6145,12.1643,23.5562,21.7756,24.3568,18.9246,17.215,24.4134,25.0567,25.6866,22.4885,24.3638,25.7336,23.1713,24.7101,5.59441,9.43247,19.8088,7.07098,9.02556,6.15121,1.0522,9.94225,7.77446,14.4682,11.1842,8.30837,12.8341,6.79492,7.71072,8.47807,18.6743,9.76954,8.37333,15.0097,8.88029,8.18208,12.0237,1.43923,7.95652,4.70927,-0.509754,-1.09159,13.9577,10.6647,7.72778,11.957,9.46413,-4.6568,9.9542,10.8672,10.41,7.36047,-0.136715,12.7071,2.06546,9.64413,5.53673,15.0511,9.68716,22.1293,20.6269,18.9889,17.5187,20.0254,24.9908,27.0045,26.0263,24.3436,22.7841,21.6236,21.5795,20.6703,23.819,22.3824,20.8027,21.5403,19.7658,19.42,24.6309,19.117,15.691,18.7506,6.34483
21.2588,11.9799,23.9254,3.24428,0.0,10.9723,10.8808,21.5126,-1.57653,24.9375,24.8538,21.0004,21.7204,24.6384,25.4119,25.9231,23.9026,21.3679,26.1035,24.0841,22.1589,17.5991,26.1249,10.8983,-3.76238,7.85988,18.8687,-12.8218,12.3313,16.9305,23.964,11.6544,23.1266,21.3333,23.8165,18.3299,17.253,23.7927,24.62,25.1912,22.1061,23.5582,25.4817,22.6288,24.3164,5.21453,9.79532,20.1727,6.89853,8.32559,3.97063,-1.08287,10.1544,7.73005,13.8448,10.3563,8.5306,11.9985,5.18607,6.77902,8.76919,18.4812,9.85417,8.27769,14.9607,8.45178,7.49675,11.4778,0.0622735,7.97881,4.70175,-1.51609,-1.83934,12.9131,9.77888,6.7438,10.9623,8.72601,-5.87964,9.16368,10.3282,9.36301,6.31282,0.546248,12.4336,3.18572,9.47896,6.2088,14.9971,10.179,22.2881,20.9237,18.6496,17.816,20.1196,24.521,26.7733,25.5148,23.911,22.6784,21.3273,21.7378,20.9317,24.2144,22.4066,20.8817,21.7462,20.0197,19.4895,24.351,18.3026,15.1976,18.0015,6.27656
21.2905,11.4636,23.8475,2.94057,0.0,10.9759,10.7654,21.1039,-2.01514,25.3331,24.8599,22.015,22.5316,24.5914,25.2211,25.9043,24.6078,21.9409,25.997,25.033,22.404,17.3351,26.1091,10.6468,-2.67506,8.65318,19.0007,-12.4276,12.1652,16.7178,23.9219,11.6074,23.0246,21.3177,22.6339,18.2617,17.3809,23.5263,24.2161,24.93,21.8735,23.2534,25.3278,22.417,24.1682,5.86833,9.99366,20.0337,7.17799,8.84376,5.1639,-0.228605,10.7446,7.95364,14.3536,10.8309,8.64802,12.7515,5.95207,7.03549,8.92805,18.7588,9.96574,8.08969,15.8222,8.65823,8.20886,12.3052,0.900235,8.10371,4.95985,-1.12418,-2.41714,13.7964,10.7861,6.67394,11.7295,9.5499,-6.24777,9.15009,11.0565,10.3192,5.74618,-0.662961,12.0632,2.73359,9.08323,5.98211,15.4954,10.0593,22.3694,20.9161,19.0218,17.7362,19.8316,24.6414,26.8064,25.6081,23.9537,22.555,21.3366,21.6708,20.6451,24.6387,22.0448,20.5445,21.6582,19.8013,19.1807,24.349,17.8774,14.5161,17.9287,6.44262
21.4417,11.6446,23.8925,3.13256,0.0,10.6069,10.6396,21.709,-1.70047,25.5322,25.0314,21.8516,22.0763,24.9635,25.3524,26.2422,24.5699,22.0005,26.5975,25.2622,23.0093,18.072,26.641,11.3847,-2.90842,8.05348,18.7,-13.3777,12.5387,17.7451,24.6316,11.8085,23.5269,21.8058,24.5242,18.7655,17.7097,24.2728,24.9722,25.5914,22.3988,23.9522,25.7971,22.9984,24.518,5.80926,9.88506,19.7562,7.07056,9.26068,5.18857,-0.0859221,9.93396,8.13039,14.4899,11.191,9.00126,12.5572,6.12887,7.47685,8.69042,18.918,10.2673,8.24986,14.5077,8.78935,8.38856,11.3917,1.07599,8.43895,4.58409,-0.776605,-0.129005,13.6587,10.3805,6.82128,11.9586,9.15356,-5.78006,9.19634,10.4531,9.88521,7.64062,-0.221998,13.5285,1.66394,8.96732,5.2583,15.9934,9.459,22.8181,21.094,18.6409,18.2867,20.1479,24.7945,27.0053,25.8296,24.2921,23.0577,21.7933,22.0301,20.9673,24.306,22.416,21.0858,21.9455,20.2194,19.6471,24.7116,19.2123,16.2149,19.1651,6.04886
21.5478,11.5297,24.2494,2.8985,0.0,10.566,10.3967,21.7483,-2.01164,25.8564,25.2108,22.2629,22.4665,24.9795,25.7473,26.2193,25.0385,22.3123,26.5953,24.8391,22.5836,17.7755,26.1144,11.4752,-3.26199,8.86217,19.017,-13.0142,13.3433,17.6662,24.5504,12.109,23.3901,21.3584,24.093,18.7171,18.4811,24.0229,25.0749,25.1009,22.021,23.5904,25.4027,22.6693,24.3541,4.52898,9.73636,19.2214,6.20464,9.54597,6.90989,1.74006,9.84172,7.70879,12.8494,9.56941,9.1832,11.508,7.38651,7.85724,8.50739,17.3528,10.1452,7.78836,15.3571,7.4662,6.95824,11.6854,2.31326,8.53064,3.85933,0.482082,-0.394346,12.2848,9.24417,6.8248,10.4765,8.39644,-5.58315,8.76398,10.2616,8.57963,7.43127,0.314458,13.487,3.09169,10.0124,6.45204,16.1853,9.49216,22.9182,20.7896,18.7895,16.6752,19.6468,24.8804,26.998,25.7143,24.2913,22.6275,21.5059,22.0099,21.1797,24.2487,22.7299,20.7933,21.4806,20.0312,19.9063,24.7585,18.8916,15.5227,18.5577,7.12008
21.0891,11.8398,23.6518,3.5205,0.0,11.3318,11.8687,21.9497,-0.684048,25.0446,24.8088,21.3877,21.7783,24.7031,25.2478,26.0992,24.0568,21.5122,26.2689,24.4662,22.5722,18.1055,26.1818,11.1524,-4.01257,8.12941,18.7593,-13.1068,12.7084,17.199,24.0684,11.4609,23.2144,21.4616,24.028,18.4242,18.3568,23.6696,24.3119,25.2696,22.131,23.4868,25.5517,22.6759,24.5907,6.25944,11.011,18.9909,8.23373,10.1452,6.20918,0.630814,11.0617,9.17548,13.2297,11.1976,9.69765,12.7467,7.08088,8.24287,9.8547,18.1595,11.296,9.25989,15.7037,9.35181,8.48048,12.1204,2.37816,9.58575,5.5088,0.910688,1.98868,12.9799,9.34418,7.4856,11.9581,8.89881,-5.55941,9.06343,10.2209,9.60266,7.21305,-0.0351313,12.7628,1.26192,8.29194,4.95208,15.5405,8.72261,22.4967,20.1612,18.8007,17.2044,19.5452,24.6479,27.1573,25.5586,24.1191,22.7967,21.6964,21.7646,20.8842,24.29,22.1704,21.1659,21.9323,19.7869,18.7716,24.5375,17.5725,14.743,18.007,5.99365
21.8503,11.4717,24.2434,4.03743,0.0,12.2021,12.244,22.4361,0.12001,26.021,25.3041,22.3238,22.6168,25.2071,25.8971,26.535,24.9565,22.4735,26.8762,24.879,22.7414,17.9884,26.5269,11.1621,-3.26841,8.776,18.8857,-14.3176,13.3157,17.2167,24.2242,12.3295,23.403,21.613,23.021,18.7519,18.2488,23.8734,24.7654,25.4669,22.2785,23.826,25.6532,22.8406,24.349,5.84796,10.1317,19.7923,7.55377,9.89718,7.82396,2.62631,10.53,8.47817,14.5242,11.2255,9.25566,12.673,8.46749,9.04174,9.09223,18.6788,10.3726,9.12145,15.7074,9.06386,8.21222,11.7651,3.06235,8.78673,5.23601,0.891497,0.229097,13.6603,10.8073,8.78967,11.7923,9.77733,-4.94449,9.92233,11.1884,10.216,6.79057,-0.683312,12.9071,2.36208,9.35176,5.77876,15.6356,9.35833,22.8484,21.2629,19.1116,17.8959,20.5775,25.0976,27.4155,26.0177,24.4857,22.9983,21.8459,21.7906,20.8966,23.8848,22.3304,20.5793,22.0195,19.9948,19.7152,24.7917,19.4865,15.8399,19.1763,6.85872
21.5594,12.4903,23.9684,3.23285,0.0,12.0418,11.9108,22.5679,-1.29688,25.5486,25.025,22.0559,22.2577,24.8945,25.6199,26.0925,24.6898,22.1213,26.4984,24.6566,22.4479,17.6879,26.2647,11.1378,-4.44035,7.64523,19.2038,-13.6086,12.9605,17.1752,24.1296,12.0189,23.1863,21.2655,24.1919,18.3149,17.7542,23.8572,24.4016,25.2189,22.4336,23.663,25.4689,22.8983,24.5089,5.56274,9.3802,19.7692,7.13288,9.04967,7.22337,1.44088,10.1616,7.79861,14.1676,10.8325,8.57928,12.7267,7.44115,7.9541,8.38499,18.8464,9.62519,8.15594,15.485,8.40782,8.02845,12.347,1.8542,8.01365,4.78935,0.259316,0.96468,13.6609,10.5935,7.67351,11.8481,9.42484,-4.53422,9.31948,10.6171,10.5276,7.93104,-0.707747,13.4858,3.32225,10.786,6.18014,15.905,9.98915,22.6976,20.3318,19.7665,18.2475,20.369,24.9852,27.6818,26.0991,24.1516,22.8437,21.6218,21.7186,20.6122,24.2939,22.018,20.7324,21.5633,19.7186,18.8784,24.4274,18.2313,15.3055,18.4191,6.21485
21.5963,11.8206,24.0328,3.55521,0.0,11.2309,11.0044,21.8909,-1.015,25.7218,25.0864,21.8117,22.5096,24.9662,25.6979,26.1384,24.7085,21.9681,26.4397,24.7772,22.5387,18.3387,26.4511,12.1068,-3.84117,8.58728,19.1027,-12.8854,13.3791,17.415,24.2591,12.2481,23.1866,21.4484,24.1884,18.317,18.0922,24.0714,24.6389,25.4062,22.2178,23.869,25.5405,22.8392,24.3878,5.74897,10.139,20.2174,7.16891,9.15439,6.29508,1.3199,10.5648,8.23256,14.6192,10.8772,8.58896,13.1281,6.66407,7.36159,9.0757,19.3179,10.3143,7.96777,15.4649,8.43543,8.23723,12.089,1.88387,8.24717,5.40159,0.144222,0.818065,14.1068,10.5294,6.39679,12.0522,8.94845,-4.92137,8.26224,9.9841,10.4932,7.3266,1.27252,14.0623,4.01027,10.1697,6.79642,16.7063,10.786,22.7909,21.2328,19.6645,18.411,20.7195,24.9732,27.7245,26.3321,24.2563,22.9673,21.6474,21.7331,20.9234,24.552,22.1589,21.1228,21.6295,19.9798,19.1155,24.6599,18.0371,14.9642,18.3151,6.65853
21.8342,11.4961,24.0145,4.02426,0.0,12.5838,13.1741,22.9914,0.055269,26.0505,25.1433,22.3028,22.5591,25.0089,25.7755,26.3469,24.9667,22.5304,26.512,25.1276,22.7345,18.4057,26.4844,11.5365,-3.90087,8.58997,19.5108,-14.8606,13.4965,17.9214,24.418,12.0325,23.2006,21.5721,24.7381,18.5179,19.1005,23.7911,24.756,25.3444,22.6709,23.7945,25.6399,23.1475,24.6976,5.943,10.6127,19.6476,7.45224,10.212,7.35883,3.37428,10.7922,8.79712,13.6792,10.3531,9.57029,12.8263,7.517,8.14054,9.41264,18.5364,10.9703,8.46867,15.7949,8.13914,8.30678,12.4687,3.63553,9.41584,5.65724,1.75467,1.381,13.1849,9.49037,7.0113,11.7298,8.37271,-4.64995,8.24035,9.35862,9.46475,6.88015,-0.0237889,13.3112,2.7427,9.49296,5.79908,16.1096,9.35577,22.7689,20.4616,19.0742,17.3768,19.7097,24.695,26.9902,25.6997,24.0199,22.8875,21.8159,22.0097,20.8375,24.5522,22.2816,20.912,21.72,20.0768,19.5045,24.4468,18.7968,15.9339,18.5864,6.52989
21.916,11.5438,24.0443,3.6179,0.0,11.8159,12.2849,22.5277,-0.227663,25.9774,25.1801,22.9344,22.5222,25.1533,25.9379,26.3859,25.2032,22.7989,26.7423,25.1129,22.6648,17.8334,26.5226,11.0165,-3.85761,8.4225,18.9838,-13.3872,13.4099,17.518,24.3524,12.2823,23.4464,21.8014,24.2156,18.7255,18.4141,24.2266,24.6302,25.5007,22.482,23.9417,25.8221,23.0752,24.5506,6.61172,11.1037,19.568,8.71429,11.3595,8.33604,3.30267,10.8137,9.40281,13.8784,11.5391,9.34844,12.7236,8.89816,9.63354,9.89791,18.5792,11.5042,10.0661,15.2354,9.69213,8.85338,11.4289,4.46906,9.53561,5.72612,2.69313,1.25208,13.5935,10.487,8.858,12.2155,9.94221,-4.71227,10.0567,11.3391,10.3738,6.19983,-0.811596,12.1872,1.76704,8.71425,4.97452,15.4009,9.29587,22.426,20.9608,18.7173,17.7895,20.1698,24.7,27.093,25.7025,24.0048,22.7287,21.952,22.1525,20.8383,24.2996,22.3941,20.9872,21.8896,19.8417,19.4131,24.4988,18.7356,15.8175,18.5506,6.86456
21.2693,11.9817,24.009,3.49997,0.0,11.4159,11.2995,22.7317,-1.5654,25.6359,25.273,22.5089,22.5756,25.1776,25.8678,26.5002,24.9791,22.5874,26.6889,25.2624,23.1318,18.0082,26.9411,11.188,-2.85729,9.72163,19.3118,-13.3511,13.2884,17.5508,24.771,12.4126,23.7613,21.865,23.8011,18.9161,18.435,24.5568,25.2102,25.6213,22.1714,23.9533,25.8384,22.8412,24.6362,6.16142,10.045,19.9079,7.87998,10.1571,8.97395,4.4107,10.1562,8.49009,14.5003,11.1219,9.03286,12.8006,9.20306,9.58474,8.87721,18.7229,10.4954,9.44096,14.8642,9.20245,8.53187,11.37,3.90569,8.71773,5.20056,1.86268,1.06643,13.9637,10.8925,9.52381,11.9442,9.82756,-3.85173,11.1075,11.8194,10.3551,7.79377,-0.399015,13.4225,2.43493,9.98892,5.92437,15.9302,9.87518,22.9335,21.1966,18.4427,17.999,20.5447,25.1842,27.1962,26.1516,24.5099,23.1845,22.0934,22.2232,21.4558,24.3653,22.9171,21.3052,22.1116,20.5872,20.2122,24.9165,19.5884,16.0943,18.8908,6.75123
