0.0,0.0,4.0496e-06,0.00132751,0.0,6.0213e-06,4.43081e-06,0.0,0.00036919,2.71457e-06,1.83721e-06,3.15654e-06,9.16205e-06,6.12437e-07,0.0,0.0,2.09387e-06,0.0,0.0,1.55253e-05,5.46251e-07,0.0,0.0,8.19678e-06,0.0,0.000184577,0.0131156,0.0,2.23231e-05,0.00113259,0.00110072,0.000382577,0.00668488,0.000308137,0.00014377,0.0033733,1.32413e-06,0.000327176,3.52105e-05,5.26646e-05,0.000345195,2.50123e-05,9.13489e-06,1.8567e-05,0.000270149,8.87018e-05,9.81362e-07,0.0,0.0,3.71735e-05,1.61214e-07,0.0,4.06693e-05,0.000265724,0.0,0.0,0.0,2.05492e-05,0.0,2.86718e-06,0.0,0.0,0.0,2.00076e-05,7.5921e-05,0.0,4.90538e-05,0.00472775,2.71137e-05,0.0,9.63293e-05,6.86154e-06,0.0,0.0,0.0,3.53998e-07,7.35117e-06,0.000127764,3.20926e-05,0.0,0.0,0.0,1.67265e-05,7.08977e-05,0.00020657,0.0,4.80376e-05,0.000108494,0.00018836,6.51769e-06,0.000136301,5.25296e-07,4.85542e-05,1.2648e-06,0.000252177,0.0001333,2.146e-05,0.000649404,0.000214757,0.00111339,2.40523e-05,0.0,8.35029e-06,0.0,4.44467e-06,0.000119067,1.35331e-05,0.00011865,9.63069e-06,0.00133664,0.0,0.0,5.88225e-06,0.0
0.0,0.0,2.28965e-06,0.00132766,0.0,5.77041e-06,4.43081e-06,0.0,0.000373829,2.71457e-06,1.84376e-06,2.58385e-06,8.26956e-06,3.06219e-07,0.0,0.0,1.79222e-06,0.0,0.0,1.55253e-05,8.19377e-07,5.52129e-07,0.0,8.46613e-06,0.0,0.000184048,0.0131093,0.0,1.98879e-05,0.00113382,0.00109806,0.000381604,0.00668915,0.000309061,0.000146574,0.0033749,7.97489e-07,0.000326868,3.52121e-05,5.20578e-05,0.000345201,2.441e-05,9.43952e-06,1.85652e-05,0.00027073,8.84933e-05,7.8509e-07,0.0,0.0,3.71691e-05,0.0,0.0,4.11276e-05,0.000265509,0.0,0.0,0.0,2.05508e-05,0.0,3.04638e-06,0.0,0.0,0.0,2.00076e-05,7.61671e-05,0.0,4.88415e-05,0.00473095,2.77032e-05,0.0,9.57001e-05,6.4953e-06,0.0,0.0,0.0,5.30997e-07,7.35117e-06,0.000127544,3.27198e-05,0.0,0.0,0.0,1.65341e-05,7.08888e-05,0.000206124,0.0,4.82686e-05,0.000108036,0.000188382,6.98312e-06,0.000135265,2.62648e-07,4.80099e-05,1.51569e-06,0.000252457,0.0001333,2.11603e-05,0.000654455,0.000209003,0.00110949,2.43639e-05,0.0,8.04538e-06,0.0,4.44467e-06,0.000119369,1.35336e-05,0.000114739,9.34152e-06,0.00134049,0.0,0.0,5.5888e-06,0.0
0.0,0.0,3.45961e-06,0.00132533,0.0,5.77041e-06,4.43081e-06,0.0,0.00037292,2.71457e-06,1.22627e-06,3.44384e-06,8.56177e-06,6.12437e-07,0.0,0.0,2.09258e-06,0.0,0.0,1.55253e-05,5.46251e-07,0.0,0.0,8.4351e-06,0.0,0.000185114,0.0131126,0.0,1.9627e-05,0.00113434,0.00111449,0.000381677,0.00668518,0.000308753,0.000145182,0.00337329,1.85623e-06,0.000327781,3.55138e-05,5.44802e-05,0.000344898,2.47109e-05,9.43952e-06,1.85676e-05,0.000270447,8.87038e-05,7.8509e-07,0.0,0.0,3.71735e-05,0.0,0.0,4.11276e-05,0.000265924,0.0,0.0,0.0,2.03154e-05,0.0,2.86718e-06,0.0,0.0,0.0,1.98241e-05,7.64117e-05,0.0,4.90538e-05,0.0047267,2.71137e-05,0.0,9.65377e-05,6.86494e-06,0.0,0.0,0.0,3.53998e-07,7.35117e-06,0.000127764,3.15247e-05,0.0,0.0,0.0,1.6094e-05,7.11338e-05,0.000205872,0.0,4.80376e-05,0.000108496,0.000188633,6.51946e-06,0.000137895,5.25296e-07,4.85661e-05,1.52604e-06,0.000251139,0.0001333,2.146e-05,0.00064912,0.000211699,0.00111091,2.34464e-05,0.0,7.74688e-06,0.0,4.74523e-06,0.00011876,1.35336e-05,0.000117165,9.63069e-06,0.00133906,0.0,0.0,5.88065e-06,0.0
0.0,0.0,3.74315e-06,0.00132739,0.0,5.77041e-06,4.43081e-06,0.0,0.000372668,2.71457e-06,1.53604e-06,2.87019e-06,7.43858e-06,6.12437e-07,0.0,0.0,1.79582e-06,0.0,0.0,1.5243e-05,5.46251e-07,5.56873e-07,0.0,7.94283e-06,0.0,0.000184574,0.0131104,0.0,2.25813e-05,0.00113005,0.00110238,0.000380816,0.00668612,0.00030783,0.000145745,0.00337152,1.32413e-06,0.000328087,3.42872e-05,5.1754e-05,0.000344606,2.50123e-05,9.13489e-06,1.88598e-05,0.000271022,8.87018e-05,7.8509e-07,0.0,0.0,3.71735e-05,1.61214e-07,0.0,4.11203e-05,0.000265348,0.0,0.0,0.0,2.07837e-05,0.0,3.04638e-06,0.0,0.0,0.0,2.00076e-05,7.59362e-05,0.0,4.88415e-05,0.00472769,2.73865e-05,0.0,9.59105e-05,6.86892e-06,0.0,0.0,0.0,3.53998e-07,7.35117e-06,0.000127544,3.259e-05,0.0,0.0,0.0,1.69704e-05,7.08977e-05,0.000206334,0.0,4.82686e-05,0.000108727,0.000187098,6.51769e-06,0.000137088,2.62648e-07,4.85661e-05,1.2648e-06,0.000253781,0.0001333,2.146e-05,0.000646669,0.000210807,0.00111213,2.46708e-05,0.0,8.35029e-06,0.0,4.44467e-06,0.000119373,1.35336e-05,0.000115333,9.63332e-06,0.00133509,0.0,0.0,5.58723e-06,0.0
0.0,0.0,3.44983e-06,0.00132894,0.0,6.0213e-06,4.43081e-06,0.0,0.000372498,3.01547e-06,1.22661e-06,3.44384e-06,9.12816e-06,3.06219e-07,0.0,0.0,2.69729e-06,0.0,0.0,1.55253e-05,8.19377e-07,5.54543e-07,0.0,8.4492e-06,0.0,0.00018458,0.0131128,0.0,2.03921e-05,0.00113345,0.00110149,0.000380887,0.00668977,0.000309368,0.00014459,0.00337513,1.05712e-06,0.000325361,3.67456e-05,5.26646e-05,0.000345204,2.50123e-05,9.43952e-06,1.82721e-05,0.000269867,8.80785e-05,9.81362e-07,0.0,0.0,3.71735e-05,0.0,0.0,4.08984e-05,0.000265515,0.0,0.0,0.0,2.03063e-05,0.0,2.86718e-06,0.0,0.0,0.0,2.00076e-05,7.5921e-05,0.0,4.88415e-05,0.0047286,2.71137e-05,0.0,9.61189e-05,6.80808e-06,0.0,0.0,0.0,5.30997e-07,7.13496e-06,0.000127322,3.20259e-05,0.0,0.0,0.0,1.54066e-05,7.11338e-05,0.00020678,0.0,4.80376e-05,0.000108723,0.000189157,6.75041e-06,0.000134744,2.62648e-07,4.85405e-05,1.2648e-06,0.000252719,0.000133301,2.146e-05,0.000650347,0.000207445,0.00111459,2.37499e-05,0.0,7.74688e-06,0.0,4.44467e-06,0.000119676,1.41484e-05,0.000116565,9.63069e-06,0.00134241,0.0,0.0,5.00034e-06,0.0
0.0,0.0,3.16807e-06,0.001324,0.0,5.77041e-06,4.67697e-06,0.0,0.000371864,3.01602e-06,2.14834e-06,2.87019e-06,8.27812e-06,6.12437e-07,0.0,0.0,2.39287e-06,0.0,0.0,1.55253e-05,5.46251e-07,0.0,0.0,8.46613e-06,0.0,0.000183781,0.0131134,0.0,1.96046e-05,0.00113262,0.00110219,0.000381527,0.00668456,0.000308445,0.000144596,0.00337545,1.32413e-06,0.000328094,3.42903e-05,5.14511e-05,0.000345198,2.50134e-05,9.13489e-06,1.85658e-05,0.000271889,8.89102e-05,7.8509e-07,0.0,0.0,3.71691e-05,1.61214e-07,0.0,4.11276e-05,0.000265924,0.0,0.0,0.0,2.03273e-05,0.0,2.86718e-06,0.0,0.0,0.0,2.00076e-05,7.64117e-05,0.0,4.90538e-05,0.00472815,2.73865e-05,0.0,9.59105e-05,6.64702e-06,0.0,0.0,0.0,3.53998e-07,7.35117e-06,0.000127764,3.25854e-05,0.0,0.0,0.0,1.71741e-05,7.08977e-05,0.000205635,0.0,4.80376e-05,0.000108263,0.000188108,6.75041e-06,0.000137869,2.62648e-07,4.85674e-05,1.52604e-06,0.000252205,0.0001333,2.14631e-05,0.000650563,0.00021474,0.00110819,2.31422e-05,0.0,8.34682e-06,0.0,4.44806e-06,0.000118147,1.35336e-05,0.000118046,9.92332e-06,0.00133062,0.0,0.0,6.76334e-06,0.0
0.0,0.0,3.46589e-06,0.00132852,0.0,5.77041e-06,4.43081e-06,0.0,0.000371385,2.71457e-06,1.83691e-06,3.44384e-06,9.142e-06,3.06219e-07,0.0,0.0,1.4937e-06,0.0,0.0,1.55253e-05,5.46251e-07,2.79004e-07,0.0,8.18115e-06,0.0,0.000184841,0.0131122,0.0,2.08418e-05,0.00113321,0.0011018,0.000380253,0.00668948,0.000308445,0.000145739,0.00337393,1.5895e-06,0.000328998,3.58223e-05,5.29657e-05,0.000345197,2.47109e-05,9.43952e-06,1.8567e-05,0.000269571,8.84953e-05,7.8509e-07,0.0,0.0,3.69943e-05,0.0,0.0,4.06693e-05,0.000265323,0.0,0.0,0.0,2.07818e-05,0.0,3.04638e-06,0.0,0.0,0.0,2.00076e-05,7.61671e-05,0.0,4.88415e-05,0.00472818,2.71137e-05,0.0,9.63293e-05,6.35769e-06,0.0,0.0,0.0,3.53998e-07,7.35117e-06,0.000127544,3.22491e-05,0.0,0.0,0.0,1.67168e-05,7.11338e-05,0.000206872,0.0,4.82686e-05,0.000108499,0.000188394,6.98312e-06,0.000136588,2.62648e-07,4.82954e-05,1.52604e-06,0.000253,0.0001333,2.08594e-05,0.000652414,0.000211119,0.00111432,2.46663e-05,0.0,8.04884e-06,0.0,4.44467e-06,0.000119372,1.35336e-05,0.000115658,9.34152e-06,0.00134235,0.0,0.0,5.58802e-06,0.0
0.0,0.0,3.16616e-06,0.00132753,0.0,6.0213e-06,4.43081e-06,0.0,0.00037474,2.71457e-06,1.5349e-06,2.87019e-06,7.4281e-06,6.12437e-07,0.0,0.0,1.79412e-06,0.0,0.0,1.55253e-05,8.19377e-07,0.0,0.0,8.19678e-06,0.0,0.000184577,0.013116,0.0,2.0544e-05,0.00113264,0.00111057,0.000382542,0.00668425,0.000308753,0.000146582,0.00337573,7.97489e-07,0.000327473,3.64378e-05,5.32689e-05,0.0003458,2.50123e-05,9.13489e-06,1.85658e-05,0.000270434,8.87018e-05,7.8509e-07,0.0,0.0,3.73527e-05,0.0,0.0,4.11276e-05,0.000265718,0.0,0.0,0.0,2.05492e-05,0.0,2.86718e-06,0.0,0.0,0.0,1.98241e-05,7.59362e-05,0.0,4.90538e-05,0.00472834,2.75657e-05,0.0,9.59105e-05,7.39915e-06,0.0,0.0,0.0,5.30997e-07,7.35117e-06,0.000127764,3.17391e-05,0.0,0.0,1.44796e-07,1.65267e-05,7.06615e-05,0.000203722,0.0,4.80376e-05,0.000108494,0.000188353,6.51769e-06,0.000136593,2.62648e-07,4.85392e-05,1.00355e-06,0.000251655,0.000133301,2.146e-05,0.000651174,0.000208342,0.00110908,2.43637e-05,0.0,8.04832e-06,0.0,4.74184e-06,0.000119065,1.35336e-05,0.000115648,9.92249e-06,0.00133897,0.0,0.0,5.29378e-06,0.0
0.0,0.0,3.45266e-06,0.0013286,0.0,5.77041e-06,4.43081e-06,0.0,0.000373724,2.71457e-06,1.84135e-06,2.58288e-06,9.14228e-06,6.12437e-07,0.0,0.0,2.09196e-06,0.0,0.0,1.55253e-05,5.46251e-07,5.52129e-07,0.0,8.18115e-06,0.0,0.000184848,0.0131096,0.0,2.07368e-05,0.00113115,0.00110198,0.000379131,0.00668764,0.000308752,0.000144892,0.00337853,1.32413e-06,0.000324733,3.55148e-05,5.26646e-05,0.000344601,2.47114e-05,9.43952e-06,1.8567e-05,0.000269856,8.87018e-05,9.81362e-07,0.0,0.0,3.71668e-05,1.61214e-07,0.0,4.08984e-05,0.000264943,0.0,0.0,0.0,2.03189e-05,0.0,3.04638e-06,0.0,0.0,0.0,2.00076e-05,7.61655e-05,0.0,4.88415e-05,0.00472861,2.71137e-05,0.0,9.61189e-05,6.77299e-06,0.0,0.0,0.0,3.53998e-07,7.35117e-06,0.000127544,3.23752e-05,0.0,0.0,0.0,1.63139e-05,7.08977e-05,0.00020677,0.0,4.82686e-05,0.000108492,0.000187878,6.75041e-06,0.000138121,2.62648e-07,4.85661e-05,1.52604e-06,0.00025113,0.000132994,2.17609e-05,0.00064675,0.00021293,0.00111706,2.34468e-05,0.0,8.34254e-06,0.0,4.14893e-06,0.000118757,1.35336e-05,0.000115949,9.34152e-06,0.00133577,0.0,0.0,5.88065e-06,0.0
0.0,0.0,2.87783e-06,0.00132658,0.0,5.77041e-06,4.43081e-06,0.0,0.000372093,2.71457e-06,9.20959e-07,3.1575e-06,8.27543e-06,3.06219e-07,0.0,0.0,2.08229e-06,0.0,0.0,1.55253e-05,5.46251e-07,8.28886e-07,0.0,8.73418e-06,0.0,0.000185108,0.013113,0.0,2.12992e-05,0.00113556,0.00110008,0.000385193,0.00668394,0.000308446,0.000145164,0.0033712,1.05874e-06,0.000328407,3.58253e-05,5.17545e-05,0.000344897,2.47103e-05,9.13489e-06,1.82667e-05,0.000271017,8.84953e-05,7.8509e-07,0.0,0.0,3.73483e-05,0.0,0.0,4.08984e-05,0.000266298,0.0,0.0,0.0,2.05492e-05,0.0,2.86718e-06,0.0,0.0,0.0,2.00076e-05,7.61671e-05,0.0,4.88415e-05,0.00472789,2.73865e-05,0.0,9.61209e-05,7.02682e-06,0.0,0.0,0.0,3.53998e-07,7.13496e-06,0.000127764,3.27198e-05,0.0,0.0,0.0,1.7218e-05,7.08977e-05,0.000206589,0.0,4.80376e-05,0.000108499,0.000188372,6.98312e-06,0.000136282,5.31998e-07,4.80248e-05,1.77693e-06,0.000252466,0.0001333,2.146e-05,0.000649987,0.00020901,0.00110602,2.40566e-05,0.0,8.35029e-06,0.0,4.7438e-06,0.000119677,1.32259e-05,0.000114139,9.63069e-06,0.00134231,0.0,0.0,5.88225e-06,0.0
0.0,0.0,3.46589e-06,0.00132695,0.0,5.77041e-06,4.43081e-06,0.0,0.000373336,2.71457e-06,2.14918e-06,3.15654e-06,7.996e-06,9.1934e-07,0.0,0.0,2.38851e-06,0.0,0.0,1.5243e-05,8.19377e-07,0.0,0.0,7.92873e-06,0.0,0.00018405,0.0131102,0.0,2.0187e-05,0.00112937,0.00110403,0.000381867,0.00669131,0.000308445,0.000144332,0.00337242,1.85759e-06,0.00032898,3.49009e-05,5.327e-05,0.000345206,2.47109e-05,9.13489e-06,1.85664e-05,0.000269579,8.84933e-05,7.8509e-07,0.0,0.0,3.71735e-05,1.61214e-07,0.0,4.13495e-05,0.000265732,0.0,0.0,0.0,2.05373e-05,0.0,3.04638e-06,0.0,0.0,0.0,2.00076e-05,7.61671e-05,0.0,4.90538e-05,0.00472655,2.72513e-05,0.0,9.59085e-05,6.43937e-06,0.0,0.0,0.0,5.30997e-07,7.35117e-06,0.000127544,3.21353e-05,0.0,0.0,0.0,1.60776e-05,7.08977e-05,0.000205186,0.0,4.80376e-05,0.000108263,0.000188121,6.51769e-06,0.00013581,2.62648e-07,4.82942e-05,1.2648e-06,0.000253514,0.000133606,2.08594e-05,0.000650858,0.000211716,0.00111587,2.4057e-05,0.0,7.74688e-06,0.0,4.44467e-06,0.000118454,1.38407e-05,0.000118069,9.34152e-06,0.00133638,0.0,0.0,5.29457e-06,0.0
0.0,0.0,2.86233e-06,0.00132716,0.0,6.0213e-06,4.43081e-06,0.0,0.000371192,2.71457e-06,1.22572e-06,3.1575e-06,8.26791e-06,3.06219e-07,0.0,0.0,2.39865e-06,0.0,0.0,1.55253e-05,5.46251e-07,2.79004e-07,0.0,8.4492e-06,0.0,0.000184574,0.0131138,0.0,1.88115e-05,0.00113384,0.00110398,0.000380504,0.00668458,0.00030783,0.000144602,0.00337665,1.06152e-06,0.000327494,3.52065e-05,5.23603e-05,0.000345491,2.59161e-05,9.74414e-06,1.88662e-05,0.000271306,8.84953e-05,7.8509e-07,0.0,0.0,3.71735e-05,0.0,0.0,4.08984e-05,0.000265724,0.0,0.0,0.0,2.05719e-05,0.0,2.86718e-06,0.0,0.0,0.0,2.00076e-05,7.59346e-05,0.0,4.88415e-05,0.00473002,2.72489e-05,0.0,9.61209e-05,7.316e-06,0.0,0.0,0.0,3.53998e-07,7.35117e-06,0.000127764,3.21963e-05,0.0,0.0,0.0,1.64992e-05,7.11338e-05,0.000206748,0.0,4.82686e-05,0.000108954,0.000188409,6.51946e-06,0.000138148,2.62648e-07,4.90842e-05,1.2648e-06,0.000251939,0.0001333,2.1755e-05,0.000649993,0.000210222,0.00110574,2.43629e-05,0.0,7.74688e-06,0.0,4.14893e-06,0.000119064,1.35336e-05,0.000116846,9.63069e-06,0.00134024,0.0,0.0,5.58642e-06,0.0
0.0,0.0,4.32537e-06,0.00132559,0.0,5.77041e-06,4.43081e-06,0.0,0.000372927,2.71457e-06,2.45213e-06,3.15654e-06,8.2805e-06,6.12437e-07,0.0,0.0,2.39171e-06,0.0,0.0,1.55253e-05,5.46251e-07,2.7787e-07,0.0,7.67478e-06,0.0,0.000184313,0.0131126,0.0,2.29778e-05,0.00113289,0.00109875,0.000381608,0.00668578,0.000309984,0.000146023,0.00337272,1.32547e-06,0.000327178,3.61331e-05,5.26636e-05,0.000344604,2.50123e-05,9.13489e-06,1.8567e-05,0.000270154,8.87018e-05,9.81362e-07,0.0,0.0,3.69943e-05,0.0,0.0,4.11276e-05,0.000265499,0.0,0.0,0.0,2.03063e-05,0.0,2.86718e-06,0.0,0.0,0.0,1.98241e-05,7.61671e-05,0.0,4.90538e-05,0.00473098,2.74305e-05,0.0,9.63273e-05,6.31398e-06,0.0,0.0,0.0,3.53998e-07,7.35117e-06,0.000127544,3.17526e-05,0.0,0.0,0.0,1.67285e-05,7.08977e-05,0.000205662,0.0,4.80376e-05,0.000108266,0.00018861,7.21758e-06,0.000134736,2.62648e-07,4.80223e-05,1.52604e-06,0.000251107,0.000133301,2.17609e-05,0.000648521,0.000214446,0.0011125,2.37497e-05,0.0,8.34682e-06,0.0,4.44467e-06,0.000119371,1.35336e-05,0.000115654,9.62905e-06,0.00133696,0.0,0.0,5.58802e-06,0.0
0.0,0.0,3.4588e-06,0.00132628,0.0,5.77041e-06,4.43081e-06,0.0,0.000372492,2.71457e-06,9.21073e-07,3.1575e-06,9.14127e-06,9.19681e-07,0.0,0.0,1.79222e-06,0.0,0.0,1.55253e-05,8.19377e-07,2.79004e-07,0.0,8.9725e-06,0.0,0.000184838,0.0131101,0.0,1.83396e-05,0.00113319,0.00110219,0.000383723,0.00668673,0.000308137,0.00014599,0.00337575,1.32413e-06,0.000327489,3.5208e-05,5.32695e-05,0.000344908,2.41096e-05,9.13489e-06,1.8266e-05,0.000271015,8.84953e-05,7.8509e-07,0.0,0.0,3.73483e-05,1.61214e-07,0.0,4.08984e-05,0.000264941,0.0,0.0,0.0,2.05492e-05,0.0,3.04638e-06,0.0,0.0,0.0,2.00076e-05,7.61671e-05,0.0,4.88415e-05,0.00472693,2.72489e-05,0.0,9.61189e-05,7.07117e-06,0.0,0.0,0.0,5.30997e-07,7.35117e-06,0.000127764,3.24288e-05,0.0,0.0,0.0,1.64983e-05,7.08977e-05,0.000207281,0.0,4.82686e-05,0.000108496,0.000188371,6.75041e-06,0.000136841,2.62648e-07,4.82967e-05,1.2648e-06,0.000254068,0.000132994,2.08613e-05,0.000653599,0.00020866,0.00111307,2.43671e-05,0.0,7.74971e-06,0.0,5.04097e-06,0.00011876,1.38408e-05,0.000115943,9.63415e-06,0.00133956,0.0,0.0,5.88304e-06,0.0
0.0,0.0,3.45762e-06,0.00132689,0.0,6.0213e-06,4.67697e-06,0.0,0.000372658,2.71457e-06,2.14941e-06,3.15654e-06,7.99276e-06,3.06219e-07,0.0,0.0,1.78843e-06,0.0,0.0,1.55253e-05,5.46251e-07,5.54543e-07,0.0,8.19678e-06,0.0,0.00018406,0.0131164,0.0,2.19439e-05,0.00112969,0.00110406,0.000379834,0.00668917,0.000309061,0.000144888,0.00337578,1.06422e-06,0.000327465,3.64344e-05,5.26632e-05,0.000344902,2.50129e-05,9.43952e-06,1.8567e-05,0.000270738,8.87018e-05,7.8509e-07,0.0,0.0,3.71735e-05,0.0,0.0,4.08984e-05,0.000266298,0.0,0.0,0.0,2.05498e-05,0.0,2.86718e-06,0.0,0.0,0.0,2.00076e-05,7.64117e-05,0.0,4.88415e-05,0.00472761,2.72513e-05,0.0,9.59105e-05,6.45624e-06,0.0,0.0,0.0,3.53998e-07,7.13496e-06,0.000127322,3.1527e-05,0.0,0.0,0.0,1.6754e-05,7.08977e-05,0.000205681,0.0,4.80376e-05,0.000108496,0.00018736,6.51769e-06,0.000137854,2.62648e-07,4.88111e-05,1.2648e-06,0.000252981,0.0001333,2.146e-05,0.000649684,0.000209584,0.00111,2.34434e-05,0.0,8.04832e-06,0.0,4.44467e-06,0.000119064,1.35336e-05,0.000116564,9.63069e-06,0.00133727,0.0,0.0,6.17409e-06,0.0
0.0,0.0,2.57599e-06,0.00132725,0.0,5.77041e-06,4.43081e-06,0.0,0.00037253,2.71457e-06,1.53572e-06,2.58385e-06,8.55504e-06,6.12437e-07,0.0,0.0,2.3923e-06,0.0,0.0,1.55253e-05,5.46251e-07,0.0,0.0,8.4492e-06,0.0,0.000185102,0.0131089,0.0,2.05175e-05,0.00113498,0.00110496,0.000381948,0.0066867,0.000307829,0.000145735,0.00337239,1.85489e-06,0.000327786,3.49044e-05,5.1754e-05,0.000344905,2.44089e-05,9.13489e-06,1.85658e-05,0.00027014,8.87018e-05,7.8509e-07,0.0,0.0,3.69943e-05,1.61214e-07,0.0,4.11276e-05,0.000265709,0.0,0.0,0.0,2.101e-05,0.0,3.04638e-06,0.0,0.0,0.0,2.00076e-05,7.569e-05,0.0,4.90538e-05,0.00472704,2.73865e-05,0.0,9.63293e-05,6.64672e-06,0.0,0.0,0.0,3.53998e-07,7.35117e-06,0.000127764,3.26172e-05,0.0,0.0,0.0,1.63069e-05,7.11338e-05,0.000206577,0.0,4.80376e-05,0.000108263,0.000189155,6.98312e-06,0.000136584,2.62648e-07,4.80223e-05,1.52604e-06,0.000251918,0.000133606,2.14612e-05,0.000649942,0.000208349,0.00110975,2.43639e-05,0.0,8.04538e-06,0.0,4.14893e-06,0.000119065,1.38413e-05,0.00011803,9.34152e-06,0.0013393,0.0,0.0,5.58723e-06,0.0
0.0,0.0,3.75414e-06,0.00132984,0.0,5.77041e-06,4.43081e-06,0.0,0.000373653,3.01602e-06,1.84071e-06,3.44384e-06,9.12708e-06,3.06219e-07,0.0,0.0,2.09196e-06,0.0,0.0,1.55253e-05,5.46251e-07,5.52129e-07,0.0,8.19808e-06,0.0,0.000184308,0.0131119,0.0,1.99421e-05,0.0011335,0.00110501,0.000380064,0.00668702,0.000308753,0.000145163,0.00337546,1.31566e-06,0.00032414,3.58231e-05,5.26646e-05,0.000345201,2.50123e-05,9.43952e-06,1.85719e-05,0.000268988,8.82869e-05,7.8509e-07,0.0,0.0,3.71735e-05,0.0,0.0,4.13495e-05,0.000265336,0.0,0.0,0.0,2.03063e-05,0.0,2.86718e-06,0.0,0.0,0.0,2.00076e-05,7.64117e-05,0.0,4.88415e-05,0.00472816,2.72513e-05,0.0,9.57001e-05,7.35561e-06,0.0,0.0,0.0,5.30997e-07,7.35117e-06,0.000127544,3.23006e-05,0.0,0.0,0.0,1.63141e-05,7.08977e-05,0.000204931,0.0,4.82686e-05,0.000108496,0.000187859,6.51769e-06,0.000136335,2.62648e-07,4.8838e-05,1.51569e-06,0.000251664,0.000132995,2.146e-05,0.000648822,0.000211123,0.00111641,2.43623e-05,0.0,8.35029e-06,0.0,4.44467e-06,0.00011876,1.38407e-05,0.000113861,9.92249e-06,0.00133579,0.0,0.0,5.29457e-06,0.0
0.0,0.0,3.17291e-06,0.00132658,0.0,5.77041e-06,4.43081e-06,0.0,0.000372039,2.71457e-06,1.83932e-06,3.15654e-06,8.29451e-06,6.12437e-07,0.0,0.0,1.48869e-06,0.0,0.0,1.5243e-05,8.19377e-07,0.0,0.0,8.19526e-06,0.0,0.000184844,0.0131152,0.0,2.06659e-05,0.00113349,0.00110002,0.000381388,0.00668427,0.000308445,0.000144633,0.00337425,1.32683e-06,0.000330523,3.52092e-05,5.20573e-05,0.000345199,2.47109e-05,9.43952e-06,1.82667e-05,0.000272486,8.89102e-05,9.81362e-07,0.0,0.0,3.73416e-05,0.0,0.0,4.06693e-05,0.000265732,0.0,0.0,0.0,2.03273e-05,0.0,3.04638e-06,0.0,0.0,0.0,1.98241e-05,7.61671e-05,0.0,4.90538e-05,0.00472931,2.74281e-05,0.0,9.63293e-05,6.0226e-06,0.0,0.0,0.0,3.53998e-07,7.35117e-06,0.000127544,3.25409e-05,0.0,0.0,0.0,1.69465e-05,7.08977e-05,0.000208175,0.0,4.80376e-05,0.000108725,0.000188916,6.75041e-06,0.000137099,2.62648e-07,4.82711e-05,1.2648e-06,0.000251166,0.0001333,2.11591e-05,0.000651226,0.000213529,0.00111307,2.40574e-05,0.0,7.74688e-06,0.0,4.7438e-06,0.000119677,1.35336e-05,0.000115048,9.63069e-06,0.00133791,0.0,0.0,5.88065e-06,0.0
0.0,0.0,2.86943e-06,0.00132736,0.0,6.0213e-06,4.43081e-06,0.0,0.000372055,2.71457e-06,1.22183e-06,3.1575e-06,7.71823e-06,6.12437e-07,0.0,0.0,2.6967e-06,0.0,0.0,1.55253e-05,5.46251e-07,2.79004e-07,0.0,7.92873e-06,0.0,0.00018431,0.013113,0.0,1.8921e-05,0.00113087,0.00110418,0.000381681,0.00668854,0.000308446,0.000145149,0.00337487,7.97489e-07,0.000326252,3.52126e-05,5.3571e-05,0.00034579,2.56152e-05,9.13489e-06,1.91652e-05,0.000269862,8.82869e-05,7.8509e-07,0.0,0.0,3.73527e-05,1.61214e-07,0.0,4.08984e-05,0.000266283,0.0,0.0,0.0,2.05373e-05,0.0,2.86718e-06,0.0,0.0,0.0,2.00076e-05,7.61671e-05,0.0,4.88415e-05,0.00472909,2.72513e-05,0.0,9.59105e-05,6.86487e-06,0.0,0.0,0.0,3.53998e-07,7.35117e-06,0.000127764,3.16906e-05,0.0,0.0,0.0,1.69741e-05,7.11338e-05,0.00020567,0.0,4.82686e-05,0.000108496,0.00018838,6.75041e-06,0.000137333,2.62648e-07,4.88392e-05,1.52604e-06,0.000252974,0.000133606,2.17609e-05,0.000648497,0.000212338,0.00111129,2.3443e-05,0.0,8.34682e-06,0.0,4.44609e-06,0.000119371,1.35336e-05,0.00011807,9.34152e-06,0.0013372,0.0,0.0,6.17648e-06,0.0
0.0,0.0,3.16713e-06,0.00132471,0.0,5.77041e-06,4.43081e-06,0.0,0.000371332,2.71457e-06,1.84169e-06,3.15654e-06,7.41191e-06,3.06219e-07,0.0,0.0,1.79222e-06,0.0,0.0,1.55253e-05,5.46251e-07,2.74343e-07,0.0,8.71877e-06,0.0,0.00018405,0.0131115,0.0,2.17281e-05,0.00113172,0.00110078,0.000383308,0.00668734,0.000309061,0.000146583,0.0033715,1.32277e-06,0.000327786,3.45933e-05,5.26637e-05,0.000344008,2.47109e-05,9.13489e-06,1.82679e-05,0.000270139,8.84953e-05,7.8509e-07,0.0,0.0,3.69943e-05,0.0,0.0,4.11276e-05,0.000265905,0.0,0.0,0.0,2.07837e-05,0.0,2.86718e-06,0.0,0.0,0.0,2.00076e-05,7.61655e-05,0.0,4.88415e-05,0.00472816,2.72489e-05,0.0,9.61189e-05,7.21319e-06,0.0,0.0,0.0,5.30997e-07,7.13496e-06,0.000127544,3.21963e-05,0.0,0.0,0.0,1.65267e-05,7.08977e-05,0.000204672,0.0,4.80376e-05,0.000108492,0.00018786,6.75041e-06,0.000136866,5.25296e-07,4.82917e-05,1.52604e-06,0.000253514,0.000132994,2.146e-05,0.000653861,0.000208979,0.0011127,2.43667e-05,0.0,8.04884e-06,0.0,4.44467e-06,0.000118453,1.32259e-05,0.000116249,9.63069e-06,0.00134173,0.0,0.0,5.00034e-06,0.0
0.0,0.0,4.03659e-06,0.00132516,0.0,5.77041e-06,4.43081e-06,0.0,0.00037357,3.01547e-06,9.20959e-07,3.1575e-06,9.69889e-06,6.12437e-07,0.0,0.0,2.99349e-06,0.0,0.0,1.55253e-05,8.19377e-07,5.54543e-07,0.0,8.4505e-06,0.0,0.000185376,0.0131143,0.0,2.06498e-05,0.00113292,0.00110661,0.000379051,0.00668519,0.000309369,0.000144882,0.00337667,1.32413e-06,0.000328697,3.64372e-05,5.23608e-05,0.000344614,2.47114e-05,9.43952e-06,1.82667e-05,0.000271327,8.89102e-05,7.8509e-07,0.0,0.0,3.71735e-05,1.61214e-07,0.0,4.08984e-05,0.000265154,0.0,0.0,0.0,2.0329e-05,0.0,3.04638e-06,0.0,0.0,0.0,2.00076e-05,7.59362e-05,0.0,4.90538e-05,0.00472787,2.72513e-05,0.0,9.61209e-05,6.59544e-06,0.0,0.0,0.0,3.53998e-07,7.35117e-06,0.000127764,3.23028e-05,0.0,0.0,0.0,1.58503e-05,7.08977e-05,0.000206811,0.0,4.80376e-05,0.000108499,0.000189413,6.75041e-06,0.000135251,2.62648e-07,4.80236e-05,1.00355e-06,0.000252204,0.000133301,2.11603e-05,0.000649087,0.000209861,0.00110793,2.40574e-05,0.0,7.74688e-06,0.0,4.44467e-06,0.000119677,1.35336e-05,0.000115636,9.34152e-06,0.00133693,0.0,0.0,5.58642e-06,0.0
0.0,0.0,3.7546e-06,0.00132808,0.0,6.0213e-06,4.43081e-06,0.0,0.000371869,2.71457e-06,3.07203e-06,3.15654e-06,7.42459e-06,3.06219e-07,0.0,0.0,1.47962e-06,0.0,0.0,1.55253e-05,5.46251e-07,2.79004e-07,0.0,7.92873e-06,0.0,0.000184049,0.0131105,0.0,2.06958e-05,0.0011335,0.00110639,0.000382531,0.00668977,0.000307522,0.000144612,0.00337729,1.33095e-06,0.000324742,3.58236e-05,5.17549e-05,0.000346087,2.50118e-05,9.43952e-06,1.88661e-05,0.000270139,8.82869e-05,9.81362e-07,0.0,0.0,3.71691e-05,0.0,0.0,4.08984e-05,0.000265901,0.0,0.0,0.0,2.03063e-05,0.0,2.86718e-06,0.0,0.0,0.0,2.00076e-05,7.61671e-05,0.0,4.88415e-05,0.00472885,2.73865e-05,0.0,9.59085e-05,6.47582e-06,0.0,0.0,0.0,5.30997e-07,7.35117e-06,0.000127544,3.26638e-05,0.0,0.0,0.0,1.72106e-05,7.11338e-05,0.00020517,0.0,4.82686e-05,0.000108494,0.000187894,6.51946e-06,0.00013683,5.25296e-07,4.8543e-05,1.52604e-06,0.00025141,0.0001333,2.08613e-05,0.00064853,0.000209914,0.00110973,2.40523e-05,0.0,8.04832e-06,0.0,4.44806e-06,0.000119066,1.38407e-05,0.000115656,1.02151e-05,0.00133487,0.0,0.0,5.88225e-06,0.0
0.0,0.0,3.4465e-06,0.00132882,0.0,5.77041e-06,4.43081e-06,0.0,0.000372546,2.71457e-06,6.13372e-07,2.58385e-06,9.15188e-06,6.12437e-07,0.0,0.0,2.09196e-06,0.0,0.0,1.55253e-05,5.46251e-07,2.7787e-07,0.0,8.19526e-06,0.0,0.000185105,0.0131119,0.0,1.99063e-05,0.00113143,0.00110469,0.000382559,0.0066864,0.00030906,0.000144886,0.0033721,1.59086e-06,0.00032839,3.49038e-05,5.32722e-05,0.000344601,2.47114e-05,9.13489e-06,1.82667e-05,0.00026957,8.84933e-05,7.8509e-07,0.0,0.0,3.73527e-05,0.0,0.0,4.13495e-05,0.000265895,0.0,0.0,0.0,2.07802e-05,0.0,3.04638e-06,0.0,0.0,0.0,2.00076e-05,7.64117e-05,0.0,4.90538e-05,0.00472769,2.71137e-05,0.0,9.63293e-05,7.06477e-06,0.0,0.0,0.0,3.53998e-07,7.35117e-06,0.000127764,3.20398e-05,0.0,0.0,0.0,1.58649e-05,7.08977e-05,0.000206334,0.0,4.80376e-05,0.000108263,0.000187848,6.75041e-06,0.000136845,2.62648e-07,4.82929e-05,1.52604e-06,0.000252436,0.0001333,2.17609e-05,0.000652387,0.000212028,0.00111095,2.40628e-05,0.0,8.34734e-06,0.0,4.44467e-06,0.00011876,1.35336e-05,0.000118356,9.34152e-06,0.00133811,0.0,0.0,5.29457e-06,0.0
0.0,0.0,3.75224e-06,0.00132704,0.0,5.77041e-06,4.67697e-06,0.0,0.000373528,2.71457e-06,2.14631e-06,3.44384e-06,8.01528e-06,6.12437e-07,0.0,0.0,2.09196e-06,0.0,0.0,1.55253e-05,8.19377e-07,5.52129e-07,0.0,7.92873e-06,0.0,0.000184048,0.0131128,0.0,2.0089e-05,0.00113353,0.001102,0.000379943,0.00668733,0.00030783,0.000145452,0.00337362,1.05874e-06,0.000331142,3.58228e-05,5.26595e-05,0.000344612,2.50123e-05,9.13489e-06,1.8567e-05,0.000271596,8.84953e-05,7.8509e-07,0.0,0.0,3.69943e-05,1.61214e-07,0.0,4.08984e-05,0.000265916,0.0,0.0,0.0,2.00844e-05,0.0,2.86718e-06,0.0,0.0,0.0,1.98241e-05,7.5921e-05,0.0,4.88415e-05,0.00472693,2.75657e-05,0.0,9.61189e-05,7.02152e-06,0.0,0.0,0.0,3.53998e-07,7.35117e-06,0.000127544,3.20726e-05,0.0,0.0,1.44796e-07,1.6723e-05,7.08977e-05,0.000207295,0.0,4.82686e-05,0.000108727,0.00018786,6.98312e-06,0.000136833,2.62648e-07,4.88392e-05,1.2648e-06,0.000252475,0.000133606,2.146e-05,0.000649689,0.000211713,0.00111249,2.37501e-05,0.0,8.04832e-06,0.0,4.44467e-06,0.000119678,1.35336e-05,0.000113549,9.63069e-06,0.0013387,0.0,0.0,6.46832e-06,0.0
0.0,0.0,2.87982e-06,0.00132826,0.0,5.77041e-06,4.43081e-06,0.0,0.00037297,2.71457e-06,1.5314e-06,2.87019e-06,8.53813e-06,3.06219e-07,0.0,0.0,1.79412e-06,0.0,0.0,1.5243e-05,5.46251e-07,0.0,0.0,8.9866e-06,0.0,0.000184049,0.0131111,0.0,2.12524e-05,0.00113349,0.00109666,0.000381086,0.00668455,0.000309369,0.000146006,0.00337548,7.97489e-07,0.000325044,3.58245e-05,5.29676e-05,0.000345784,2.50123e-05,9.43952e-06,1.8266e-05,0.000269571,8.89102e-05,7.8509e-07,0.0,0.0,3.69943e-05,0.0,0.0,4.11276e-05,0.000265115,0.0,0.0,0.0,2.07837e-05,0.0,3.04638e-06,0.0,0.0,0.0,2.00076e-05,7.59362e-05,0.0,4.88415e-05,0.00472933,2.71137e-05,0.0,9.59105e-05,6.87078e-06,0.0,0.0,0.0,5.30997e-07,7.13496e-06,0.000127542,3.2422e-05,0.0,0.0,0.0,1.63085e-05,7.06615e-05,0.000205349,0.0,4.80376e-05,0.000108263,0.000188889,6.51769e-06,0.000137872,5.25296e-07,4.88111e-05,1.51569e-06,0.000252726,0.000132994,2.146e-05,0.00064997,0.000209878,0.00111459,2.43639e-05,0.0,7.74688e-06,0.0,4.44609e-06,0.000119064,1.35336e-05,0.00011715,9.63069e-06,0.00133758,0.0,0.0,5.58802e-06,0.0
0.0,0.0,3.44013e-06,0.00132382,0.0,6.0213e-06,4.43081e-06,0.0,0.000372023,2.71457e-06,2.1485e-06,3.44384e-06,8.84454e-06,6.12437e-07,0.0,0.0,2.39126e-06,0.0,0.0,1.55253e-05,5.46251e-07,5.54543e-07,0.0,8.18267e-06,0.0,0.000185633,0.0131096,0.0,2.08679e-05,0.00113201,0.00110348,0.000382834,0.00668918,0.000308753,0.000145179,0.00337362,1.59086e-06,0.000327786,3.67417e-05,5.26651e-05,0.000344902,2.53138e-05,9.43952e-06,1.91602e-05,0.000271026,8.82869e-05,9.81362e-07,0.0,0.0,3.71735e-05,1.61214e-07,0.0,4.06693e-05,0.000265699,0.0,0.0,0.0,2.05508e-05,0.0,2.86718e-06,0.0,0.0,0.0,2.00076e-05,7.64117e-05,0.0,4.90538e-05,0.0047291,2.73865e-05,0.0,9.61189e-05,6.79768e-06,0.0,0.0,0.0,3.53998e-07,7.35117e-06,0.000127544,3.23598e-05,0.0,0.0,0.0,1.67304e-05,7.11338e-05,0.000205451,0.0,4.80376e-05,0.000108728,0.000187863,6.75041e-06,0.000135538,2.62648e-07,4.82942e-05,1.52604e-06,0.00025271,0.000132995,2.11603e-05,0.000650335,0.00021109,0.00110578,2.37531e-05,0.0,8.94595e-06,0.0,4.7438e-06,0.000118454,1.38413e-05,0.000115663,9.63332e-06,0.00134202,0.0,0.0,5.29457e-06,0.0
0.0,0.0,2.60022e-06,0.00132913,0.0,5.77041e-06,4.43081e-06,0.0,0.000374893,2.71457e-06,1.22818e-06,2.87019e-06,8.57043e-06,3.06219e-07,0.0,0.0,2.3923e-06,0.0,0.0,1.55253e-05,8.19377e-07,2.79004e-07,0.0,8.19526e-06,0.0,0.000184322,0.0131207,0.0,2.02417e-05,0.00113059,0.00110362,0.000380276,0.00668272,0.000308445,0.000145188,0.00337511,1.32547e-06,0.000325639,3.4901e-05,5.17549e-05,0.000345205,2.41091e-05,9.13489e-06,1.88655e-05,0.00026928,8.87018e-05,7.8509e-07,0.0,0.0,3.75208e-05,0.0,0.0,4.11276e-05,0.000265926,0.0,0.0,0.0,2.05583e-05,0.0,2.86718e-06,0.0,0.0,0.0,2.00076e-05,7.5921e-05,0.0,4.88415e-05,0.00472694,2.71137e-05,0.0,9.61209e-05,6.99117e-06,0.0,0.0,0.0,3.53998e-07,7.35117e-06,0.000127764,3.21041e-05,0.0,0.0,0.0,1.65267e-05,7.08977e-05,0.000206268,0.0,4.82686e-05,0.000108494,0.000188374,7.21758e-06,0.000136325,5.25296e-07,4.7753e-05,1.2648e-06,0.000251927,0.000133606,2.146e-05,0.000649668,0.000211739,0.0011161,2.40526e-05,0.0,7.74688e-06,0.0,4.44467e-06,0.000119371,1.38408e-05,0.000117743,9.33725e-06,0.00133937,0.0,0.0,6.46832e-06,0.0
0.0,0.0,4.04049e-06,0.00132676,0.0,5.77041e-06,4.43081e-06,0.0,0.000370116,2.71457e-06,2.457e-06,3.44384e-06,8.28565e-06,6.12437e-07,0.0,0.0,1.79222e-06,0.0,0.0,1.55253e-05,5.46251e-07,0.0,0.0,7.92873e-06,0.0,0.000184308,0.0131065,0.0,2.02427e-05,0.00113202,0.00110758,0.00038226,0.00668948,0.000308138,0.000144594,0.00337517,1.58815e-06,0.000327171,3.45967e-05,5.29642e-05,0.000344902,2.50118e-05,9.43952e-06,1.82721e-05,0.000271304,8.89102e-05,7.8509e-07,0.0,0.0,3.71735e-05,0.0,0.0,4.11276e-05,0.000265721,0.0,0.0,0.0,2.03063e-05,0.0,3.04638e-06,0.0,0.0,0.0,2.00076e-05,7.61671e-05,0.0,4.90538e-05,0.00472817,2.73865e-05,0.0,9.59085e-05,6.08166e-06,0.0,0.0,0.0,5.30997e-07,7.35117e-06,0.000127544,3.22001e-05,0.0,0.0,0.0,1.67687e-05,7.08977e-05,0.000207084,0.0,4.80376e-05,0.000108496,0.000188124,6.51769e-06,0.000136816,2.62648e-07,4.88218e-05,1.2648e-06,0.000253003,0.0001333,2.146e-05,0.000649677,0.00021048,0.00110942,2.4057e-05,0.0,8.04832e-06,0.0,4.14893e-06,0.000119064,1.38407e-05,0.000116546,9.34152e-06,0.00133123,0.0,0.0,5.29378e-06,0.0
0.0,0.0,3.14964e-06,0.00132479,0.0,6.0213e-06,4.43081e-06,0.0,0.000372708,2.71457e-06,9.20616e-07,2.87019e-06,7.69378e-06,6.12437e-07,0.0,0.0,2.09387e-06,0.0,0.0,1.55253e-05,5.46251e-07,2.79004e-07,0.0,8.73418e-06,0.0,0.000184576,0.013113,0.0,1.98818e-05,0.00113674,0.00110098,0.000382068,0.00668794,0.000308753,0.000145443,0.00337241,7.97489e-07,0.000328091,3.67411e-05,5.29666e-05,0.00034579,2.47109e-05,9.13489e-06,1.82667e-05,0.000270156,8.80785e-05,7.8509e-07,0.0,0.0,3.69943e-05,1.61214e-07,0.0,4.08984e-05,0.000265705,0.0,0.0,0.0,2.05492e-05,0.0,2.86718e-06,0.0,0.0,0.0,1.98241e-05,7.61807e-05,0.0,4.88415e-05,0.00473026,2.72929e-05,0.0,9.61209e-05,6.34738e-06,0.0,0.0,0.0,3.53998e-07,7.35117e-06,0.000127764,3.22232e-05,0.0,0.0,0.0,1.71776e-05,7.11338e-05,0.00020659,0.0,4.82686e-05,0.000108266,0.000187885,6.75041e-06,0.000136294,5.25296e-07,4.85567e-05,1.52604e-06,0.000252707,0.000133606,2.146e-05,0.000649115,0.000210483,0.00110881,2.406e-05,0.0,8.04538e-06,0.0,4.44467e-06,0.000119065,1.35336e-05,0.000114739,9.63069e-06,0.00134196,0.0,0.0,5.00034e-06,0.0
0.0,0.0,4.05056e-06,0.00132632,0.0,5.77041e-06,4.43081e-06,0.0,0.000372714,2.71457e-06,2.14672e-06,3.1575e-06,8.8667e-06,6.13121e-07,0.0,0.0,1.79453e-06,0.0,0.0,1.55253e-05,8.19377e-07,2.74343e-07,0.0,8.18115e-06,0.0,0.000184313,0.0131102,0.0,2.145e-05,0.00113,0.00110747,0.000379796,0.0066861,0.000308752,0.000144883,0.00337725,1.31836e-06,0.000327183,3.46005e-05,5.23603e-05,0.000344311,2.50123e-05,9.43952e-06,1.8567e-05,0.000270724,8.87018e-05,9.81362e-07,0.0,0.0,3.73527e-05,0.0,0.0,4.08911e-05,0.000265348,0.0,0.0,0.0,2.00844e-05,0.0,3.04638e-06,0.0,0.0,0.0,2.00076e-05,7.61671e-05,0.0,4.88415e-05,0.00472717,2.7524e-05,0.0,9.61189e-05,7.55956e-06,0.0,0.0,0.0,3.53998e-07,7.13496e-06,0.000127544,3.16859e-05,0.0,0.0,0.0,1.65396e-05,7.06615e-05,0.000205111,0.0,4.80376e-05,0.000108263,0.00018917,6.98312e-06,0.000136856,2.62648e-07,4.80223e-05,1.52604e-06,0.0002514,0.000132689,2.08624e-05,0.000652957,0.000211449,0.00111395,2.37505e-05,0.0,8.04884e-06,0.0,5.04097e-06,0.000119372,1.32259e-05,0.000117761,9.92595e-06,0.00133765,0.0,0.0,6.17488e-06,0.0
0.0,0.0,3.4549e-06,0.00132758,0.0,5.77041e-06,4.43081e-06,0.0,0.000373788,2.71457e-06,1.53128e-06,2.87019e-06,8.55762e-06,6.12437e-07,0.0,0.0,2.09196e-06,0.0,0.0,1.55253e-05,5.46251e-07,8.27669e-07,0.0,8.45072e-06,0.0,0.000184838,0.0131104,0.0,2.01888e-05,0.00113496,0.00109249,0.000383045,0.00668855,0.000308753,0.000146021,0.00337305,1.32413e-06,0.000327473,3.61295e-05,5.20588e-05,0.000345494,2.50134e-05,9.13489e-06,1.85658e-05,0.000270154,8.87038e-05,7.8509e-07,0.0,0.0,3.71691e-05,1.61214e-07,0.0,4.11276e-05,0.000265676,0.0,0.0,0.0,2.12592e-05,0.0,2.86718e-06,0.0,0.0,0.0,2.00076e-05,7.5921e-05,0.0,4.90538e-05,0.00472746,2.71137e-05,0.0,9.59105e-05,6.87103e-06,0.0,0.0,0.0,5.30997e-07,7.35117e-06,0.000127544,3.24335e-05,0.0,0.0,0.0,1.60886e-05,7.11338e-05,0.000205443,0.0,4.80376e-05,0.000108952,0.000188354,6.28674e-06,0.000137601,2.62648e-07,4.88405e-05,1.00355e-06,0.000253771,0.0001333,2.146e-05,0.000648507,0.000211094,0.00111186,2.43635e-05,0.0,8.04832e-06,0.0,4.14893e-06,0.000118451,1.35336e-05,0.000114752,9.63069e-06,0.00133812,0.0,0.0,5.58802e-06,0.0
0.0,0.0,3.17326e-06,0.00132732,0.0,6.0213e-06,4.43081e-06,0.0,0.000371389,2.71457e-06,1.5341e-06,3.15654e-06,7.44031e-06,3.06219e-07,0.0,0.0,2.09446e-06,0.0,0.0,1.5243e-05,5.46251e-07,2.7787e-07,0.0,7.92721e-06,0.0,0.000184577,0.0131161,0.0,2.15535e-05,0.00113028,0.00110917,0.000379815,0.00668487,0.000308445,0.000144324,0.00337545,1.32825e-06,0.0003284,3.55163e-05,5.23584e-05,0.000345194,2.47109e-05,9.43952e-06,1.8567e-05,0.000270722,8.87018e-05,7.8509e-07,0.0,0.0,3.69943e-05,0.0,0.0,4.08984e-05,0.000265553,0.0,0.0,0.0,2.03063e-05,0.0,3.04638e-06,0.0,0.0,0.0,2.00076e-05,7.64117e-05,0.0,4.88415e-05,0.00473095,2.73865e-05,0.0,9.61189e-05,6.45532e-06,0.0,0.0,0.0,3.53998e-07,7.35117e-06,0.000127764,3.22561e-05,0.0,0.0,0.0,1.67018e-05,7.11338e-05,0.000206799,0.0,4.82686e-05,0.000108497,0.000187589,6.75041e-06,0.000135821,2.62648e-07,4.82674e-05,1.77693e-06,0.000251678,0.000133606,2.146e-05,0.000650303,0.000209599,0.00111407,2.37532e-05,0.0,7.74688e-06,0.0,4.44467e-06,0.000119065,1.35336e-05,0.000117155,9.63069e-06,0.00133808,0.0,0.0,5.58802e-06,0.0
0.0,0.0,2.86424e-06,0.00132734,0.0,5.77041e-06,4.67697e-06,0.0,0.000373172,2.71457e-06,1.53627e-06,3.1575e-06,8.56624e-06,6.12437e-07,0.0,0.0,2.09782e-06,0.0,0.0,1.55253e-05,8.19377e-07,2.79004e-07,0.0,8.46613e-06,0.0,0.000184585,0.0131126,0.0,1.93531e-05,0.00113408,0.00110178,0.000383516,0.00668612,0.000309061,0.000145465,0.0033709,1.59086e-06,0.000327173,3.58243e-05,5.35742e-05,0.000344314,2.50129e-05,9.13489e-06,1.82667e-05,0.000271329,8.82869e-05,7.8509e-07,0.0,0.0,3.71735e-05,0.0,0.0,4.11276e-05,0.000266095,0.0,0.0,0.0,2.05436e-05,0.0,2.86718e-06,0.0,0.0,0.0,2.00076e-05,7.59362e-05,0.0,4.90538e-05,0.00472676,2.72513e-05,0.0,9.63293e-05,7.06865e-06,0.0,0.0,0.0,3.53998e-07,7.35117e-06,0.000127544,3.23572e-05,0.0,0.0,0.0,1.65104e-05,7.08977e-05,0.000205852,0.0,4.80376e-05,0.000108496,0.000188406,6.75041e-06,0.000137599,2.62648e-07,4.85661e-05,1.52604e-06,0.000251401,0.0001333,2.146e-05,0.000654209,0.000211722,0.00111451,2.43597e-05,0.0,8.64879e-06,0.0,4.44467e-06,0.000119679,1.38407e-05,0.000115335,9.34152e-06,0.00134118,0.0,0.0,6.17488e-06,0.0
0.0,0.0,3.45961e-06,0.00132824,0.0,5.77041e-06,4.43081e-06,0.0,0.000373988,2.71457e-06,1.2264e-06,3.15654e-06,9.70441e-06,9.19681e-07,0.0,0.0,2.38203e-06,0.0,0.0,1.55253e-05,5.46251e-07,2.79004e-07,0.0,8.4492e-06,0.0,0.00018458,0.0131147,0.0,2.20317e-05,0.00113084,0.00110299,0.00038104,0.00669037,0.000308753,0.000145733,0.00337663,1.32547e-06,0.000327793,3.52101e-05,5.26641e-05,0.00034579,2.47103e-05,9.13489e-06,1.88661e-05,0.000270436,8.89102e-05,9.81362e-07,0.0,0.0,3.71735e-05,1.61214e-07,0.0,4.08984e-05,0.000266085,0.0,0.0,0.0,2.03063e-05,0.0,2.86718e-06,0.0,0.0,0.0,1.98241e-05,7.64117e-05,0.0,4.88415e-05,0.00472724,2.74281e-05,0.0,9.61189e-05,6.6032e-06,0.0,0.0,0.0,5.30997e-07,7.35117e-06,0.000127764,3.17641e-05,0.0,0.0,0.0,1.63066e-05,7.08977e-05,0.000206587,0.0,4.82686e-05,0.000108036,0.000188352,6.75041e-06,0.000136845,5.25296e-07,4.85661e-05,1.00355e-06,0.00025326,0.0001333,2.1755e-05,0.000646982,0.000209286,0.00110763,2.43599e-05,0.0,7.44774e-06,0.0,4.44806e-06,0.000118757,1.35336e-05,0.000116864,9.63069e-06,0.00133746,0.0,0.0,5.29378e-06,0.0
0.0,0.0,4.0411e-06,0.00132585,0.0,5.77041e-06,4.43081e-06,0.0,0.000370992,2.71457e-06,1.84363e-06,3.1575e-06,7.69121e-06,3.06219e-07,0.0,0.0,2.09196e-06,0.0,0.0,1.55253e-05,5.46251e-07,0.0,0.0,8.19678e-06,0.0,0.000184577,0.0131084,0.0,2.09645e-05,0.00113114,0.00110575,0.000381034,0.00668641,0.000308753,0.000146014,0.00337668,1.32277e-06,0.000326558,3.42852e-05,5.23603e-05,0.000344306,2.50123e-05,9.74414e-06,1.82667e-05,0.000270155,8.84933e-05,7.8509e-07,0.0,0.0,3.73483e-05,0.0,0.0,4.08984e-05,0.000265356,0.0,0.0,0.0,2.07802e-05,0.0,3.04638e-06,0.0,0.0,0.0,2.00076e-05,7.5921e-05,0.0,4.88415e-05,0.00472928,2.72513e-05,0.0,9.59105e-05,6.74938e-06,0.0,0.0,0.0,3.53998e-07,7.13496e-06,0.000127322,3.22925e-05,0.0,0.0,0.0,1.69577e-05,7.08977e-05,0.000205139,0.0,4.80376e-05,0.000108727,0.000187867,6.75041e-06,0.000135784,2.62648e-07,4.7738e-05,1.52604e-06,0.000252204,0.000133606,2.11603e-05,0.000650295,0.000211719,0.00111244,2.37569e-05,0.0,8.04832e-06,0.0,4.44467e-06,0.000118759,1.35336e-05,0.000116257,9.63332e-06,0.00134062,0.0,0.0,5.5888e-06,0.0
0.0,0.0,2.29484e-06,0.00132767,0.0,6.0213e-06,4.43081e-06,0.0,0.000373599,3.01547e-06,1.83868e-06,3.15654e-06,8.00772e-06,6.12437e-07,0.0,0.0,1.49438e-06,0.0,0.0,1.55253e-05,5.46251e-07,5.54543e-07,0.0,8.19656e-06,0.0,0.000184838,0.0131137,0.0,2.07112e-05,0.00113529,0.00110385,0.000383193,0.00668578,0.000307831,0.000144878,0.00337305,1.06288e-06,0.000327175,3.70511e-05,5.29652e-05,0.000345495,2.47109e-05,9.13489e-06,1.88667e-05,0.000270724,8.82869e-05,7.8509e-07,0.0,0.0,3.71668e-05,1.61214e-07,0.0,4.13495e-05,0.000265496,0.0,0.0,0.0,2.05634e-05,0.0,2.86718e-06,0.0,0.0,0.0,2.00076e-05,7.61671e-05,0.0,4.90538e-05,0.0047276,2.72489e-05,0.0,9.63293e-05,6.7582e-06,0.0,0.0,0.0,3.53998e-07,7.35117e-06,0.000127764,3.22746e-05,0.0,0.0,0.0,1.6303e-05,7.08977e-05,0.000208019,0.0,4.80376e-05,0.000108494,0.000188944,6.75041e-06,0.00013736,5.25296e-07,4.93711e-05,1.52604e-06,0.000253489,0.000132689,2.17609e-05,0.000648779,0.00021078,0.00110702,2.34434e-05,0.0,8.34734e-06,0.0,4.74184e-06,0.000119679,1.35336e-05,0.000114446,9.63069e-06,0.00133601,0.0,0.0,6.17488e-06,0.0
0.0,0.0,3.74834e-06,0.00132621,0.0,5.77041e-06,4.43081e-06,0.0,0.000372432,2.71457e-06,1.83919e-06,2.87115e-06,1.00138e-05,3.06219e-07,0.0,0.0,2.38602e-06,0.0,0.0,1.55253e-05,8.19377e-07,0.0,0.0,8.45072e-06,0.0,0.000183786,0.0131136,0.0,1.99572e-05,0.00113323,0.00110107,0.000380615,0.00668825,0.000308446,0.000145159,0.00337452,1.5895e-06,0.000328389,3.42902e-05,5.26646e-05,0.000344609,2.53138e-05,9.13489e-06,1.85652e-05,0.000270447,8.89102e-05,7.8509e-07,0.0,0.0,3.71735e-05,0.0,0.0,4.11276e-05,0.000265553,0.0,0.0,0.0,2.05492e-05,0.0,3.04638e-06,0.0,0.0,0.0,2.00076e-05,7.61807e-05,0.0,4.88415e-05,0.00472909,2.72513e-05,0.0,9.57001e-05,7.05102e-06,0.0,0.0,0.0,5.30997e-07,7.35117e-06,0.000127544,3.24081e-05,0.0,0.0,0.0,1.65451e-05,7.08977e-05,0.000204665,0.0,4.82686e-05,0.000108492,0.000188614,6.75041e-06,0.000137094,2.62648e-07,4.80223e-05,1.2648e-06,0.000251672,0.000133606,2.11591e-05,0.000653321,0.000209002,0.00111697,2.49737e-05,0.0,8.04832e-06,0.0,4.44806e-06,0.000119064,1.38413e-05,0.000117442,9.63069e-06,0.00133426,0.0,0.0,5.00034e-06,0.0
0.0,0.0,3.46589e-06,0.00132637,0.0,5.77041e-06,4.43081e-06,0.0,0.000373856,3.01602e-06,1.53392e-06,3.15654e-06,8.27712e-06,6.12437e-07,0.0,0.0,2.09487e-06,0.0,0.0,1.55253e-05,5.46251e-07,2.79004e-07,0.0,7.92873e-06,0.0,0.000184574,0.0131091,0.0,2.03411e-05,0.0011335,0.00110035,0.000379715,0.00668518,0.000308445,0.000145175,0.00337243,1.32413e-06,0.000326264,3.64349e-05,5.26631e-05,0.000345196,2.441e-05,9.43952e-06,1.8567e-05,0.000270144,8.84953e-05,7.8509e-07,0.0,0.0,3.71735e-05,0.0,0.0,4.08984e-05,0.000265889,0.0,0.0,0.0,2.03063e-05,0.0,2.86718e-06,0.0,0.0,0.0,2.00076e-05,7.61671e-05,0.0,4.90538e-05,0.00472728,2.72489e-05,0.0,9.63293e-05,6.75321e-06,0.0,0.0,0.0,3.53998e-07,7.35117e-06,0.000127764,3.22033e-05,0.0,0.0,0.0,1.62994e-05,7.137e-05,0.000207282,0.0,4.80376e-05,0.000108727,0.000187558,6.98312e-06,0.000134729,2.62648e-07,4.80061e-05,1.2648e-06,0.00025141,0.000132995,2.11622e-05,0.000648758,0.000212303,0.00110982,2.37524e-05,0.0,7.74688e-06,0.0,4.44467e-06,0.000119066,1.35336e-05,0.00011656,9.34152e-06,0.00134029,0.0,0.0,5.88146e-06,0.0
0.0,0.0,3.46116e-06,0.0013268,0.0,6.0213e-06,4.43081e-06,0.0,0.00037162,2.71457e-06,1.84203e-06,3.15654e-06,6.85696e-06,6.12437e-07,0.0,0.0,2.39531e-06,0.0,0.0,1.5243e-05,5.46251e-07,5.52129e-07,0.0,8.71725e-06,0.0,0.000185109,0.0131154,0.0,2.13688e-05,0.00113054,0.00110389,0.000381507,0.00668764,0.000308753,0.000146022,0.00337605,1.06422e-06,0.000327786,3.61337e-05,5.2666e-05,0.000345501,2.47114e-05,9.43952e-06,1.79675e-05,0.000270449,8.87018e-05,9.81362e-07,0.0,0.0,3.73483e-05,1.61214e-07,0.0,4.08984e-05,0.000265526,0.0,0.0,0.0,2.05583e-05,0.0,3.04638e-06,0.0,0.0,0.0,2.00076e-05,7.5921e-05,0.0,4.88415e-05,0.00472766,2.74305e-05,0.0,9.59105e-05,6.58146e-06,0.0,0.0,0.0,3.53998e-07,7.35117e-06,0.000127544,3.17479e-05,0.0,0.0,0.0,1.65322e-05,7.08977e-05,0.00020494,0.0,4.82686e-05,0.000108263,0.000188159,6.51769e-06,0.000137596,2.62648e-07,4.91017e-05,1.52604e-06,0.0002535,0.000133606,2.146e-05,0.000652399,0.00021205,0.00111001,2.37505e-05,0.0,8.04884e-06,0.0,4.44467e-06,0.000119372,1.38407e-05,0.000117439,1.02151e-05,0.00133988,0.0,0.0,5.88065e-06,0.0
0.0,0.0,2.86753e-06,0.00132689,0.0,5.77041e-06,4.43081e-06,0.0,0.000372015,2.71457e-06,2.15003e-06,3.1575e-06,9.14087e-06,3.06219e-07,0.0,0.0,2.09721e-06,0.0,0.0,1.55253e-05,8.19377e-07,2.74343e-07,0.0,8.19808e-06,0.0,0.000184049,0.0131094,0.0,1.91337e-05,0.00113556,0.00110673,0.000382521,0.00668548,0.000308753,0.000144898,0.00337486,1.05874e-06,0.000329309,3.58214e-05,5.23565e-05,0.000344902,2.50134e-05,9.13489e-06,1.8871e-05,0.000271024,8.84953e-05,7.8509e-07,0.0,0.0,3.69943e-05,0.0,0.0,4.11276e-05,0.000265718,0.0,0.0,0.0,2.03063e-05,0.0,2.86718e-06,0.0,0.0,0.0,1.98241e-05,7.64117e-05,0.0,4.90538e-05,0.0047298,2.72489e-05,0.0,9.61189e-05,6.79095e-06,0.0,0.0,0.0,5.30997e-07,7.13496e-06,0.000127764,3.2389e-05,0.0,0.0,1.44796e-07,1.6734e-05,7.06615e-05,0.000206613,0.0,4.80376e-05,0.000108499,0.000189146,6.51946e-06,0.000135842,2.62648e-07,4.82942e-05,1.51569e-06,0.000252718,0.000133606,2.14612e-05,0.000648183,0.00020743,0.00111032,2.40555e-05,0.0,8.34682e-06,0.0,4.14893e-06,0.000119064,1.35331e-05,0.00011566,9.34152e-06,0.00133872,0.0,0.0,5.58802e-06,0.0
0.0,0.0,3.45976e-06,0.00132703,0.0,5.77041e-06,4.43081e-06,0.0,0.000374945,2.71457e-06,1.84135e-06,3.15654e-06,8.57026e-06,6.12437e-07,0.0,0.0,2.08627e-06,0.0,0.0,1.55253e-05,5.46251e-07,5.54543e-07,0.0,8.19526e-06,0.0,0.000184838,0.0131137,0.0,2.07669e-05,0.00112852,0.00110503,0.000382709,0.0066861,0.000308753,0.000145457,0.00337516,1.85489e-06,0.00032535,3.58214e-05,5.23608e-05,0.0003449,2.47103e-05,9.43952e-06,1.82667e-05,0.000269569,8.84933e-05,7.8509e-07,0.0,0.0,3.69943e-05,0.0,0.0,4.08984e-05,0.000265338,0.0,0.0,0.0,2.10282e-05,0.0,2.86718e-06,0.0,0.0,0.0,2.00076e-05,7.59362e-05,0.0,4.88415e-05,0.00472764,2.72513e-05,0.0,9.61189e-05,7.20627e-06,0.0,0.0,0.0,3.53998e-07,7.35117e-06,0.000127544,3.20412e-05,0.0,0.0,0.0,1.67229e-05,7.08977e-05,0.000204865,0.0,4.80376e-05,0.000108494,0.000187877,7.21758e-06,0.000137875,2.62648e-07,4.82954e-05,1.2648e-06,0.000251932,0.000132994,2.11591e-05,0.000649705,0.000212926,0.0011109,2.4371e-05,0.0,7.74688e-06,0.0,5.04097e-06,0.000119373,1.35336e-05,0.000115059,9.33725e-06,0.00133753,0.0,0.0,5.58802e-06,0.0
0.0,0.0,3.74396e-06,0.00132732,0.0,5.77041e-06,4.67697e-06,0.0,0.000368498,2.71457e-06,1.22558e-06,3.1575e-06,8.2753e-06,3.06219e-07,0.0,0.0,1.79412e-06,0.0,0.0,1.55253e-05,5.46251e-07,2.7787e-07,0.0,7.92873e-06,0.0,0.000184315,0.0131094,0.0,2.02323e-05,0.00113261,0.00109824,0.000381661,0.00668671,0.000308445,0.000145434,0.00337393,1.31836e-06,0.000329318,3.52089e-05,5.26651e-05,0.000345496,2.50123e-05,9.13489e-06,1.85676e-05,0.000271018,8.84953e-05,7.8509e-07,0.0,0.0,3.73527e-05,1.61214e-07,0.0,4.11203e-05,0.000265528,0.0,0.0,0.0,2.00844e-05,0.0,3.04638e-06,0.0,0.0,0.0,2.00076e-05,7.5921e-05,0.0,4.88415e-05,0.00472812,2.72489e-05,0.0,9.61209e-05,6.40231e-06,0.0,0.0,0.0,3.53998e-07,7.35117e-06,0.000127764,3.22102e-05,0.0,0.0,0.0,1.65377e-05,7.08977e-05,0.000207335,0.0,4.82686e-05,0.000108725,0.00018811,6.51769e-06,0.000136551,2.62648e-07,4.85392e-05,1.52604e-06,0.00025407,0.0001333,2.146e-05,0.000648469,0.000210516,0.00111155,2.31363e-05,0.0,8.04832e-06,0.0,4.44467e-06,0.000118759,1.35336e-05,0.000114739,9.34152e-06,0.00133697,0.0,0.0,6.17488e-06,0.0
0.0,0.0,3.16443e-06,0.00132583,0.0,6.0213e-06,4.43081e-06,0.0,0.000373812,2.71457e-06,2.4522e-06,3.15654e-06,7.99739e-06,6.12437e-07,0.0,0.0,2.3923e-06,0.0,0.0,1.55253e-05,8.19377e-07,2.79004e-07,0.0,8.70315e-06,0.0,0.000184046,0.0131144,0.0,2.1476e-05,0.00113351,0.0011086,0.000381781,0.00668518,0.000308445,0.000144885,0.00337455,1.06288e-06,0.000325639,3.52095e-05,5.23611e-05,0.000344307,2.47109e-05,9.13489e-06,1.85652e-05,0.000271306,8.84953e-05,9.81362e-07,0.0,0.0,3.71691e-05,0.0,0.0,4.06693e-05,0.000265694,0.0,0.0,0.0,2.05373e-05,0.0,2.86718e-06,0.0,0.0,0.0,2.00076e-05,7.64117e-05,0.0,4.90538e-05,0.00472938,2.72513e-05,0.0,9.61169e-05,7.07608e-06,0.0,0.0,0.0,5.30997e-07,7.35117e-06,0.000127544,3.22561e-05,0.0,0.0,0.0,1.60758e-05,7.11338e-05,0.000204858,0.0,4.80376e-05,0.000108266,0.000188373,6.75041e-06,0.000137633,2.62648e-07,4.82967e-05,1.52604e-06,0.000251389,0.000133606,2.17609e-05,0.000650017,0.00020959,0.00111464,2.46622e-05,0.0,8.64451e-06,0.0,4.44467e-06,0.000119065,1.35336e-05,0.000116541,9.92163e-06,0.00133932,0.0,0.0,5.5888e-06,0.0
0.0,0.0,3.16616e-06,0.00132754,0.0,5.77041e-06,4.43081e-06,0.0,0.000371652,2.71457e-06,6.13236e-07,2.87115e-06,8.26859e-06,6.12437e-07,0.0,0.0,1.79222e-06,0.0,0.0,1.55253e-05,5.46251e-07,0.0,0.0,8.46613e-06,0.0,0.000184577,0.0131124,0.0,2.11923e-05,0.00113375,0.00110005,0.000381092,0.0066901,0.000308446,0.00014517,0.00337362,1.32547e-06,0.00032747,3.70522e-05,5.29647e-05,0.000346089,2.50129e-05,9.43952e-06,1.8567e-05,0.00026927,8.87018e-05,7.8509e-07,0.0,0.0,3.71735e-05,1.61214e-07,0.0,4.11276e-05,0.000265707,0.0,0.0,0.0,2.05492e-05,0.0,3.04638e-06,0.0,0.0,0.0,2.00076e-05,7.61671e-05,0.0,4.88415e-05,0.00472693,2.72489e-05,0.0,9.61209e-05,6.88688e-06,0.0,0.0,0.0,3.53998e-07,7.35117e-06,0.000127544,3.23974e-05,0.0,0.0,0.0,1.65303e-05,7.08977e-05,0.000206864,0.0,4.82686e-05,0.00010849,0.000188124,6.75041e-06,0.000135801,2.62648e-07,4.80223e-05,1.00355e-06,0.000252205,0.0001333,2.146e-05,0.000652115,0.000211411,0.00110516,2.37572e-05,0.0,8.04832e-06,0.0,4.14893e-06,0.00011937,1.35336e-05,0.000117771,9.92249e-06,0.00133727,0.0,0.0,5.29378e-06,0.0
0.0,0.0,3.7532e-06,0.00132432,0.0,5.77041e-06,4.43081e-06,0.0,0.00037334,2.71457e-06,1.84183e-06,3.15654e-06,9.40599e-06,3.06219e-07,0.0,0.0,2.38602e-06,0.0,0.0,1.5243e-05,5.46251e-07,2.79004e-07,0.0,8.19526e-06,0.0,0.000185114,0.0131138,0.0,2.01409e-05,0.00113027,0.00110787,0.000380976,0.00668702,0.000308753,0.000144599,0.00337484,1.5895e-06,0.000326575,3.42877e-05,5.35729e-05,0.000344014,2.47109e-05,9.43952e-06,1.85658e-05,0.000270733,8.84953e-05,7.8509e-07,0.0,0.0,3.71668e-05,0.0,0.0,4.11276e-05,0.000265751,0.0,0.0,0.0,2.00844e-05,0.0,2.86718e-06,0.0,0.0,0.0,1.98241e-05,7.59362e-05,0.0,4.90538e-05,0.00472768,2.75681e-05,0.0,9.61189e-05,6.32701e-06,0.0,0.0,0.0,3.53998e-07,7.13496e-06,0.000127542,3.21848e-05,0.0,0.0,0.0,1.60904e-05,7.11338e-05,0.000205835,0.0,4.80376e-05,0.000108499,0.000188631,6.51769e-06,0.00013761,2.62648e-07,4.90936e-05,1.52604e-06,0.000251657,0.000133301,2.08594e-05,0.000649402,0.000213241,0.00111425,2.4057e-05,0.0,7.74688e-06,0.0,4.7438e-06,0.000118453,1.38407e-05,0.000116838,9.34152e-06,0.00133753,0.0,0.0,5.88065e-06,0.0
0.0,0.0,3.45347e-06,0.00132889,0.0,6.0213e-06,4.43081e-06,0.0,0.000372765,2.71457e-06,1.84137e-06,2.87019e-06,7.42253e-06,6.12437e-07,0.0,0.0,1.78444e-06,0.0,0.0,1.55253e-05,8.19377e-07,8.27669e-07,0.0,7.92873e-06,0.0,0.000184579,0.0131107,0.0,1.99615e-05,0.00113555,0.00109157,0.000383166,0.00668701,0.000308753,0.000145729,0.00337487,1.06288e-06,0.000328398,3.61302e-05,5.1754e-05,0.000345202,2.50123e-05,9.13489e-06,1.8567e-05,0.00027014,8.89102e-05,7.8509e-07,0.0,0.0,3.73527e-05,0.0,0.0,4.08984e-05,0.000265323,0.0,0.0,0.0,2.07938e-05,0.0,3.04638e-06,0.0,0.0,0.0,2.00076e-05,7.61655e-05,0.0,4.88415e-05,0.00473072,2.75612e-05,0.0,9.59105e-05,6.86784e-06,0.0,0.0,0.0,5.30997e-07,7.35117e-06,0.000127544,3.2049e-05,0.0,0.0,0.0,1.74069e-05,7.06615e-05,0.000205383,0.0,4.80376e-05,0.000108494,0.00018761,6.98312e-06,0.000135515,2.62648e-07,4.82848e-05,1.52604e-06,0.000252979,0.000132995,2.14631e-05,0.00065266,0.000211119,0.00111213,2.46671e-05,0.0,8.64879e-06,0.0,4.44467e-06,0.000119065,1.35336e-05,0.000117454,9.63069e-06,0.00133778,0.0,0.0,5.29457e-06,0.0
0.0,0.0,3.16443e-06,0.00132791,0.0,5.77041e-06,4.43081e-06,0.0,0.000372464,2.71457e-06,2.45666e-06,3.44384e-06,8.58808e-06,3.06219e-07,0.0,0.0,2.6967e-06,0.0,0.0,1.55253e-05,5.46251e-07,0.0,0.0,7.92873e-06,0.0,0.00018458,0.0131127,0.0,2.32385e-05,0.00112966,0.00111074,0.000380192,0.00668671,0.000308753,0.000146005,0.00337329,1.05874e-06,0.000327174,3.70527e-05,5.20588e-05,0.000344602,2.47103e-05,9.13489e-06,1.8567e-05,0.000271333,8.82849e-05,9.81362e-07,0.0,0.0,3.71691e-05,1.61214e-07,0.0,4.08984e-05,0.000266114,0.0,0.0,0.0,2.07717e-05,0.0,2.86718e-06,0.0,0.0,0.0,2.00076e-05,7.61671e-05,0.0,4.88415e-05,0.0047253,2.71137e-05,0.0,9.63293e-05,6.75435e-06,0.0,0.0,0.0,3.53998e-07,7.35117e-06,0.000127764,3.2075e-05,0.0,0.0,0.0,1.65102e-05,7.11338e-05,0.000206812,0.0,4.82686e-05,0.000108496,0.000189175,6.75041e-06,0.000137587,2.62648e-07,4.85674e-05,1.25444e-06,0.000252709,0.000132994,2.146e-05,0.000646999,0.000207457,0.00111316,2.3757e-05,0.0,7.74688e-06,0.0,4.44609e-06,0.00011937,1.35336e-05,0.000115051,9.63415e-06,0.00133973,0.0,0.0,5.58802e-06,0.0
0.0,0.0,3.4568e-06,0.0013265,0.0,5.77041e-06,4.43081e-06,0.0,0.000372483,2.71457e-06,9.17929e-07,2.87019e-06,8.27641e-06,6.12437e-07,0.0,0.0,2.68744e-06,0.0,0.0,1.55253e-05,5.46251e-07,2.79004e-07,0.0,8.71855e-06,0.0,0.000184838,0.013112,0.0,1.85134e-05,0.00113469,0.00109461,0.000381317,0.00668884,0.000308138,0.000144346,0.00337636,1.0601e-06,0.000326865,3.52107e-05,5.32698e-05,0.000345798,2.53143e-05,9.13528e-06,1.85652e-05,0.000271018,8.84953e-05,7.8509e-07,0.0,0.0,3.71735e-05,0.0,0.0,4.11276e-05,0.000265519,0.0,0.0,0.0,2.03273e-05,0.0,2.86718e-06,0.0,0.0,0.0,2.00076e-05,7.61671e-05,0.0,4.90538e-05,0.00473003,2.73865e-05,0.0,9.57001e-05,7.04554e-06,0.0,0.0,0.0,3.53998e-07,7.35117e-06,0.000127544,3.2075e-05,0.0,0.0,0.0,1.69778e-05,7.11338e-05,0.000204488,0.0,4.80376e-05,0.000108265,0.000187898,6.75041e-06,0.000136107,2.62648e-07,4.82942e-05,1.52604e-06,0.000252998,0.000133606,2.146e-05,0.000651785,0.000212321,0.00111031,2.40529e-05,0.0,7.74688e-06,0.0,4.44467e-06,0.000119372,1.38413e-05,0.000115656,9.92249e-06,0.00133836,0.0,0.0,6.17488e-06,0.0
0.0,0.0,3.74405e-06,0.00132551,0.0,5.77041e-06,4.43081e-06,0.0,0.00037379,2.71457e-06,2.14466e-06,3.15654e-06,8.83793e-06,9.1934e-07,0.0,0.0,1.49499e-06,0.0,0.0,1.55253e-05,8.19377e-07,0.0,0.0,8.45072e-06,0.0,0.000184308,0.0131152,0.0,2.04368e-05,0.00113028,0.0011052,0.000379403,0.00668825,0.000308752,0.000144588,0.00337153,1.32825e-06,0.000328694,3.58217e-05,5.26633e-05,0.000345196,2.50123e-05,9.74376e-06,1.91602e-05,0.000269275,8.89102e-05,7.8509e-07,0.0,0.0,3.69943e-05,1.61214e-07,0.0,4.11203e-05,0.000265526,0.0,0.0,0.0,2.03063e-05,0.0,3.04638e-06,0.0,0.0,0.0,2.00076e-05,7.61807e-05,0.0,4.88415e-05,0.00472746,2.71137e-05,0.0,9.63293e-05,6.45967e-06,0.0,0.0,0.0,5.30997e-07,7.35117e-06,0.000127764,3.20619e-05,0.0,0.0,0.0,1.58559e-05,7.06615e-05,0.000208873,0.0,4.82686e-05,0.000108727,0.000188603,6.51946e-06,0.000135788,2.62648e-07,4.85417e-05,1.52604e-06,0.000251942,0.0001333,2.08594e-05,0.00065209,0.000214144,0.00110848,2.43596e-05,0.0,8.35029e-06,0.0,4.7438e-06,0.000118453,1.32259e-05,0.000116853,9.63069e-06,0.00133784,0.0,0.0,5.58802e-06,0.0
0.0,0.0,2.86424e-06,0.00132897,0.0,6.0213e-06,4.43081e-06,0.0,0.000370802,2.71457e-06,1.22845e-06,2.87019e-06,8.57611e-06,3.06219e-07,0.0,0.0,2.09196e-06,0.0,0.0,1.55253e-05,5.46251e-07,5.53347e-07,0.0,8.19526e-06,0.0,0.00018431,0.0131111,0.0,1.83585e-05,0.00113526,0.00110278,0.000384624,0.00668335,0.000309061,0.000146019,0.00337723,1.32547e-06,0.000328709,3.45948e-05,5.23603e-05,0.000344602,2.47114e-05,9.13489e-06,1.85664e-05,0.000271895,8.82869e-05,7.8509e-07,0.0,0.0,3.71735e-05,0.0,0.0,4.11276e-05,0.000265529,0.0,0.0,0.0,2.07654e-05,0.0,2.86718e-06,0.0,0.0,0.0,1.98241e-05,7.5921e-05,0.0,4.90538e-05,0.00472768,2.75657e-05,0.0,9.59105e-05,6.94135e-06,0.0,0.0,0.0,3.53998e-07,7.13496e-06,0.000127544,3.23951e-05,0.0,0.0,0.0,1.65211e-05,7.11338e-05,0.000205212,0.0,4.80376e-05,0.000108721,0.000188656,6.75041e-06,0.000138355,2.62648e-07,4.85648e-05,1.2648e-06,0.00025271,0.0001333,2.17609e-05,0.000648782,0.000206852,0.00111248,2.3757e-05,0.0,8.04538e-06,0.0,4.14893e-06,0.000119371,1.38407e-05,0.000115345,9.34152e-06,0.00133612,0.0,0.0,5.58723e-06,0.0
0.0,0.0,3.74878e-06,0.00132754,0.0,5.77041e-06,4.67697e-06,0.0,0.000373751,2.71457e-06,1.22661e-06,3.1575e-06,7.7133e-06,6.12437e-07,0.0,0.0,2.09196e-06,0.0,0.0,1.55253e-05,5.46251e-07,5.56873e-07,0.0,7.92873e-06,0.0,0.000184588,0.0131119,0.0,2.15382e-05,0.00113057,0.00110888,0.000381141,0.00668763,0.000308138,0.000145455,0.00337547,1.32413e-06,0.000326252,3.52103e-05,5.29671e-05,0.000345501,2.47114e-05,9.43952e-06,1.82721e-05,0.000270454,8.87018e-05,9.81362e-07,0.0,0.0,3.73483e-05,0.0,0.0,4.08984e-05,0.000265711,0.0,0.0,0.0,2.05599e-05,0.0,3.04638e-06,0.0,0.0,0.0,2.00076e-05,7.61671e-05,0.0,4.88415e-05,0.00472909,2.71137e-05,0.0,9.61189e-05,6.63733e-06,0.0,0.0,0.0,3.53998e-07,7.35117e-06,0.000127764,3.27351e-05,0.0,0.0,0.0,1.62764e-05,7.08977e-05,0.000207968,0.0,4.80376e-05,0.000108036,0.000187617,6.75041e-06,0.000136081,5.25296e-07,4.7753e-05,1.2648e-06,0.000251653,0.000133606,2.146e-05,0.000651181,0.000213236,0.00111214,2.43603e-05,0.0,8.04832e-06,0.0,4.44467e-06,0.000119372,1.35336e-05,0.000116245,9.63069e-06,0.00133922,0.0,0.0,6.46911e-06,0.0
0.0,0.0,3.46745e-06,0.0013262,0.0,5.77041e-06,4.43081e-06,0.0,0.000372731,3.01547e-06,1.84376e-06,2.87019e-06,7.69913e-06,6.12437e-07,0.0,0.0,2.08627e-06,0.0,0.0,1.5243e-05,8.19377e-07,2.7554e-07,0.0,8.71855e-06,0.0,0.000184577,0.0131145,0.0,2.04182e-05,0.00113414,0.00110666,0.000380991,0.00668641,0.000308138,0.000146029,0.00337308,1.32547e-06,0.000325955,3.58223e-05,5.11472e-05,0.000344604,2.47109e-05,9.13489e-06,1.82667e-05,0.000269556,8.87038e-05,7.8509e-07,0.0,0.0,3.69943e-05,1.61214e-07,0.0,4.08984e-05,0.000265872,0.0,0.0,0.0,2.07837e-05,0.0,2.86718e-06,0.0,0.0,0.0,2.00076e-05,7.64117e-05,0.0,4.88415e-05,0.00472696,2.73865e-05,0.0,9.59105e-05,6.94699e-06,0.0,0.0,0.0,5.30997e-07,7.35117e-06,0.000127544,3.22033e-05,0.0,0.0,0.0,1.69503e-05,7.08977e-05,0.000202835,0.0,4.82686e-05,0.000108727,0.000188342,6.75041e-06,0.000137098,2.62648e-07,4.85511e-05,1.52604e-06,0.000254069,0.000132994,2.11591e-05,0.000648233,0.000209596,0.00111185,2.34428e-05,0.0,8.04884e-06,0.0,4.74184e-06,0.00011876,1.35336e-05,0.000117474,9.63332e-06,0.00133818,0.0,0.0,5.00034e-06,0.0
0.0,0.0,2.57919e-06,0.00133063,0.0,6.0213e-06,4.43081e-06,0.0,0.000373102,3.01602e-06,1.53123e-06,3.15654e-06,8.56256e-06,3.06219e-07,0.0,0.0,1.79412e-06,0.0,0.0,1.55253e-05,5.46251e-07,5.52129e-07,0.0,8.19678e-06,0.0,0.000184577,0.0131119,0.0,2.06233e-05,0.00113231,0.00109828,0.000382796,0.00668703,0.000309368,0.000144882,0.00337603,1.59364e-06,0.000327801,3.55181e-05,5.38757e-05,0.000344605,2.50118e-05,9.13528e-06,1.82679e-05,0.0002722,8.84933e-05,7.8509e-07,0.0,0.0,3.73527e-05,0.0,0.0,4.08984e-05,0.000265573,0.0,0.0,0.0,2.03063e-05,0.0,3.04638e-06,0.0,0.0,0.0,2.00076e-05,7.59362e-05,0.0,4.90538e-05,0.00472978,2.71137e-05,0.0,9.65377e-05,6.71451e-06,0.0,0.0,0.0,3.53998e-07,7.35117e-06,0.000127764,3.12255e-05,0.0,0.0,0.0,1.69613e-05,7.08977e-05,0.000207991,0.0,4.80376e-05,0.000108492,0.000189173,6.75041e-06,0.000136308,5.25296e-07,4.93711e-05,1.2648e-06,0.000251394,0.000133606,2.17609e-05,0.000651791,0.000208945,0.0011125,2.4371e-05,0.0,8.34682e-06,0.0,4.44806e-06,0.00011937,1.38408e-05,0.000115939,9.63069e-06,0.00133963,0.0,0.0,5.88225e-06,0.0
0.0,0.0,3.45347e-06,0.00132072,0.0,5.77041e-06,4.43081e-06,0.0,0.000373184,2.71457e-06,1.53567e-06,3.1575e-06,8.85052e-06,9.19681e-07,0.0,0.0,2.09841e-06,0.0,0.0,1.55253e-05,5.46251e-07,0.0,0.0,8.70315e-06,0.0,0.000184841,0.0131124,0.0,2.0811e-05,0.0011323,0.00110391,0.000381923,0.00668794,0.000308753,0.000144316,0.00337273,1.05163e-06,0.000329609,3.55157e-05,5.17544e-05,0.000345497,2.47109e-05,9.74376e-06,1.88649e-05,0.000269272,8.84933e-05,7.8509e-07,0.0,0.0,3.71668e-05,1.61214e-07,0.0,4.11276e-05,0.000265718,0.0,0.0,0.0,2.03273e-05,0.0,2.86718e-06,0.0,0.0,0.0,2.00076e-05,7.61655e-05,0.0,4.88415e-05,0.00472906,2.73865e-05,0.0,9.57001e-05,6.79298e-06,0.0,0.0,0.0,3.53998e-07,7.35117e-06,0.000127544,3.25871e-05,0.0,0.0,0.0,1.60813e-05,7.137e-05,0.000204194,0.0,4.82686e-05,0.000108499,0.000187115,6.75041e-06,0.000136043,2.62648e-07,4.80223e-05,1.2648e-06,0.000253248,0.000132689,2.11603e-05,0.000649122,0.00021418,0.00111518,2.40488e-05,0.0,7.74688e-06,0.0,4.44467e-06,0.000119372,1.35336e-05,0.000115647,9.04808e-06,0.0013355,0.0,0.0,5.88065e-06,0.0
0.0,0.0,3.46589e-06,0.00133026,0.0,5.77041e-06,4.43081e-06,0.0,0.000371436,2.71457e-06,2.14374e-06,3.15654e-06,8.85976e-06,3.06219e-07,0.0,0.0,2.39171e-06,0.0,0.0,1.55253e-05,5.46251e-07,2.79004e-07,0.0,7.94413e-06,0.0,0.000184578,0.0131105,0.0,2.13826e-05,0.00113259,0.00109975,0.000380166,0.00668456,0.000308138,0.000145745,0.00337606,1.32547e-06,0.000328098,3.64372e-05,5.29676e-05,0.000345792,2.53138e-05,9.13489e-06,1.8567e-05,0.000271897,8.87038e-05,7.8509e-07,0.0,0.0,3.73483e-05,0.0,0.0,4.08911e-05,0.000265542,0.0,0.0,0.0,2.05373e-05,0.0,2.86718e-06,0.0,0.0,0.0,2.00076e-05,7.61671e-05,0.0,4.90538e-05,0.00472628,2.72929e-05,0.0,9.63293e-05,6.18942e-06,0.0,0.0,0.0,5.30997e-07,7.13496e-06,0.000127542,3.20394e-05,0.0,0.0,1.49548e-07,1.67575e-05,7.04253e-05,0.000207548,0.0,4.80376e-05,0.000108494,0.00018862,7.21758e-06,0.000137108,5.25296e-07,4.82805e-05,1.77693e-06,0.000252195,0.0001333,2.14572e-05,0.000650224,0.00021021,0.00110606,2.43639e-05,0.0,8.05116e-06,0.0,4.44467e-06,0.000118454,1.35336e-05,0.000117448,9.92332e-06,0.00134142,0.0,0.0,5.29457e-06,0.0
0.0,0.0,4.03481e-06,0.0013257,0.0,5.77041e-06,4.43081e-06,0.0,0.000372663,2.4126e-06,1.84226e-06,3.1575e-06,8.56143e-06,6.12437e-07,0.0,0.0,1.19524e-06,0.0,0.0,1.55253e-05,8.19377e-07,0.0,0.0,8.19678e-06,0.0,0.000184049,0.0131129,0.0,2.16669e-05,0.00113355,0.00110746,0.000382225,0.00668886,0.000308445,0.000144881,0.00337243,1.32961e-06,0.000328383,3.58247e-05,5.20564e-05,0.000344602,2.47114e-05,9.13489e-06,1.79675e-05,0.000270139,8.87018e-05,9.81362e-07,0.0,0.0,3.69943e-05,0.0,0.0,4.11276e-05,0.000265691,0.0,0.0,0.0,2.07938e-05,0.0,3.04638e-06,0.0,0.0,0.0,1.98241e-05,7.61671e-05,0.0,4.88415e-05,0.00472977,2.73865e-05,0.0,9.59105e-05,7.41958e-06,0.0,0.0,0.0,3.53998e-07,7.35117e-06,0.000127544,3.21917e-05,0.0,0.0,1.44796e-07,1.65414e-05,7.08977e-05,0.000206305,0.0,4.80376e-05,0.000108268,0.000188123,6.51769e-06,0.000136322,2.62648e-07,4.85567e-05,1.52604e-06,0.000251937,0.000133606,2.146e-05,0.000650648,0.000211701,0.00111884,2.345e-05,0.0,7.74688e-06,0.0,4.14893e-06,0.000119676,1.38407e-05,0.000115359,9.63069e-06,0.00133638,0.0,0.0,5.58802e-06,0.0
0.0,0.0,2.86943e-06,0.00132604,0.0,6.0213e-06,4.43081e-06,0.0,0.000372692,2.71457e-06,1.22674e-06,3.15654e-06,8.85989e-06,6.12437e-07,0.0,0.0,2.69315e-06,0.0,0.0,1.55253e-05,5.46251e-07,5.54543e-07,0.0,8.18115e-06,0.0,0.000185378,0.013112,0.0,1.996e-05,0.00113144,0.00110108,0.00038049,0.00668672,0.000308753,0.000145722,0.00337451,1.05874e-06,0.000323205,3.64369e-05,5.35725e-05,0.000344608,2.4712e-05,9.13489e-06,1.91652e-05,0.000269861,8.82869e-05,7.8509e-07,0.0,0.0,3.73527e-05,1.61214e-07,0.0,4.08984e-05,0.000265521,0.0,0.0,0.0,2.03189e-05,0.0,2.86718e-06,0.0,0.0,0.0,2.00076e-05,7.61655e-05,0.0,4.88415e-05,0.00472674,2.72513e-05,0.0,9.61189e-05,6.8636e-06,0.0,0.0,0.0,3.53998e-07,7.35117e-06,0.000127544,3.18832e-05,0.0,0.0,0.0,1.63067e-05,7.11338e-05,0.000207052,0.0,4.82686e-05,0.000108721,0.000188091,6.51769e-06,0.000136818,2.62648e-07,4.80211e-05,1.00355e-06,0.000252464,0.0001333,2.146e-05,0.000651462,0.000207786,0.00111036,2.40559e-05,0.0,8.04538e-06,0.0,4.7438e-06,0.000119066,1.35336e-05,0.000117155,9.63332e-06,0.00134042,0.0,0.0,5.87986e-06,0.0
0.0,0.0,3.16426e-06,0.00132848,0.0,5.77041e-06,4.43081e-06,0.0,0.000373842,3.01602e-06,1.84162e-06,2.87115e-06,8.27491e-06,3.06219e-07,0.0,0.0,2.08229e-06,0.0,0.0,1.55253e-05,5.46251e-07,2.79004e-07,0.0,8.46483e-06,0.0,0.000184574,0.0131127,0.0,2.12933e-05,0.00113527,0.00110414,0.00038351,0.00668486,0.00030783,0.000144042,0.00337397,1.85218e-06,0.000327799,3.306e-05,5.23611e-05,0.000344607,2.47109e-05,9.4399e-06,1.85658e-05,0.00027074,8.89102e-05,7.8509e-07,0.0,0.0,3.69943e-05,0.0,0.0,4.11276e-05,0.000265356,0.0,0.0,0.0,2.05492e-05,0.0,3.04638e-06,0.0,0.0,0.0,2.00076e-05,7.59362e-05,0.0,4.90538e-05,0.00472861,2.72489e-05,0.0,9.59105e-05,6.55794e-06,0.0,0.0,0.0,5.30997e-07,7.35117e-06,0.000127764,3.28018e-05,0.0,0.0,0.0,1.67284e-05,7.06615e-05,0.000205349,0.0,4.80376e-05,0.000108263,0.000188671,6.98312e-06,0.000136567,5.25296e-07,4.85661e-05,1.52604e-06,0.000252467,0.000132994,2.146e-05,0.00064579,0.000214128,0.00111004,2.4057e-05,0.0,8.04832e-06,0.0,4.74184e-06,0.000119066,1.35336e-05,0.000115942,9.63069e-06,0.00133281,0.0,0.0,5.29457e-06,0.0
0.0,0.0,4.33159e-06,0.00132623,0.0,5.77041e-06,4.43081e-06,0.0,0.000371159,2.71457e-06,2.45495e-06,3.15654e-06,7.99259e-06,6.12437e-07,0.0,0.0,2.3923e-06,0.0,0.0,1.5243e-05,8.19377e-07,0.0,0.0,8.19656e-06,0.0,0.000184315,0.013112,0.0,2.04539e-05,0.00113262,0.00110138,0.000379882,0.00668949,0.000309983,0.000146039,0.00337391,1.05874e-06,0.000327478,3.61303e-05,5.26642e-05,0.000346382,2.50118e-05,9.43913e-06,1.85676e-05,0.000271026,8.84953e-05,7.8509e-07,0.0,0.0,3.69943e-05,1.61214e-07,0.0,4.08984e-05,0.000265901,0.0,0.0,0.0,2.05373e-05,0.0,2.86718e-06,0.0,0.0,0.0,2.00076e-05,7.61671e-05,0.0,4.88415e-05,0.00472815,2.73889e-05,0.0,9.63293e-05,6.94729e-06,0.0,0.0,0.0,3.53998e-07,7.35117e-06,0.000127544,3.16951e-05,0.0,0.0,0.0,1.65433e-05,7.137e-05,0.000206351,0.0,4.82686e-05,0.000108728,0.000188872,6.28674e-06,0.000136345,2.62648e-07,4.85537e-05,1.52604e-06,0.000252456,0.000133606,2.11603e-05,0.000651508,0.000207763,0.00111279,2.37524e-05,0.0,8.04884e-06,0.0,4.14893e-06,0.00011937,1.35336e-05,0.000116551,9.34152e-06,0.00133962,0.0,0.0,5.88225e-06,0.0
0.0,0.0,2.87099e-06,0.00132755,0.0,6.0213e-06,4.67697e-06,0.0,0.000372712,2.71457e-06,1.84155e-06,2.87019e-06,8.01008e-06,3.06219e-07,0.0,0.0,1.79998e-06,0.0,0.0,1.55253e-05,5.46251e-07,5.53347e-07,0.0,8.45072e-06,0.0,0.000184569,0.0131169,0.0,1.99214e-05,0.00113142,0.0011055,0.000381149,0.0066867,0.000308137,0.000144868,0.00337512,1.06422e-06,0.000329604,3.55172e-05,5.23603e-05,0.000345197,2.53132e-05,9.13489e-06,1.85652e-05,0.000271013,8.84933e-05,9.81362e-07,0.0,0.0,3.73483e-05,0.0,0.0,4.08984e-05,0.000265144,0.0,0.0,0.0,2.03273e-05,0.0,3.04638e-06,0.0,0.0,0.0,2.00076e-05,7.64117e-05,0.0,4.90538e-05,0.00472886,2.72489e-05,0.0,9.59105e-05,6.34056e-06,0.0,0.0,0.0,3.53998e-07,7.13496e-06,0.000127764,3.25072e-05,0.0,0.0,0.0,1.64902e-05,7.08977e-05,0.000205189,0.0,4.80376e-05,0.000108494,0.000187867,6.98312e-06,0.000136036,5.25296e-07,4.82836e-05,1.00355e-06,0.000253505,0.0001333,2.146e-05,0.00065055,0.000211721,0.00110422,2.43603e-05,0.0,8.64399e-06,0.0,4.44467e-06,0.000118453,1.35336e-05,0.000116858,9.63069e-06,0.00134202,0.0,0.0,6.17488e-06,0.0
0.0,0.0,3.17517e-06,0.00132603,0.0,5.77041e-06,4.43081e-06,0.0,0.000373599,2.71457e-06,1.2237e-06,3.44384e-06,8.27485e-06,6.12437e-07,0.0,0.0,2.09196e-06,0.0,0.0,1.55253e-05,5.46251e-07,5.50996e-07,0.0,8.18115e-06,0.0,0.000184052,0.0131071,0.0,2.04482e-05,0.00113175,0.00110545,0.000380683,0.00668488,0.000308754,0.000146867,0.00337486,1.32683e-06,0.000325969,3.6438e-05,5.3571e-05,0.000344316,2.47109e-05,9.43952e-06,1.8567e-05,0.000269877,8.87018e-05,7.8509e-07,0.0,0.0,3.71735e-05,0.0,0.0,4.13495e-05,0.00026593,0.0,0.0,0.0,2.05508e-05,0.0,2.86718e-06,0.0,0.0,0.0,1.98241e-05,7.5921e-05,0.0,4.88415e-05,0.00472793,2.74305e-05,0.0,9.61189e-05,6.63541e-06,0.0,0.0,0.0,5.30997e-07,7.35117e-06,0.000127544,3.21485e-05,0.0,0.0,0.0,1.65377e-05,7.11338e-05,0.000205636,0.0,4.80376e-05,0.000108496,0.000188139,6.75041e-06,0.000138672,2.62648e-07,4.91098e-05,1.52604e-06,0.000251153,0.000133606,2.146e-05,0.00065063,0.000213538,0.00111615,2.43637e-05,0.0,7.74688e-06,0.0,4.7438e-06,0.000119373,1.35336e-05,0.000115353,9.92249e-06,0.00133393,0.0,0.0,5.29378e-06,0.0
0.0,0.0,3.7513e-06,0.00132504,0.0,5.77041e-06,4.43081e-06,0.0,0.000372034,2.71457e-06,1.22661e-06,3.15654e-06,8.84707e-06,6.12437e-07,0.0,0.0,1.79222e-06,0.0,0.0,1.55253e-05,8.19377e-07,5.54543e-07,0.0,8.19678e-06,0.0,0.000185376,0.0131171,0.0,2.09383e-05,0.00113264,0.00109778,0.000383682,0.00668639,0.000308753,0.000144039,0.00337605,1.5895e-06,0.000326557,3.58217e-05,5.1754e-05,0.000345493,2.50129e-05,9.43952e-06,1.79675e-05,0.000271308,8.84953e-05,7.8509e-07,0.0,0.0,3.71735e-05,1.61214e-07,0.0,4.11276e-05,0.000265496,0.0,0.0,0.0,2.03063e-05,0.0,2.86718e-06,0.0,0.0,0.0,2.00076e-05,7.59362e-05,0.0,4.88415e-05,0.0047288,2.72489e-05,0.0,9.63293e-05,6.87979e-06,0.0,0.0,0.0,3.53998e-07,7.35117e-06,0.000127764,3.22241e-05,0.0,0.0,0.0,1.67559e-05,7.06615e-05,0.000206531,0.0,4.82686e-05,0.000108036,0.000187855,6.75041e-06,0.00013552,5.25296e-07,4.82792e-05,1.77693e-06,0.000254032,0.000132995,2.146e-05,0.000653309,0.000208977,0.00110968,2.37572e-05,0.0,8.35029e-06,0.0,4.14893e-06,0.000119065,1.38407e-05,0.000116245,9.34152e-06,0.00133911,0.0,0.0,5.88225e-06,0.0
0.0,0.0,3.17482e-06,0.00133104,0.0,5.77041e-06,4.43081e-06,0.0,0.000372069,2.71457e-06,1.22845e-06,3.1575e-06,7.71625e-06,3.06219e-07,0.0,0.0,2.09387e-06,0.0,0.0,1.55253e-05,5.46251e-07,2.79004e-07,0.0,8.71855e-06,0.0,0.00018458,0.0131118,0.0,2.01815e-05,0.0011323,0.00110121,0.000381594,0.00668978,0.00030783,0.000145732,0.00337458,1.06288e-06,0.000328695,3.64365e-05,5.29674e-05,0.000344603,2.47114e-05,8.83065e-06,1.85713e-05,0.000270741,8.84953e-05,7.8509e-07,0.0,0.0,3.71668e-05,0.0,0.0,4.08984e-05,0.000265528,0.0,0.0,0.0,2.07927e-05,0.0,3.04638e-06,0.0,0.0,0.0,2.00076e-05,7.64117e-05,0.0,4.90538e-05,0.00472673,2.72513e-05,0.0,9.59085e-05,7.05556e-06,0.0,0.0,0.0,3.53998e-07,7.35117e-06,0.000127544,3.23913e-05,0.0,0.0,0.0,1.60904e-05,7.08977e-05,0.000205935,0.0,4.80376e-05,0.000108954,0.000189167,6.75041e-06,0.000135779,5.31998e-07,4.80142e-05,1.2648e-06,0.000251138,0.000132689,2.11633e-05,0.000648491,0.000211094,0.00111372,2.37462e-05,0.0,8.04538e-06,0.0,4.44467e-06,0.000119064,1.35336e-05,0.000115355,9.92332e-06,0.00134046,0.0,0.0,5.58642e-06,0.0
0.0,0.0,4.0243e-06,0.00132494,0.0,6.0213e-06,4.43081e-06,0.0,0.000373597,2.71457e-06,1.53426e-06,3.15654e-06,8.56677e-06,6.12437e-07,0.0,0.0,1.79342e-06,0.0,0.0,1.55253e-05,5.46251e-07,0.0,0.0,7.94283e-06,0.0,0.000184579,0.0131085,0.0,2.12193e-05,0.00113293,0.0011088,0.000382424,0.00668549,0.000308752,0.000144607,0.00337331,1.32547e-06,0.000328403,3.52109e-05,5.17554e-05,0.000345203,2.50123e-05,9.74376e-06,1.88662e-05,0.000269265,8.84953e-05,9.81362e-07,0.0,0.0,3.73483e-05,1.61214e-07,0.0,4.08984e-05,0.000265724,0.0,0.0,0.0,2.03063e-05,0.0,2.86718e-06,0.0,0.0,0.0,2.00076e-05,7.61671e-05,0.0,4.88415e-05,0.00472885,2.72489e-05,0.0,9.61209e-05,6.45901e-06,0.0,0.0,0.0,5.30997e-07,7.35117e-06,0.000127542,3.19022e-05,0.0,0.0,0.0,1.73751e-05,7.11338e-05,0.000207015,0.0,4.82686e-05,0.000108496,0.000187855,6.75041e-06,0.00013791,2.62648e-07,4.85648e-05,1.2648e-06,0.000253521,0.000133606,2.11591e-05,0.00064848,0.00020837,0.00111277,2.49732e-05,0.0,8.04832e-06,0.0,4.74184e-06,0.000119066,1.35336e-05,0.000117753,9.34152e-06,0.00133606,0.0,0.0,5.5888e-06,0.0
0.0,0.0,3.4588e-06,0.00132646,0.0,5.77041e-06,4.43081e-06,0.0,0.000372038,2.71457e-06,2.14839e-06,2.87115e-06,8.84189e-06,3.06219e-07,0.0,0.0,2.69315e-06,0.0,0.0,1.55253e-05,8.19377e-07,2.79004e-07,0.0,7.92873e-06,0.0,0.000184574,0.0131167,0.0,2.00831e-05,0.00113352,0.00110483,0.000382586,0.00668763,0.000308446,0.000145441,0.00337516,1.05874e-06,0.000325031,3.4595e-05,5.26623e-05,0.000345491,2.44105e-05,9.13489e-06,1.82679e-05,0.000271327,8.87018e-05,7.8509e-07,0.0,0.0,3.71735e-05,0.0,0.0,4.08984e-05,0.000265517,0.0,0.0,0.0,2.05492e-05,0.0,3.04638e-06,0.0,0.0,0.0,2.00076e-05,7.5921e-05,0.0,4.90538e-05,0.00472788,2.72513e-05,0.0,9.61189e-05,7.13548e-06,0.0,0.0,0.0,3.53998e-07,7.13496e-06,0.000127544,3.27489e-05,0.0,0.0,0.0,1.60869e-05,7.08977e-05,0.000205117,0.0,4.80376e-05,0.000108263,0.000189154,6.75041e-06,0.000136305,2.62648e-07,4.82792e-05,1.52604e-06,0.000251126,0.0001333,2.146e-05,0.000649387,0.000213854,0.00110575,2.31432e-05,0.0,8.04884e-06,0.0,4.44806e-06,0.000118759,1.35336e-05,0.000116242,9.92249e-06,0.00133874,0.0,0.0,6.17409e-06,0.0
0.0,0.0,3.75651e-06,0.0013297,0.0,5.77041e-06,4.43081e-06,0.0,0.000373333,2.71457e-06,1.22627e-06,3.15654e-06,8.84507e-06,6.12437e-07,0.0,0.0,1.79222e-06,0.0,0.0,1.5243e-05,5.46251e-07,0.0,0.0,8.70315e-06,0.0,0.000184313,0.0131101,0.0,2.204e-05,0.00113321,0.00109917,0.000381172,0.00668672,0.00030906,0.000145748,0.00337333,2.11181e-06,0.000329313,3.67409e-05,5.29661e-05,0.0003452,2.50118e-05,9.13489e-06,1.85652e-05,0.000270146,8.84933e-05,7.8509e-07,0.0,0.0,3.71735e-05,0.0,0.0,4.08984e-05,0.000266093,0.0,0.0,0.0,2.0329e-05,0.0,2.86718e-06,0.0,0.0,0.0,1.98241e-05,7.61807e-05,0.0,4.88415e-05,0.00472938,2.74281e-05,0.0,9.59105e-05,7.09449e-06,0.0,0.0,0.0,3.53998e-07,7.35117e-06,0.000127764,3.17081e-05,0.0,0.0,0.0,1.65395e-05,7.11338e-05,0.000205501,0.0,4.80376e-05,0.000108727,0.000186044,6.75041e-06,0.000136022,2.62648e-07,4.90992e-05,1.2648e-06,0.000251913,0.0001333,2.17609e-05,0.000651546,0.000209875,0.00111067,2.46672e-05,0.0,7.74688e-06,0.0,4.44467e-06,0.00011937,1.38408e-05,0.000115348,9.34152e-06,0.00134206,0.0,0.0,5.58802e-06,0.0
0.0,0.0,2.86139e-06,0.0013238,0.0,6.0213e-06,4.43081e-06,0.0,0.000372955,2.71457e-06,2.4542e-06,2.87019e-06,7.13172e-06,6.12437e-07,0.0,0.0,2.09342e-06,0.0,0.0,1.55253e-05,5.46251e-07,5.54543e-07,0.0,8.19808e-06,0.0,0.000184838,0.0131114,0.0,1.91041e-05,0.00113263,0.00110452,0.000380661,0.00668518,0.000308753,0.000145153,0.00337544,5.3346e-07,0.000325342,3.61314e-05,5.26646e-05,0.000344603,2.47109e-05,9.74414e-06,1.8567e-05,0.000270724,8.84953e-05,7.8509e-07,0.0,0.0,3.69943e-05,1.61214e-07,0.0,4.11276e-05,0.000265532,0.0,0.0,0.0,2.09964e-05,0.0,3.04638e-06,0.0,0.0,0.0,2.00076e-05,7.61671e-05,0.0,4.88415e-05,0.00472836,2.72513e-05,0.0,9.61189e-05,6.22707e-06,0.0,0.0,0.0,5.30997e-07,7.35117e-06,0.000127544,3.24965e-05,0.0,0.0,0.0,1.64974e-05,7.08977e-05,0.000208388,0.0,4.82686e-05,0.000108036,0.000189148,6.75041e-06,0.000137386,5.25296e-07,4.7753e-05,1.2648e-06,0.000253278,0.000133606,2.11591e-05,0.000648453,0.000212633,0.00111462,2.37497e-05,0.0,8.34682e-06,0.0,4.44467e-06,0.000119065,1.38407e-05,0.000117161,9.63069e-06,0.00133604,0.0,0.0,5.29457e-06,0.0
0.0,0.0,3.17326e-06,0.00132904,0.0,5.77041e-06,4.67697e-06,0.0,0.000371402,3.01547e-06,1.53376e-06,3.44384e-06,9.14813e-06,6.13121e-07,0.0,0.0,2.09196e-06,0.0,0.0,1.55253e-05,8.19377e-07,5.52129e-07,0.0,8.46331e-06,0.0,0.00018406,0.013112,0.0,2.07914e-05,0.00112966,0.00110574,0.000381628,0.00668732,0.000308446,0.000144891,0.00337424,1.59086e-06,0.000328708,3.58243e-05,5.23598e-05,0.000344904,2.47114e-05,8.83065e-06,1.82673e-05,0.000271014,8.87018e-05,9.81362e-07,0.0,0.0,3.71691e-05,0.0,0.0,4.11203e-05,0.000265309,0.0,0.0,0.0,2.05408e-05,0.0,2.86718e-06,0.0,0.0,0.0,2.00076e-05,7.61671e-05,0.0,4.90538e-05,0.00472859,2.72489e-05,0.0,9.63293e-05,7.29572e-06,0.0,0.0,0.0,3.53998e-07,7.35117e-06,0.000127764,3.19313e-05,0.0,0.0,0.0,1.65341e-05,7.06615e-05,0.000204249,0.0,4.80376e-05,0.000108727,0.000187882,6.51946e-06,0.000136566,2.62648e-07,4.88392e-05,1.52604e-06,0.000253226,0.000132994,2.11603e-05,0.000650324,0.000208978,0.00111216,2.406e-05,0.0,8.04884e-06,0.0,4.44467e-06,0.00011876,1.35336e-05,0.000115653,9.33725e-06,0.00133633,0.0,0.0,5.88065e-06,0.0
0.0,0.0,4.04014e-06,0.00132639,0.0,5.77041e-06,4.43081e-06,0.0,0.000371143,2.71457e-06,1.53638e-06,2.87019e-06,8.55555e-06,6.12437e-07,0.0,0.0,1.79283e-06,0.0,0.0,1.55253e-05,5.46251e-07,0.0,0.0,7.92873e-06,0.0,0.000184844,0.0131154,0.0,2.0947e-05,0.00113497,0.00110308,0.000380363,0.00668886,0.000308753,0.00014488,0.00337608,1.05874e-06,0.000327489,3.64361e-05,5.35738e-05,0.0003449,2.56152e-05,9.43913e-06,1.91646e-05,0.000270165,8.84953e-05,7.8509e-07,0.0,0.0,3.73527e-05,1.61214e-07,0.0,4.08984e-05,0.000265142,0.0,0.0,0.0,2.03273e-05,0.0,2.86718e-06,0.0,0.0,0.0,2.00076e-05,7.61655e-05,0.0,4.88415e-05,0.00472773,2.72513e-05,0.0,9.57001e-05,6.83756e-06,0.0,0.0,0.0,3.53998e-07,7.35117e-06,0.000127544,3.2597e-05,0.0,0.0,0.0,1.692e-05,7.08977e-05,0.000206593,0.0,4.82686e-05,0.000108721,0.000189411,6.98486e-06,0.000137319,2.62648e-07,4.82767e-05,1.52604e-06,0.000251693,0.000133606,2.146e-05,0.000652077,0.000208363,0.00111152,2.40529e-05,0.0,8.04832e-06,0.0,4.74523e-06,0.00011937,1.32259e-05,0.00011624,9.34152e-06,0.00133664,0.0,0.0,5.29378e-06,0.0
0.0,0.0,3.17127e-06,0.00132857,0.0,6.0213e-06,4.43081e-06,0.0,0.000373826,2.71457e-06,1.53413e-06,3.44384e-06,8.28763e-06,3.06219e-07,0.0,0.0,2.38452e-06,0.0,0.0,1.55253e-05,5.46251e-07,8.31216e-07,0.0,8.4492e-06,0.0,0.000185102,0.0131083,0.0,2.09556e-05,0.0011338,0.00110338,0.000380844,0.00668366,0.000308445,0.00014575,0.00337148,1.32691e-06,0.000328391,3.61318e-05,5.1754e-05,0.000345206,2.47109e-05,9.13489e-06,1.79675e-05,0.000271017,8.87018e-05,7.8509e-07,0.0,0.0,3.69943e-05,0.0,0.0,4.11276e-05,0.000266896,0.0,0.0,0.0,2.03063e-05,0.0,3.04638e-06,0.0,0.0,0.0,2.00076e-05,7.59362e-05,0.0,4.90538e-05,0.00472791,2.73865e-05,0.0,9.63293e-05,6.75176e-06,0.0,0.0,0.0,5.30997e-07,7.13496e-06,0.000127544,3.18356e-05,0.0,0.0,0.0,1.65321e-05,7.11338e-05,0.000205611,0.0,4.80376e-05,0.000108497,0.000187867,6.51769e-06,0.000136096,2.62648e-07,4.85554e-05,1.25444e-06,0.000252983,0.0001333,2.17609e-05,0.000648481,0.000214481,0.00111099,2.43635e-05,0.0,8.04538e-06,0.0,4.44467e-06,0.000119372,1.38413e-05,0.000116849,9.92249e-06,0.00133839,0.0,0.0,5.5888e-06,0.0
0.0,0.0,2.28774e-06,0.00132491,0.0,5.77041e-06,4.43081e-06,0.0,0.000373632,2.71457e-06,1.53328e-06,2.87019e-06,7.42875e-06,6.12437e-07,0.0,0.0,2.08627e-06,0.0,0.0,1.55253e-05,8.19377e-07,0.0,0.0,8.19808e-06,0.0,0.000184311,0.0131141,0.0,2.04603e-05,0.00113203,0.00110195,0.000380748,0.00668732,0.000308753,0.0001443,0.00337454,1.05874e-06,0.000328383,3.45956e-05,5.26633e-05,0.000345201,2.50123e-05,9.74414e-06,1.88655e-05,0.000271033,8.84953e-05,7.8509e-07,0.0,0.0,3.71735e-05,0.0,0.0,4.11276e-05,0.00026572,0.0,0.0,0.0,2.10247e-05,0.0,2.86718e-06,0.0,0.0,0.0,1.98241e-05,7.64117e-05,0.0,4.88415e-05,0.00472857,2.72929e-05,0.0,9.61209e-05,6.61574e-06,0.0,0.0,0.0,3.53998e-07,7.35117e-06,0.000127764,3.24533e-05,0.0,0.0,1.44796e-07,1.65287e-05,7.08977e-05,0.000205641,0.0,4.80376e-05,0.000108494,0.000189148,6.75041e-06,0.000136816,2.62648e-07,4.80236e-05,1.52604e-06,0.000251648,0.000132995,2.08613e-05,0.000652071,0.000211099,0.00110968,2.40602e-05,0.0,8.35029e-06,0.0,4.44467e-06,0.000118453,1.35336e-05,0.000117456,9.34152e-06,0.0013414,0.0,0.0,6.17488e-06,0.0
0.0,0.0,4.32779e-06,0.00132845,0.0,5.77041e-06,4.43081e-06,0.0,0.000371368,2.71457e-06,1.2264e-06,3.1575e-06,9.12406e-06,6.12437e-07,0.0,0.0,1.79222e-06,0.0,0.0,1.55253e-05,5.46251e-07,5.54543e-07,0.0,8.4351e-06,0.0,0.000184574,0.0131141,0.0,1.98578e-05,0.00112965,0.00110006,0.000381258,0.00669008,0.000308753,0.000145456,0.00337607,1.85893e-06,0.000328102,3.55153e-05,5.20578e-05,0.0003446,2.47103e-05,9.13489e-06,1.88598e-05,0.00026986,8.84933e-05,7.8509e-07,0.0,0.0,3.73416e-05,1.61214e-07,0.0,4.06693e-05,0.000265325,0.0,0.0,0.0,2.00844e-05,0.0,3.04638e-06,0.0,0.0,0.0,2.00076e-05,7.5921e-05,0.0,4.88415e-05,0.00472768,2.73865e-05,0.0,9.61169e-05,6.04249e-06,0.0,0.0,0.0,3.53998e-07,7.35117e-06,0.000127544,3.15386e-05,0.0,0.0,0.0,1.63104e-05,7.08977e-05,0.000206758,0.0,4.82686e-05,0.000108263,0.000187346,6.98312e-06,0.000137104,2.62648e-07,4.85524e-05,1.52604e-06,0.000251679,0.000133606,2.146e-05,0.000650621,0.000208949,0.00111186,2.34434e-05,0.0,7.74688e-06,0.0,4.44806e-06,0.00011937,1.35336e-05,0.00011565,9.92332e-06,0.00133883,0.0,0.0,5.88225e-06,0.0
0.0,0.0,2.87982e-06,0.00132576,0.0,5.77041e-06,4.43081e-06,0.0,0.000372301,2.71457e-06,1.83885e-06,2.87019e-06,9.15017e-06,3.06219e-07,0.0,0.0,2.69261e-06,0.0,0.0,1.5243e-05,5.46251e-07,0.0,0.0,8.21088e-06,0.0,0.00018405,0.013113,0.0,2.13978e-05,0.00113323,0.00111084,0.000382127,0.0066855,0.00030783,0.000146864,0.00337303,7.9885e-07,0.000324727,3.64361e-05,5.38753e-05,0.000346091,2.50123e-05,8.83065e-06,1.85676e-05,0.000270442,8.87018e-05,9.81362e-07,0.0,0.0,3.73527e-05,0.0,0.0,4.11276e-05,0.000265162,0.0,0.0,0.0,2.07837e-05,0.0,2.86718e-06,0.0,0.0,0.0,2.00076e-05,7.61671e-05,0.0,4.90538e-05,0.00472929,2.72513e-05,0.0,9.61209e-05,7.19115e-06,0.0,0.0,0.0,5.30997e-07,7.35117e-06,0.000127764,3.23102e-05,0.0,0.0,0.0,1.62992e-05,7.11338e-05,0.000205469,0.0,4.80376e-05,0.000108499,0.000188119,6.51769e-06,0.000136315,2.62648e-07,4.91005e-05,1.2648e-06,0.000253238,0.000132995,2.14612e-05,0.000650269,0.000212983,0.00111706,2.4057e-05,0.0,8.34682e-06,0.0,4.44467e-06,0.000119678,1.38407e-05,0.000115056,9.63069e-06,0.00133782,0.0,0.0,5.58723e-06,0.0
0.0,0.0,3.44212e-06,0.00132625,0.0,6.0213e-06,4.43081e-06,0.0,0.000373113,2.71457e-06,1.84171e-06,3.15654e-06,7.99446e-06,9.19681e-07,0.0,0.0,2.08926e-06,0.0,0.0,1.55253e-05,5.46251e-07,2.79004e-07,0.0,7.92873e-06,0.0,0.000184848,0.013112,0.0,1.93736e-05,0.00113324,0.00109645,0.000381343,0.00668639,0.000309676,0.000144337,0.00337602,1.32277e-06,0.000329012,3.58214e-05,5.17531e-05,0.000344012,2.41096e-05,9.74376e-06,1.82709e-05,0.000270145,8.87038e-05,7.8509e-07,0.0,0.0,3.69943e-05,0.0,0.0,4.11203e-05,0.000265692,0.0,0.0,0.0,2.03063e-05,0.0,3.04638e-06,0.0,0.0,0.0,2.00076e-05,7.61807e-05,0.0,4.88415e-05,0.00472811,2.73865e-05,0.0,9.59085e-05,7.24656e-06,0.0,0.0,0.0,3.53998e-07,7.35117e-06,0.000127322,3.22922e-05,0.0,0.0,0.0,1.67359e-05,7.06615e-05,0.000207211,0.0,4.82686e-05,0.000108494,0.000187868,6.98312e-06,0.000136562,2.62648e-07,4.82929e-05,1.2648e-06,0.000252748,0.000132994,2.146e-05,0.000650035,0.000209272,0.00110666,2.43694e-05,0.0,7.74688e-06,0.0,4.44467e-06,0.000118453,1.35336e-05,0.000117152,9.63332e-06,0.00133779,0.0,0.0,5.58642e-06,0.0
0.0,0.0,2.87592e-06,0.00132856,0.0,5.77041e-06,4.43081e-06,0.0,0.000371645,2.71457e-06,9.19819e-07,3.1575e-06,8.27351e-06,3.06219e-07,0.0,0.0,2.09317e-06,0.0,0.0,1.55253e-05,8.19377e-07,5.52129e-07,0.0,8.71855e-06,0.0,0.000184313,0.0131122,0.0,2.05367e-05,0.0011329,0.00110714,0.000380888,0.00668856,0.000308137,0.0001463,0.00337275,1.59086e-06,0.000327165,3.52123e-05,5.32709e-05,0.000345789,2.50129e-05,9.13489e-06,1.8567e-05,0.000269861,8.84933e-05,7.8509e-07,0.0,0.0,3.71735e-05,1.61214e-07,0.0,4.11276e-05,0.000265699,0.0,0.0,0.0,2.05583e-05,0.0,2.86718e-06,0.0,0.0,0.0,2.00076e-05,7.61671e-05,0.0,4.90538e-05,0.00472748,2.71137e-05,0.0,9.61209e-05,5.88009e-06,0.0,0.0,0.0,3.53998e-07,7.13496e-06,0.000127764,3.20083e-05,0.0,0.0,0.0,1.69595e-05,7.11338e-05,0.000205176,0.0,4.80376e-05,0.000108497,0.000189408,6.75041e-06,0.000137103,2.62648e-07,4.8278e-05,1.52604e-06,0.000251914,0.000133606,2.11591e-05,0.000649081,0.000210218,0.00111579,2.3439e-05,0.0,7.74971e-06,0.0,4.44609e-06,0.000119676,1.35336e-05,0.000115339,9.63069e-06,0.00133698,0.0,0.0,5.88225e-06,0.0
0.0,0.0,4.03858e-06,0.00132718,0.0,5.77041e-06,4.43081e-06,0.0,0.000373146,2.71457e-06,1.84171e-06,3.15654e-06,8.27083e-06,6.12437e-07,0.0,0.0,2.39341e-06,0.0,0.0,1.55253e-05,5.46251e-07,0.0,0.0,7.92873e-06,0.0,0.000184577,0.0131136,0.0,2.2335e-05,0.00113351,0.00110092,0.00038292,0.00668334,0.00030906,0.000144888,0.00337635,1.05874e-06,0.000326268,3.61289e-05,5.14511e-05,0.000345203,2.50123e-05,9.43952e-06,1.82679e-05,0.000271319,8.84953e-05,7.8509e-07,0.0,0.0,3.73483e-05,0.0,0.0,4.06693e-05,0.00026535,0.0,0.0,0.0,2.05508e-05,0.0,2.86718e-06,0.0,0.0,0.0,2.00076e-05,7.5921e-05,0.0,4.88415e-05,0.00472888,2.73865e-05,0.0,9.61189e-05,7.02495e-06,0.0,0.0,0.0,5.30997e-07,7.35117e-06,0.000127544,3.17817e-05,0.0,0.0,0.0,1.60703e-05,7.11338e-05,0.000207043,0.0,4.80376e-05,0.00010849,0.000186825,6.51769e-06,0.000136042,2.62648e-07,4.77542e-05,1.2648e-06,0.000251664,0.0001333,2.17609e-05,0.000649733,0.000210766,0.00110547,2.40641e-05,0.0,8.04832e-06,0.0,4.7438e-06,0.000119067,1.35336e-05,0.000115956,9.34152e-06,0.00133812,0.0,0.0,5.5888e-06,0.0
0.0,0.0,3.75037e-06,0.00132461,0.0,6.0213e-06,4.67697e-06,0.0,0.000373994,2.71457e-06,1.53103e-06,3.1575e-06,9.14556e-06,6.12437e-07,0.0,0.0,2.09502e-06,0.0,0.0,1.55253e-05,5.46251e-07,5.54543e-07,0.0,8.70315e-06,0.0,0.000184576,0.0131099,0.0,2.08923e-05,0.00113084,0.00110373,0.000380164,0.00668946,0.000307831,0.000144611,0.00337455,1.06422e-06,0.000329917,3.4904e-05,5.32686e-05,0.000344603,2.50123e-05,9.43952e-06,1.85652e-05,0.000271322,8.89102e-05,9.81362e-07,0.0,0.0,3.69943e-05,1.61214e-07,0.0,4.08984e-05,0.000266085,0.0,0.0,0.0,2.05492e-05,0.0,3.04638e-06,0.0,0.0,0.0,1.98241e-05,7.64117e-05,0.0,4.88415e-05,0.00472789,2.72929e-05,0.0,9.59105e-05,7.61237e-06,0.0,0.0,0.0,3.53998e-07,7.35117e-06,0.000127764,3.30288e-05,0.0,0.0,0.0,1.65469e-05,7.06615e-05,0.000205374,0.0,4.82686e-05,0.000108727,0.000190202,6.75217e-06,0.000137367,5.25296e-07,4.9098e-05,1.51569e-06,0.00025246,0.000133606,2.1755e-05,0.000650865,0.000209893,0.00111733,2.40527e-05,0.0,8.04538e-06,0.0,4.44467e-06,0.00011876,1.35336e-05,0.000116852,9.63069e-06,0.00133901,0.0,0.0,5.58642e-06,0.0
0.0,0.0,3.15956e-06,0.00132865,0.0,5.77041e-06,4.43081e-06,0.0,0.000371842,2.71457e-06,1.84271e-06,3.15654e-06,8.83853e-06,3.06219e-07,0.0,0.0,2.68515e-06,0.0,0.0,1.55253e-05,8.19377e-07,0.0,0.0,8.21218e-06,0.0,0.000184577,0.0131113,0.0,2.02534e-05,0.00113058,0.00109936,0.000383795,0.00668641,0.00030906,0.00014544,0.00337487,1.58105e-06,0.000325958,3.58251e-05,5.32703e-05,0.000344609,2.50118e-05,8.83065e-06,1.88667e-05,0.000269852,8.80785e-05,7.8509e-07,0.0,0.0,3.71735e-05,0.0,0.0,4.11276e-05,0.000265726,0.0,0.0,0.0,2.00844e-05,0.0,2.86718e-06,0.0,0.0,0.0,2.00076e-05,7.59362e-05,0.0,4.90538e-05,0.00472911,2.73865e-05,0.0,9.61189e-05,6.03259e-06,0.0,0.0,0.0,3.53998e-07,7.35117e-06,0.000127544,3.20949e-05,0.0,0.0,0.0,1.71995e-05,7.11338e-05,0.000208299,0.0,4.80376e-05,0.000108266,0.000187908,6.75041e-06,0.000136037,2.62648e-07,4.85673e-05,1.52604e-06,0.000252985,0.0001333,2.11603e-05,0.000652092,0.000212335,0.00110975,2.43643e-05,0.0,8.64745e-06,0.0,4.14893e-06,0.000119675,1.35336e-05,0.000117158,9.34152e-06,0.00133727,0.0,0.0,5.58802e-06,0.0
0.0,0.0,3.74514e-06,0.00132412,0.0,5.77041e-06,4.43081e-06,0.0,0.000372938,3.01602e-06,2.14424e-06,2.87115e-06,7.99176e-06,6.12437e-07,0.0,0.0,1.49309e-06,0.0,0.0,1.55253e-05,5.46251e-07,2.79004e-07,0.0,8.4492e-06,0.0,0.000184574,0.0131143,0.0,2.01293e-05,0.0011338,0.00110881,0.000379788,0.00668825,0.000308138,0.000146039,0.00337394,1.32547e-06,0.000326569,3.52104e-05,5.20574e-05,0.000345789,2.47109e-05,9.43913e-06,1.85664e-05,0.000270742,8.87018e-05,7.8509e-07,0.0,0.0,3.69943e-05,0.0,0.0,4.11276e-05,0.000265722,0.0,0.0,0.0,2.10146e-05,0.0,3.04638e-06,0.0,0.0,0.0,2.00076e-05,7.61671e-05,0.0,4.88415e-05,0.00472836,2.71137e-05,0.0,9.61209e-05,6.59861e-06,0.0,0.0,0.0,5.30997e-07,7.35117e-06,0.000127764,3.21741e-05,0.0,0.0,0.0,1.6316e-05,7.08977e-05,0.000203252,0.0,4.82686e-05,0.000108494,0.000188065,6.75041e-06,0.000136831,5.25296e-07,4.80074e-05,1.2648e-06,0.000253788,0.000132689,2.08613e-05,0.000650254,0.0002117,0.00111395,2.34501e-05,0.0,7.74688e-06,0.0,4.44467e-06,0.00011876,1.38402e-05,0.000115042,9.92249e-06,0.00133512,0.0,0.0,5.5888e-06,0.0
0.0,0.0,2.88501e-06,0.00133043,0.0,5.77041e-06,4.43081e-06,0.0,0.000371861,2.71457e-06,1.84404e-06,3.15654e-06,7.72374e-06,3.06219e-07,0.0,0.0,2.09196e-06,0.0,0.0,1.5243e-05,5.46251e-07,8.31216e-07,0.0,7.92873e-06,0.0,0.00018485,0.0131124,0.0,2.08732e-05,0.00113404,0.00110093,0.000383257,0.00668609,0.000308138,0.000144851,0.00337482,1.59094e-06,0.000328695,3.61284e-05,5.17554e-05,0.000344314,2.47114e-05,9.43952e-06,1.88655e-05,0.000270725,8.89102e-05,7.8509e-07,0.0,0.0,3.75275e-05,1.61214e-07,0.0,4.08911e-05,0.000265915,0.0,0.0,0.0,2.03063e-05,0.0,2.86718e-06,0.0,0.0,0.0,2.00076e-05,7.61655e-05,0.0,4.90538e-05,0.00472738,2.73865e-05,0.0,9.59085e-05,7.10482e-06,0.0,0.0,0.0,3.53998e-07,7.13496e-06,0.000127544,3.19383e-05,0.0,0.0,0.0,1.64974e-05,7.13612e-05,0.000208025,0.0,4.80376e-05,0.000108496,0.000187628,6.75041e-06,0.000136337,2.62648e-07,4.85567e-05,1.2648e-06,0.000252713,0.000133606,2.17609e-05,0.000645514,0.000209587,0.00110819,2.49693e-05,0.0,8.34682e-06,0.0,5.04097e-06,0.000118454,1.35336e-05,0.000116253,9.92332e-06,0.00134235,0.0,0.0,6.17488e-06,0.0
0.0,0.0,3.14669e-06,0.00132761,0.0,6.0213e-06,4.43081e-06,0.0,0.000374673,2.71457e-06,1.2264e-06,3.1575e-06,8.56979e-06,6.12437e-07,0.0,0.0,2.68951e-06,0.0,0.0,1.55253e-05,8.19377e-07,0.0,0.0,8.4492e-06,0.0,0.000184313,0.0131138,0.0,2.01309e-05,0.00113469,0.00110499,0.000381259,0.0066861,0.000308753,0.000144888,0.00337273,1.05874e-06,0.000327166,3.55146e-05,5.35739e-05,0.000344902,2.50123e-05,9.43952e-06,1.82667e-05,0.00026928,8.82869e-05,9.81362e-07,0.0,0.0,3.71668e-05,0.0,0.0,4.11276e-05,0.000265325,0.0,0.0,0.0,2.0329e-05,0.0,3.04638e-06,0.0,0.0,0.0,2.00076e-05,7.61671e-05,0.0,4.88415e-05,0.00472799,2.72513e-05,0.0,9.61209e-05,6.72801e-06,0.0,0.0,0.0,3.53998e-07,7.35117e-06,0.000127764,3.23951e-05,0.0,0.0,0.0,1.65048e-05,7.08977e-05,0.000206295,0.0,4.80376e-05,0.000108265,0.000189415,6.75041e-06,0.000136585,2.62648e-07,4.82942e-05,1.52604e-06,0.000249812,0.0001333,2.146e-05,0.00065302,0.000212016,0.00111037,2.34432e-05,0.0,8.04884e-06,0.0,4.14893e-06,0.000119371,1.38413e-05,0.000117747,9.04808e-06,0.00133816,0.0,0.0,5.58723e-06,0.0
0.0,0.0,3.7532e-06,0.00132512,0.0,5.77041e-06,4.43081e-06,0.0,0.00037205,2.71457e-06,1.22866e-06,3.15654e-06,8.2631e-06,6.12437e-07,0.0,0.0,2.08627e-06,0.0,0.0,1.55253e-05,5.46251e-07,5.54543e-07,0.0,8.21218e-06,0.0,0.000184573,0.0131123,0.0,2.0726e-05,0.00113115,0.00110483,0.000379734,0.0066864,0.00030906,0.000145742,0.00337729,1.32547e-06,0.000325964,3.45994e-05,5.23575e-05,0.000345496,2.4712e-05,9.13489e-06,1.85676e-05,0.0002713,8.87018e-05,7.8509e-07,0.0,0.0,3.71735e-05,1.61214e-07,0.0,4.11276e-05,0.000265718,0.0,0.0,0.0,2.05492e-05,0.0,2.86718e-06,0.0,0.0,0.0,1.98241e-05,7.59362e-05,0.0,4.88415e-05,0.00472737,2.74281e-05,0.0,9.63273e-05,6.92936e-06,0.0,0.0,0.0,5.30997e-07,7.35117e-06,0.000127544,3.20153e-05,0.0,0.0,0.0,1.60759e-05,7.08977e-05,0.000206316,0.0,4.82686e-05,0.000109185,0.000187613,6.75041e-06,0.000136833,2.62648e-07,4.8823e-05,1.52604e-06,0.000254588,0.000132995,2.11603e-05,0.000647871,0.000210512,0.00110817,2.3757e-05,0.0,8.04832e-06,0.0,4.44467e-06,0.000119064,1.35336e-05,0.000113854,9.63069e-06,0.00133965,0.0,0.0,5.29457e-06,0.0
0.0,0.0,3.17326e-06,0.00132781,0.0,5.77041e-06,4.43081e-06,0.0,0.000372261,3.01547e-06,2.14634e-06,3.15654e-06,8.85891e-06,3.06219e-07,0.0,0.0,2.39341e-06,0.0,0.0,1.55253e-05,5.46251e-07,2.73126e-07,0.0,8.45072e-06,0.0,0.000184313,0.0131119,0.0,2.06969e-05,0.00113233,0.00109976,0.000382218,0.00668795,0.000308445,0.000145155,0.00337271,2.12162e-06,0.000329,3.61254e-05,5.32713e-05,0.00034431,2.47109e-05,8.83065e-06,1.85652e-05,0.000270457,8.87038e-05,7.8509e-07,0.0,0.0,3.69943e-05,0.0,0.0,4.08984e-05,0.000265736,0.0,0.0,0.0,2.05373e-05,0.0,2.86718e-06,0.0,0.0,0.0,2.00076e-05,7.64117e-05,0.0,4.90538e-05,0.00472891,2.72513e-05,0.0,9.59105e-05,6.52655e-06,0.0,0.0,0.0,3.53998e-07,7.35117e-06,0.000127544,3.25317e-05,0.0,0.0,0.0,1.65377e-05,7.11338e-05,0.00020637,0.0,4.80376e-05,0.000108263,0.000188359,6.98486e-06,0.000136544,2.62648e-07,4.80223e-05,1.00355e-06,0.000251659,0.000133606,2.146e-05,0.000651788,0.000210179,0.0011125,2.46668e-05,0.0,7.74688e-06,0.0,4.44467e-06,0.00011876,1.35336e-05,0.000117446,9.63332e-06,0.00133835,0.0,0.0,5.88065e-06,0.0
0.0,0.0,2.57409e-06,0.0013257,0.0,6.0213e-06,4.43081e-06,0.0,0.000371407,2.71457e-06,3.06709e-06,3.1575e-06,8.27085e-06,6.12437e-07,0.0,0.0,1.79412e-06,0.0,0.0,1.55253e-05,8.19377e-07,2.79004e-07,0.0,8.18115e-06,0.0,0.00018431,0.0131106,0.0,2.01543e-05,0.00113087,0.00111031,0.000381992,0.00668639,0.000308753,0.000144906,0.00337393,7.97489e-07,0.000327178,3.67463e-05,5.20573e-05,0.000346384,2.50118e-05,9.74376e-06,1.82679e-05,0.000270138,8.84933e-05,7.8509e-07,0.0,0.0,3.75275e-05,0.0,0.0,4.08984e-05,0.000265895,0.0,0.0,0.0,2.0778e-05,0.0,3.04638e-06,0.0,0.0,0.0,2.00076e-05,7.5921e-05,0.0,4.88415e-05,0.00472766,2.72489e-05,0.0,9.63293e-05,6.70673e-06,0.0,0.0,0.0,3.53998e-07,7.35117e-06,0.000127542,3.19874e-05,0.0,0.0,0.0,1.65267e-05,7.04253e-05,0.000203948,0.0,4.82686e-05,0.000108268,0.000188911,6.51769e-06,0.000137104,5.25296e-07,4.8558e-05,1.52604e-06,0.000254045,0.0001333,2.146e-05,0.000652385,0.000210827,0.00111306,2.37501e-05,0.0,8.34734e-06,0.0,4.44806e-06,0.000119677,1.38407e-05,0.000115664,9.63069e-06,0.00133939,0.0,0.0,6.17569e-06,0.0
0.0,0.0,3.74595e-06,0.00132551,0.0,5.77041e-06,4.43081e-06,0.0,0.00037469,2.71457e-06,1.84116e-06,3.15654e-06,7.7064e-06,3.06219e-07,0.0,0.0,1.49309e-06,0.0,0.0,1.55253e-05,5.46251e-07,0.0,0.0,8.19678e-06,0.0,0.000184841,0.0131143,0.0,1.98234e-05,0.0011338,0.00109985,0.00038184,0.00668701,0.00030906,0.000144891,0.00337452,1.0601e-06,0.000327484,3.42894e-05,5.23608e-05,0.000344899,2.53132e-05,9.43952e-06,1.82667e-05,0.000271035,8.82869e-05,9.81362e-07,0.0,0.0,3.69943e-05,1.61214e-07,0.0,4.11276e-05,0.000265534,0.0,0.0,0.0,2.03063e-05,0.0,2.86718e-06,0.0,0.0,0.0,2.00076e-05,7.61671e-05,0.0,4.90538e-05,0.00473116,2.72513e-05,0.0,9.59105e-05,6.76735e-06,0.0,0.0,0.0,5.30997e-07,7.13496e-06,0.000127544,3.22208e-05,0.0,0.0,0.0,1.67686e-05,7.11338e-05,0.000208025,0.0,4.80376e-05,0.000108494,0.000187368,6.98312e-06,0.000136325,2.62648e-07,4.8823e-05,1.77693e-06,0.000250601,0.0001333,2.146e-05,0.000649983,0.000211102,0.0011106,2.40557e-05,0.0,8.04832e-06,0.0,4.44467e-06,0.000118758,1.35336e-05,0.000117453,9.63069e-06,0.00133367,0.0,0.0,5.00034e-06,0.0
0.0,0.0,3.7518e-06,0.00132908,0.0,5.77041e-06,4.67697e-06,0.0,0.00037094,2.71457e-06,1.53618e-06,2.87115e-06,8.86245e-06,6.12437e-07,0.0,0.0,2.39291e-06,0.0,0.0,1.55253e-05,5.46251e-07,2.79004e-07,0.0,8.4505e-06,0.0,0.000184324,0.0131125,0.0,2.10256e-05,0.00113379,0.0011067,0.00038117,0.00668855,0.000308138,0.000146298,0.00337609,1.05874e-06,0.000326876,3.73575e-05,5.29643e-05,0.000345208,2.47114e-05,9.13489e-06,1.8871e-05,0.000270732,8.87038e-05,7.8509e-07,0.0,0.0,3.69943e-05,0.0,0.0,4.08984e-05,0.000265144,0.0,0.0,0.0,2.07938e-05,0.0,3.04638e-06,0.0,0.0,0.0,2.00076e-05,7.61807e-05,0.0,4.88415e-05,0.00472582,2.72489e-05,0.0,9.61189e-05,6.9237e-06,0.0,0.0,0.0,3.53998e-07,7.35117e-06,0.000127764,3.21451e-05,0.0,0.0,0.0,1.65048e-05,7.11338e-05,0.000205646,0.0,4.80376e-05,0.000108265,0.000188888,6.51946e-06,0.000136063,5.25296e-07,4.82942e-05,1.2648e-06,0.000251675,0.0001333,2.146e-05,0.000651782,0.000212013,0.00110975,2.43637e-05,0.0,7.74688e-06,0.0,4.74184e-06,0.000119372,1.35336e-05,0.00011655,9.34152e-06,0.00134198,0.0,0.0,5.88065e-06,0.0
0.0,0.0,2.88692e-06,0.00132649,0.0,5.77041e-06,4.43081e-06,0.0,0.00037265,2.71457e-06,9.18885e-07,3.15654e-06,9.15106e-06,9.1934e-07,0.0,0.0,1.79222e-06,0.0,0.0,1.5243e-05,8.19377e-07,2.79004e-07,0.0,8.21088e-06,0.0,0.000184838,0.0131138,0.0,2.04442e-05,0.00112969,0.00110057,0.000381851,0.00668796,0.000308753,0.00014545,0.00337421,1.32825e-06,0.000328375,3.61294e-05,5.26646e-05,0.0003449,2.50123e-05,9.43952e-06,1.82673e-05,0.00027016,8.87018e-05,7.8509e-07,0.0,0.0,3.71735e-05,1.61214e-07,0.0,4.13495e-05,0.000265922,0.0,0.0,0.0,2.03154e-05,0.0,2.86718e-06,0.0,0.0,0.0,1.98241e-05,7.5921e-05,0.0,4.88415e-05,0.00472837,2.75681e-05,0.0,9.59105e-05,6.65395e-06,0.0,0.0,0.0,3.53998e-07,7.35117e-06,0.000127544,3.20995e-05,0.0,0.0,1.44796e-07,1.67194e-05,7.08977e-05,0.000206026,0.0,4.82686e-05,0.000108727,0.000187575,6.51769e-06,0.000136539,2.62648e-07,4.82823e-05,1.2648e-06,0.000253246,0.000132995,2.08624e-05,0.000644891,0.00020807,0.00111583,2.37505e-05,0.0,8.64879e-06,0.0,4.14893e-06,0.000119373,1.35336e-05,0.000113235,9.92249e-06,0.00133396,0.0,0.0,5.29378e-06,0.0
0.0,0.0,3.43789e-06,0.00132699,0.0,6.0213e-06,4.43081e-06,0.0,0.000372741,2.71457e-06,1.84258e-06,3.1575e-06,7.99672e-06,3.06219e-07,0.0,0.0,2.09911e-06,0.0,0.0,1.55253e-05,5.46251e-07,2.7554e-07,0.0,8.18115e-06,0.0,0.000184577,0.013112,0.0,2.17669e-05,0.0011347,0.00110183,0.000381196,0.00668424,0.00030783,0.000143744,0.00337487,1.32413e-06,0.000325346,3.49004e-05,5.20586e-05,0.000345199,2.47114e-05,8.83065e-06,1.8567e-05,0.000271596,8.82869e-05,7.8509e-07,0.0,0.0,3.73483e-05,0.0,0.0,4.06693e-05,0.000265314,0.0,0.0,0.0,2.05492e-05,0.0,3.04638e-06,0.0,0.0,0.0,2.00076e-05,7.61671e-05,0.0,4.90538e-05,0.00472813,2.72489e-05,0.0,9.63293e-05,6.17171e-06,0.0,0.0,0.0,5.30997e-07,7.35117e-06,0.000127764,3.24242e-05,0.0,0.0,0.0,1.64964e-05,7.08977e-05,0.0002059,0.0,4.80376e-05,0.000108494,0.000189184,6.98312e-06,0.000137624,5.25296e-07,4.82967e-05,1.52604e-06,0.000253261,0.000133606,2.146e-05,0.000652407,0.000212955,0.00111094,2.40598e-05,0.0,7.74688e-06,0.0,4.7438e-06,0.000119064,1.35336e-05,0.000117157,9.63415e-06,0.0013351,0.0,0.0,6.4715e-06,0.0
0.0,0.0,3.46399e-06,0.00132676,0.0,5.77041e-06,4.43081e-06,0.0,0.000372071,2.71457e-06,1.83896e-06,2.86923e-06,8.84927e-06,6.12437e-07,0.0,0.0,2.09196e-06,0.0,0.0,1.55253e-05,5.46251e-07,5.56873e-07,0.0,8.45072e-06,0.0,0.000184574,0.013112,0.0,1.97923e-05,0.0011314,0.00110391,0.000380187,0.00668702,0.000309983,0.000145178,0.00337331,1.32547e-06,0.00033083,3.52101e-05,5.26637e-05,0.000344902,2.50123e-05,9.43913e-06,1.85652e-05,0.000270446,8.89102e-05,9.81362e-07,0.0,0.0,3.71735e-05,0.0,0.0,4.08984e-05,0.00026534,0.0,0.0,0.0,2.05408e-05,0.0,2.86718e-06,0.0,0.0,0.0,2.00076e-05,7.64117e-05,0.0,4.88415e-05,0.00472932,2.72513e-05,0.0,9.57001e-05,7.18663e-06,0.0,0.0,0.0,3.53998e-07,7.13496e-06,0.000127544,3.21894e-05,0.0,0.0,0.0,1.63177e-05,7.08977e-05,0.000206539,0.0,4.82686e-05,0.000108496,0.00018758,6.75041e-06,0.000136339,2.62648e-07,4.8823e-05,1.2648e-06,0.000252208,0.0001333,2.146e-05,0.000649415,0.000208334,0.00111183,2.37499e-05,0.0,8.04832e-06,0.0,4.44467e-06,0.000119065,1.32259e-05,0.000115961,9.63069e-06,0.00133996,0.0,0.0,5.87986e-06,0.0
0.0,0.0,3.17482e-06,0.00132586,0.0,5.77041e-06,4.43081e-06,0.0,0.000373843,2.71457e-06,1.83912e-06,2.87019e-06,7.98942e-06,3.06219e-07,0.0,0.0,2.09666e-06,0.0,0.0,1.55253e-05,8.19377e-07,5.47469e-07,0.0,8.4505e-06,0.0,0.000184845,0.0131129,0.0,2.02077e-05,0.00113499,0.00109652,0.000381864,0.00668763,0.000308445,0.000145442,0.00337638,1.3198e-06,0.000326577,3.58246e-05,5.26618e-05,0.000344009,2.47109e-05,9.74414e-06,1.8567e-05,0.000270153,8.82869e-05,7.8509e-07,0.0,0.0,3.71668e-05,1.61214e-07,0.0,4.11276e-05,0.000265732,0.0,0.0,0.0,2.03273e-05,0.0,2.86718e-06,0.0,0.0,0.0,2.00076e-05,7.59362e-05,0.0,4.90538e-05,0.00472743,2.72489e-05,0.0,9.63293e-05,6.88795e-06,0.0,0.0,0.0,3.53998e-07,7.35117e-06,0.000127764,3.21696e-05,0.0,0.0,0.0,1.69758e-05,7.08977e-05,0.000204971,0.0,4.80376e-05,0.000108263,0.000188128,6.51769e-06,0.000137342,2.62648e-07,4.80236e-05,1.2648e-06,0.000252445,0.0001333,2.146e-05,0.000652071,0.000212933,0.00111067,2.43625e-05,0.0,8.04538e-06,0.0,4.14893e-06,0.000119067,1.38407e-05,0.000117449,9.34152e-06,0.00133971,0.0,0.0,5.00034e-06,0.0
0.0,0.0,3.15379e-06,0.0013309,0.0,6.0213e-06,4.43081e-06,0.0,0.000372056,2.71457e-06,1.84155e-06,3.44384e-06,7.71818e-06,6.12437e-07,0.0,0.0,2.09446e-06,0.0,0.0,1.55253e-05,5.46251e-07,2.79004e-07,0.0,7.94283e-06,0.0,0.00018431,0.0131098,0.0,1.9962e-05,0.00113292,0.00110562,0.000382336,0.00668794,0.000307215,0.000146008,0.00337575,1.5922e-06,0.000326268,3.58228e-05,5.29671e-05,0.000346384,2.4712e-05,9.13489e-06,1.82667e-05,0.000269569,8.87018e-05,7.8509e-07,0.0,0.0,3.71735e-05,0.0,0.0,4.08984e-05,0.000265519,0.0,0.0,0.0,2.07818e-05,0.0,3.04638e-06,0.0,0.0,0.0,2.00076e-05,7.61655e-05,0.0,4.88415e-05,0.0047298,2.72513e-05,0.0,9.59105e-05,6.51392e-06,0.0,0.0,0.0,5.30997e-07,7.35117e-06,0.000127544,3.22045e-05,0.0,0.0,0.0,1.60886e-05,7.08977e-05,0.000204707,0.0,4.80376e-05,0.000108727,0.000188913,6.98312e-06,0.000136302,5.25296e-07,4.88261e-05,1.52604e-06,0.000251909,0.000132995,2.146e-05,0.000649424,0.00021114,0.00111035,2.40602e-05,0.0,8.35029e-06,0.0,4.74184e-06,0.000119064,1.35336e-05,0.000115642,9.63069e-06,0.00133961,0.0,0.0,5.58802e-06,0.0
0.0,0.0,3.75033e-06,0.00132572,0.0,5.77041e-06,4.43081e-06,0.0,0.000371787,2.71457e-06,1.22834e-06,2.87019e-06,8.57014e-06,6.12437e-07,0.0,0.0,2.39341e-06,0.0,0.0,1.55253e-05,5.46251e-07,2.79004e-07,0.0,8.19678e-06,0.0,0.000184586,0.0131153,0.0,2.08865e-05,0.00113117,0.00110772,0.000381031,0.0066858,0.000309061,0.000144904,0.00337151,1.05874e-06,0.000328074,3.58219e-05,5.23612e-05,0.000345199,2.47109e-05,9.13489e-06,1.91652e-05,0.000271598,8.87018e-05,7.8509e-07,0.0,0.0,3.73483e-05,1.61214e-07,0.0,4.11276e-05,0.000265903,0.0,0.0,0.0,2.05492e-05,0.0,2.86718e-06,0.0,0.0,0.0,2.00076e-05,7.61671e-05,0.0,4.88415e-05,0.00472649,2.72489e-05,0.0,9.63273e-05,7.05637e-06,0.0,0.0,0.0,3.53998e-07,7.35117e-06,0.000127764,3.17937e-05,0.0,0.0,0.0,1.67248e-05,7.137e-05,0.000206823,0.0,4.82686e-05,0.000108496,0.0001889,6.75041e-06,0.000136594,2.62648e-07,4.82818e-05,1.2648e-06,0.000252479,0.0001333,2.11603e-05,0.000650312,0.000209259,0.00111063,2.37497e-05,0.0,7.74688e-06,0.0,4.7438e-06,0.000119371,1.41486e-05,0.000116565,9.92249e-06,0.0013357,0.0,0.0,5.88065e-06,0.0
0.0,0.0,3.46495e-06,0.00132669,0.0,5.77041e-06,4.43081e-06,0.0,0.000374053,2.71457e-06,1.22672e-06,3.1575e-06,9.13282e-06,3.06219e-07,0.0,0.0,2.37573e-06,0.0,0.0,1.55253e-05,5.46251e-07,2.7554e-07,0.0,8.4492e-06,0.0,0.000184044,0.013111,0.0,2.04759e-05,0.00113347,0.00110347,0.000382915,0.00668824,0.000308752,0.000145755,0.00337514,1.32413e-06,0.000328392,3.42907e-05,5.26636e-05,0.000344309,2.50123e-05,8.83065e-06,1.79675e-05,0.000270752,8.84953e-05,7.8509e-07,0.0,0.0,3.71735e-05,0.0,0.0,4.11203e-05,0.00026533,0.0,0.0,0.0,2.00844e-05,0.0,3.04638e-06,0.0,0.0,0.0,1.98241e-05,7.61671e-05,0.0,4.90538e-05,0.00472742,2.76053e-05,0.0,9.59105e-05,6.84669e-06,0.0,0.0,0.0,3.53998e-07,7.35117e-06,0.000127544,3.18249e-05,0.0,0.0,0.0,1.63103e-05,7.06615e-05,0.000207738,0.0,4.80376e-05,0.000108494,0.000186843,6.51769e-06,0.000137602,5.25296e-07,4.82929e-05,1.51569e-06,0.000251928,0.000133606,2.17609e-05,0.000651774,0.000212048,0.00111303,2.37503e-05,0.0,7.74688e-06,0.0,4.44467e-06,0.000119067,1.35336e-05,0.000115058,9.34152e-06,0.00133961,0.0,0.0,5.5888e-06,0.0
0.0,0.0,4.32306e-06,0.00132703,0.0,5.77041e-06,4.43081e-06,0.0,0.000371814,2.71457e-06,1.84376e-06,2.87019e-06,7.69962e-06,9.19681e-07,0.0,0.0,2.09258e-06,0.0,0.0,1.5243e-05,8.19377e-07,2.79004e-07,0.0,8.45202e-06,0.0,0.000184838,0.0131124,0.0,2.14941e-05,0.00113057,0.00110556,0.000379386,0.00668702,0.000309369,0.00014458,0.00337672,1.33095e-06,0.000327792,3.7357e-05,5.29656e-05,0.000344608,2.50123e-05,1.00484e-05,1.91602e-05,0.000271015,8.87018e-05,9.81362e-07,0.0,0.0,3.69943e-05,0.0,0.0,4.08984e-05,0.000265334,0.0,0.0,0.0,2.05492e-05,0.0,2.86718e-06,0.0,0.0,0.0,2.00076e-05,7.61807e-05,0.0,4.88415e-05,0.00473004,2.73865e-05,0.0,9.63293e-05,6.66125e-06,0.0,0.0,0.0,5.30997e-07,7.13496e-06,0.000127542,3.29231e-05,0.0,0.0,0.0,1.76378e-05,7.11338e-05,0.000205412,0.0,4.82686e-05,0.000108268,0.000189111,6.98312e-06,0.000136572,2.62648e-07,4.85554e-05,1.52604e-06,0.000254046,0.0001333,2.11591e-05,0.000648791,0.000208673,0.00111218,2.4674e-05,0.0,8.64879e-06,0.0,4.14893e-06,0.00011937,1.35336e-05,0.000115933,9.63069e-06,0.00133939,0.0,0.0,5.58802e-06,0.0
0.0,0.0,3.16443e-06,0.0013269,0.0,6.0213e-06,4.67697e-06,0.0,0.000372032,2.71457e-06,1.83747e-06,3.44384e-06,8.2864e-06,3.06219e-07,0.0,0.0,2.10027e-06,0.0,0.0,1.55253e-05,5.46251e-07,0.0,0.0,8.4492e-06,0.0,0.000184579,0.0131128,0.0,2.01984e-05,0.00113345,0.00110489,0.000383157,0.00668334,0.000308445,0.000146021,0.00337087,1.58815e-06,0.000326875,3.49028e-05,5.26637e-05,0.000346386,2.50123e-05,9.13489e-06,1.85652e-05,0.00026986,8.84953e-05,7.8509e-07,0.0,0.0,3.69943e-05,1.61214e-07,0.0,4.11276e-05,0.000265905,0.0,0.0,0.0,2.07944e-05,0.0,3.04638e-06,0.0,0.0,0.0,2.00076e-05,7.5921e-05,0.0,4.90538e-05,0.00472882,2.71137e-05,0.0,9.59085e-05,6.59148e-06,0.0,0.0,0.0,3.53998e-07,7.35117e-06,0.000127544,3.19184e-05,0.0,0.0,0.0,1.63177e-05,7.08977e-05,0.000204903,0.0,4.80376e-05,0.00010849,0.000187869,6.75041e-06,0.000136307,2.62648e-07,4.85673e-05,1.52604e-06,0.000252725,0.000132995,2.11622e-05,0.000650615,0.000213217,0.00111251,2.37453e-05,0.0,8.04404e-06,0.0,4.44467e-06,0.000119066,1.38407e-05,0.000117444,9.04808e-06,0.00133547,0.0,0.0,5.58642e-06,0.0
0.0,0.0,3.17245e-06,0.00132721,0.0,5.77041e-06,4.43081e-06,0.0,0.000372743,2.71457e-06,2.145e-06,2.87019e-06,9.13453e-06,6.12437e-07,0.0,0.0,2.39171e-06,0.0,0.0,1.55253e-05,5.46251e-07,2.79004e-07,0.0,7.67478e-06,0.0,0.000184574,0.0131099,0.0,1.90969e-05,0.00113296,0.00109715,0.000381035,0.00668672,0.00030783,0.000145736,0.00337668,1.05874e-06,0.000328092,3.4902e-05,5.14511e-05,0.000344012,2.50123e-05,9.13489e-06,1.82679e-05,0.000270142,8.84933e-05,7.8509e-07,0.0,0.0,3.73527e-05,0.0,0.0,4.11276e-05,0.000265751,0.0,0.0,0.0,2.05492e-05,0.0,2.86718e-06,0.0,0.0,0.0,2.00076e-05,7.61671e-05,0.0,4.88415e-05,0.0047284,2.73865e-05,0.0,9.61209e-05,6.91094e-06,0.0,0.0,0.0,3.53998e-07,7.35117e-06,0.000127544,3.20422e-05,0.0,0.0,0.0,1.65321e-05,7.06615e-05,0.000207,0.0,4.80376e-05,0.000108958,0.000188126,6.51946e-06,0.000136844,2.62648e-07,4.82805e-05,1.00355e-06,0.000251139,0.0001333,2.146e-05,0.000650564,0.00020898,0.00110696,2.37503e-05,0.0,7.74919e-06,0.0,4.7438e-06,0.000118453,1.35336e-05,0.000115668,1.02151e-05,0.00133932,0.0,0.0,5.58802e-06,0.0
0.0,0.0,3.45762e-06,0.00132451,0.0,5.77041e-06,4.43081e-06,0.0,0.000372271,2.71457e-06,1.2272e-06,3.15654e-06,7.1378e-06,6.12437e-07,0.0,0.0,2.08686e-06,0.0,0.0,1.55253e-05,8.19377e-07,2.73126e-07,0.0,8.71855e-06,0.0,0.000184313,0.0131135,0.0,2.14513e-05,0.00113321,0.00110986,0.000381923,0.00668671,0.00030906,0.000144871,0.00337208,5.3346e-07,0.000326869,3.52084e-05,5.29675e-05,0.000345198,2.47103e-05,9.43952e-06,1.85707e-05,0.000270161,8.84953e-05,7.8509e-07,0.0,0.0,3.71691e-05,1.61214e-07,0.0,4.06693e-05,0.000265342,0.0,0.0,0.0,2.03063e-05,0.0,2.86718e-06,0.0,0.0,0.0,2.00076e-05,7.64117e-05,0.0,4.88415e-05,0.0047277,2.71137e-05,0.0,9.61189e-05,6.37314e-06,0.0,0.0,0.0,5.30997e-07,7.35117e-06,0.000127764,3.17196e-05,0.0,0.0,0.0,1.63067e-05,7.137e-05,0.000205672,0.0,4.82686e-05,0.000108265,0.000188896,6.75215e-06,0.000136842,2.62648e-07,4.82836e-05,1.52604e-06,0.000254299,0.0001333,2.14612e-05,0.00064848,0.000212022,0.00111642,2.43671e-05,0.0,8.34734e-06,0.0,4.44609e-06,0.00011937,1.35336e-05,0.000117749,9.34152e-06,0.00133904,0.0,0.0,6.46992e-06,0.0
0.0,0.0,2.58274e-06,0.00133049,0.0,6.0213e-06,4.43081e-06,0.0,0.000372731,2.71457e-06,1.84158e-06,3.1575e-06,8.55985e-06,3.06219e-07,0.0,0.0,1.79412e-06,0.0,0.0,1.55253e-05,5.46251e-07,5.54543e-07,0.0,8.19678e-06,0.0,0.000185117,0.0131162,0.0,2.12253e-05,0.00113114,0.0011027,0.000380741,0.00668732,0.000308446,0.000143782,0.00337457,1.59086e-06,0.000327481,3.6744e-05,5.26622e-05,0.000344907,2.53138e-05,8.83065e-06,1.8567e-05,0.000271304,8.89102e-05,9.81362e-07,0.0,0.0,3.71735e-05,0.0,0.0,4.11276e-05,0.000265891,0.0,0.0,0.0,2.03273e-05,0.0,3.04638e-06,0.0,0.0,0.0,1.98241e-05,7.61671e-05,0.0,4.90538e-05,0.00472671,2.75657e-05,0.0,9.59105e-05,7.12013e-06,0.0,0.0,0.0,3.53998e-07,7.35117e-06,0.000127544,3.29629e-05,0.0,0.0,1.49548e-07,1.69414e-05,7.08977e-05,0.000206577,0.0,4.80376e-05,0.000108496,0.000188144,6.75041e-06,0.000136841,2.62648e-07,4.88392e-05,1.52604e-06,0.00025194,0.000133606,2.14541e-05,0.000652411,0.000211109,0.00111063,2.4057e-05,0.0,8.04832e-06,0.0,4.44467e-06,0.000119372,1.32259e-05,0.000114747,9.63069e-06,0.00133781,0.0,0.0,5.58642e-06,0.0
0.0,0.0,4.04095e-06,0.00132221,0.0,5.77041e-06,4.43081e-06,0.0,0.000373346,3.01547e-06,1.22832e-06,3.15654e-06,8.56683e-06,6.12437e-07,0.0,0.0,2.39287e-06,0.0,0.0,1.55253e-05,5.46251e-07,5.56873e-07,0.0,8.18115e-06,0.0,0.000184312,0.013111,0.0,1.95861e-05,0.0011341,0.00110107,0.000382565,0.00668918,0.000308445,0.00014658,0.00337695,1.05874e-06,0.00032686,3.61324e-05,5.35711e-05,0.000346083,2.44105e-05,9.74376e-06,1.79675e-05,0.000270446,8.84933e-05,7.8509e-07,0.0,0.0,3.7346e-05,0.0,0.0,4.11203e-05,0.000265718,0.0,0.0,0.0,2.05373e-05,0.0,2.86718e-06,0.0,0.0,0.0,2.00076e-05,7.569e-05,0.0,4.88415e-05,0.00472864,2.71137e-05,0.0,9.63293e-05,6.56772e-06,0.0,0.0,0.0,3.53998e-07,7.13496e-06,0.000127764,3.18583e-05,0.0,0.0,0.0,1.58574e-05,7.08977e-05,0.000206568,0.0,4.82686e-05,0.000108494,0.000188898,6.98312e-06,0.000136301,2.62648e-07,4.85499e-05,1.2648e-06,0.000253008,0.0001333,2.146e-05,0.000647896,0.000210167,0.00111064,2.37501e-05,0.0,7.74688e-06,0.0,4.44467e-06,0.000118453,1.35336e-05,0.000115943,9.63069e-06,0.00133487,0.0,0.0,5.5888e-06,0.0
0.0,0.0,3.17245e-06,0.00132837,0.0,5.77041e-06,4.43081e-06,0.0,0.000371875,3.31746e-06,1.84183e-06,2.87115e-06,9.42433e-06,3.06219e-07,0.0,0.0,2.09196e-06,0.0,0.0,1.55253e-05,8.19377e-07,2.74343e-07,0.0,8.19678e-06,0.0,0.000184313,0.0131122,0.0,2.04911e-05,0.00113349,0.00110149,0.000381109,0.00668576,0.000309061,0.000144874,0.00337487,1.85489e-06,0.000328993,3.42882e-05,5.17567e-05,0.000344907,2.50129e-05,9.43952e-06,1.91646e-05,0.000270149,8.84953e-05,7.8509e-07,0.0,0.0,3.71735e-05,1.61214e-07,0.0,4.08984e-05,0.000265123,0.0,0.0,0.0,2.10015e-05,0.0,3.04638e-06,0.0,0.0,0.0,2.00076e-05,7.64117e-05,0.0,4.90538e-05,0.00473074,2.73865e-05,0.0,9.57001e-05,6.80942e-06,0.0,0.0,0.0,5.30997e-07,7.35117e-06,0.000127544,3.23728e-05,0.0,0.0,0.0,1.63086e-05,7.06615e-05,0.000203524,0.0,4.80376e-05,0.000108036,0.000187059,6.51769e-06,0.000136591,2.62648e-07,4.80248e-05,1.51569e-06,0.000251907,0.000132995,2.17609e-05,0.000651175,0.000212357,0.00111519,2.406e-05,0.0,8.35029e-06,0.0,4.44806e-06,0.000118759,1.35336e-05,0.000115948,9.34152e-06,0.0013441,0.0,0.0,5.29378e-06,0.0
0.0,0.0,5.44987e-06,0.00048765,0.0,4.84213e-05,6.6428e-05,0.0,0.000648841,0.0,8.57047e-06,1.72288e-06,0.0,6.12688e-07,4.16981e-06,0.0,2.96465e-07,3.1926e-06,0.0,2.5405e-06,1.6993e-06,1.39707e-05,9.16948e-07,7.88805e-05,0.0,0.0,2.92631e-07,0.0,1.43445e-05,0.000775958,2.72489e-06,0.000373152,0.00456141,8.61145e-05,9.34057e-06,0.000486247,1.05884e-06,4.31873e-05,1.68262e-05,6.03934e-07,3.9946e-05,2.89086e-05,3.04625e-07,1.55579e-05,1.76425e-06,0.000717781,0.000114034,0.0,0.000484699,8.94252e-05,2.90414e-06,0.0,0.000242648,0.0064011,8.05813e-06,0.000174873,0.0,0.000502735,0.0,5.37597e-07,2.80544e-06,0.0,3.71426e-07,0.000109753,0.0,0.000272886,0.000180507,7.58078e-06,2.67695e-05,4.40272e-06,0.000132968,1.14928e-05,4.75222e-05,0.0,0.0,5.30997e-07,6.20284e-05,0.000186212,0.000240248,0.0,0.0,0.0,5.5606e-05,6.3635e-05,0.000388404,4.50398e-05,0.000108931,0.000323547,0.000214833,0.000344844,0.000162163,5.25296e-07,2.73126e-07,0.0,0.000208475,0.000127461,2.20302e-05,0.00112543,0.000597228,0.0018,3.13369e-05,6.21176e-05,1.28085e-05,0.0,2.63953e-05,0.000220968,2.51983e-05,0.000121251,6.43784e-05,0.00196949,0.0,0.0,8.82059e-06,0.0
0.0,0.0,4.28916e-06,0.000487381,0.0,4.84213e-05,6.56756e-05,0.0,0.000647025,3.00901e-07,8.24787e-06,1.43558e-06,0.0,9.1959e-07,3.87196e-06,0.0,2.38999e-06,2.60141e-06,0.0,2.82278e-06,1.6993e-06,1.39842e-05,1.22289e-06,7.85802e-05,0.0,0.0,0.0,0.0,1.33124e-05,0.000775915,3.03635e-06,0.000373596,0.00456603,8.73451e-05,8.75744e-06,0.000488664,1.58826e-06,4.47213e-05,1.52945e-05,6.03934e-07,3.99467e-05,2.83057e-05,0.0,1.64589e-05,2.0579e-06,0.000717576,0.000114231,0.0,0.000485102,8.97747e-05,2.74293e-06,0.0,0.000242892,0.0064009,7.52263e-06,0.000174665,0.0,0.000502303,0.0,5.37597e-07,2.80544e-06,0.0,3.71426e-07,0.000109937,0.0,0.000272268,0.000180719,7.58078e-06,2.70881e-05,4.2505e-06,0.000132547,1.07849e-05,4.75222e-05,0.0,2.34458e-07,3.53998e-07,6.1596e-05,0.000186212,0.000237441,0.0,0.0,3.67178e-07,5.42767e-05,6.29422e-05,0.000386559,4.52794e-05,0.000108936,0.000324231,0.000214265,0.000345579,0.000163957,2.62648e-07,5.46251e-07,2.61247e-07,0.000209009,0.000127461,2.17354e-05,0.00112814,0.000597874,0.00180026,3.13398e-05,6.27062e-05,1.37054e-05,0.0,2.52237e-05,0.000220044,2.58135e-05,0.000118852,6.43819e-05,0.0019772,0.0,0.0,8.52796e-06,0.0
0.0,0.0,6.64072e-06,0.000484113,0.0,4.86722e-05,6.61786e-05,0.0,0.00064911,3.00901e-07,7.9522e-06,1.14923e-06,0.0,3.06469e-07,4.16981e-06,0.0,5.90298e-07,2.90529e-06,0.0,2.82278e-06,1.6993e-06,1.37065e-05,1.2226e-06,7.86352e-05,0.0,0.0,0.0,0.0,1.42196e-05,0.000774714,3.34451e-06,0.000374089,0.00456693,8.67302e-05,9.04558e-06,0.000486541,7.94808e-07,4.22673e-05,1.68276e-05,6.03934e-07,3.96489e-05,2.9511e-05,3.04625e-07,1.58564e-05,1.77087e-06,0.000717781,0.000114034,0.0,0.000484901,8.95977e-05,3.06765e-06,1.25338e-07,0.000242445,0.00640349,7.57106e-06,0.000174665,0.0,0.000502742,0.0,7.16796e-07,2.80544e-06,0.0,3.71426e-07,0.000109926,0.0,0.000272886,0.000180932,7.58078e-06,2.67695e-05,4.23241e-06,0.000132968,1.18252e-05,4.77307e-05,0.0,0.0,5.30997e-07,6.24551e-05,0.000185992,0.000241981,0.0,0.0,3.64796e-07,5.43067e-05,6.2944e-05,0.000386552,4.57517e-05,0.000108927,0.000323542,0.000211476,0.000343905,0.000162682,5.25296e-07,2.73126e-07,0.0,0.000208471,0.000128375,2.26263e-05,0.00112729,0.000595401,0.0018039,3.07347e-05,6.24003e-05,1.40026e-05,0.0,2.72628e-05,0.00022218,2.51988e-05,0.000121548,6.43751e-05,0.00197159,0.0,0.0,9.40905e-06,0.0
0.0,0.0,5.44121e-06,0.000489211,0.0,4.84213e-05,6.56756e-05,0.0,0.00064769,6.03412e-07,8.86851e-06,2.01019e-06,0.0,3.06219e-07,4.16981e-06,0.0,2.0815e-06,2.90435e-06,0.0,2.82278e-06,1.6993e-06,1.39792e-05,9.16948e-07,7.73423e-05,0.0,0.0,0.0,0.0,1.29261e-05,0.000781504,5.17971e-06,0.000375214,0.00456481,8.70373e-05,9.64118e-06,0.000487468,1.58826e-06,4.31835e-05,1.68294e-05,6.03934e-07,4.02452e-05,2.89092e-05,0.0,1.58571e-05,2.06132e-06,0.000717572,0.000114034,0.0,0.000485099,8.99539e-05,2.90414e-06,0.0,0.000243108,0.00640027,7.29474e-06,0.000174665,0.0,0.00050322,0.0,5.37597e-07,2.80544e-06,0.0,3.71426e-07,0.00011012,0.0,0.000272475,0.000180719,7.58078e-06,2.66014e-05,4.41379e-06,0.000132547,1.12828e-05,4.75222e-05,0.0,2.34458e-07,5.30997e-07,6.1596e-05,0.000186212,0.000238304,0.0,0.0,0.0,5.43112e-05,6.31714e-05,0.000387226,4.55139e-05,0.000109398,0.000324002,0.00021437,0.000346761,0.000163436,2.62648e-07,5.46251e-07,2.61247e-07,0.000206624,0.000126849,2.20355e-05,0.00112637,0.000598449,0.00179878,3.04274e-05,6.12713e-05,1.37054e-05,0.0,2.46314e-05,0.000220049,2.51985e-05,0.000120049,6.35004e-05,0.00196905,0.0,0.0,7.93949e-06,0.0
0.0,0.0,5.17079e-06,0.000485818,0.0,4.84213e-05,6.6428e-05,0.0,0.000649373,3.00901e-07,8.25657e-06,1.43558e-06,0.0,6.13713e-07,4.16981e-06,0.0,8.93508e-07,3.1926e-06,0.0,2.5405e-06,1.6993e-06,1.425e-05,1.22289e-06,7.78409e-05,0.0,0.0,0.0,0.0,1.24848e-05,0.000775965,4.25474e-06,0.000372213,0.00456294,8.70376e-05,8.20097e-06,0.00048654,1.59096e-06,4.34873e-05,1.55999e-05,6.03934e-07,3.99467e-05,2.92106e-05,3.04625e-07,1.58613e-05,1.757e-06,0.000717985,0.000114034,0.0,0.000484899,8.96044e-05,2.90414e-06,0.0,0.000242432,0.00640345,8.27974e-06,0.000174665,0.0,0.000502713,0.0,5.37597e-07,2.80544e-06,0.0,3.71426e-07,0.000109935,0.0,0.000272679,0.000180719,7.58078e-06,2.69443e-05,4.42081e-06,0.000132759,1.04458e-05,4.75222e-05,0.0,0.0,5.30997e-07,6.18122e-05,0.000186212,0.000239489,0.0,0.0,2.2e-07,5.49248e-05,6.38677e-05,0.000387248,4.52743e-05,0.000108936,0.000323544,0.000212767,0.000345573,0.000164465,5.25296e-07,2.73126e-07,0.0,0.000208736,0.000128377,2.20256e-05,0.00112847,0.00059816,0.0018024,3.10339e-05,6.03969e-05,1.37049e-05,0.0,2.63797e-05,0.000222494,2.51983e-05,0.000119157,6.49494e-05,0.00197605,0.0,0.0,8.52636e-06,0.0
0.0,0.0,4.57843e-06,0.000487714,0.0,4.86722e-05,6.59325e-05,0.0,0.000648027,3.01445e-07,8.85981e-06,1.14923e-06,0.0,6.12688e-07,3.87196e-06,0.0,1.19185e-06,2.60141e-06,0.0,2.82278e-06,2.27582e-06,1.37026e-05,9.16948e-07,7.76152e-05,0.0,0.0,0.0,0.0,1.6289e-05,0.000775587,2.11329e-06,0.000375032,0.0045639,8.58067e-05,9.89516e-06,0.000487763,1.32423e-06,4.28794e-05,1.59077e-05,3.01967e-07,3.96475e-05,2.86077e-05,3.04625e-07,1.58564e-05,1.47689e-06,0.000717368,0.000114034,0.0,0.000484899,8.99539e-05,2.90643e-06,0.0,0.000242661,0.00640132,6.80796e-06,0.000174457,0.0,0.000502703,0.0,7.16796e-07,2.80544e-06,0.0,3.71426e-07,0.000110302,0.0,0.000272475,0.000180719,7.58078e-06,2.64687e-05,4.40272e-06,0.000132547,1.17304e-05,4.79391e-05,0.0,2.34458e-07,5.30997e-07,6.20265e-05,0.000186212,0.000239582,0.0,0.0,2.2e-07,5.49489e-05,6.31784e-05,0.000384773,4.52794e-05,0.000108696,0.000324462,0.000214812,0.000346303,0.000162689,5.31998e-07,2.73126e-07,2.61247e-07,0.000208497,0.000127765,2.29294e-05,0.00112631,0.000595136,0.00180266,3.04274e-05,6.27128e-05,1.31078e-05,0.0,2.63921e-05,0.000220045,2.55062e-05,0.000119445,6.37905e-05,0.00197637,0.0,0.0,8.82219e-06,0.0
0.0,0.0,6.33249e-06,0.000486297,0.0,4.84213e-05,6.59217e-05,0.0,0.00064808,6.02346e-07,7.03511e-06,1.72288e-06,0.0,3.06902e-07,4.16981e-06,0.0,2.39417e-06,2.90435e-06,0.0,2.82278e-06,1.6993e-06,1.47947e-05,9.16948e-07,7.90778e-05,0.0,0.0,2.92631e-07,0.0,1.25233e-05,0.000777997,4.24402e-06,0.000375581,0.00456601,8.73455e-05,9.04301e-06,0.000487139,1.32287e-06,4.34886e-05,1.56026e-05,6.03934e-07,3.96502e-05,2.89086e-05,0.0,1.6161e-05,1.76042e-06,0.000717989,0.000114034,0.0,0.0004853,8.95955e-05,2.90414e-06,0.0,0.000242893,0.00640152,7.80035e-06,0.000174665,0.0,0.000502736,0.0,5.37597e-07,2.80544e-06,0.0,3.71426e-07,0.000109745,0.0,0.000272681,0.000180719,7.58078e-06,2.70509e-05,4.4094e-06,0.000132549,1.12547e-05,4.75222e-05,0.0,0.0,3.53998e-07,6.1596e-05,0.000185771,0.00024041,0.0,0.0,0.0,5.55825e-05,6.31714e-05,0.000386022,4.52777e-05,0.0001094,0.000323311,0.000213233,0.000344392,0.000163697,5.25296e-07,2.73126e-07,0.0,0.000208468,0.000127155,2.23299e-05,0.00112786,0.000601497,0.00180337,3.13431e-05,6.18202e-05,1.34041e-05,0.0,2.49348e-05,0.000221878,2.55056e-05,0.000118849,6.38003e-05,0.00197424,0.0,0.0,9.11403e-06,0.0
0.0,0.0,4.57644e-06,0.000489566,0.0,4.86722e-05,6.59325e-05,0.0,0.000647144,0.0,8.2519e-06,1.43558e-06,0.0,6.12688e-07,4.16981e-06,0.0,5.97633e-07,3.1926e-06,0.0,2.82278e-06,1.6993e-06,1.3704e-05,9.16948e-07,7.86536e-05,0.0,0.0,0.0,0.0,1.4891e-05,0.00077241,3.31473e-06,0.000372662,0.00456204,8.70373e-05,9.64146e-06,0.000486866,1.32423e-06,4.37926e-05,1.65181e-05,6.03934e-07,3.9946e-05,2.9511e-05,3.04625e-07,1.61556e-05,1.76695e-06,0.000717368,0.000114231,0.0,0.0004845,8.94274e-05,3.06535e-06,1.25338e-07,0.000242661,0.0064015,7.05401e-06,0.000175082,0.0,0.000503188,0.0,5.37597e-07,3.00583e-06,0.0,3.71426e-07,0.000109939,0.0,0.000272886,0.000180719,7.58078e-06,2.66368e-05,4.40272e-06,0.000132757,1.09256e-05,4.75222e-05,0.0,0.0,5.30997e-07,6.18122e-05,0.000186434,0.000241014,0.0,0.0,2.2e-07,5.45148e-05,6.36438e-05,0.000387226,4.55105e-05,0.000108696,0.000323773,0.000214592,0.000345591,0.000163183,2.62648e-07,2.73126e-07,0.0,0.000207413,0.000128071,2.23259e-05,0.00112788,0.000597228,0.00180086,3.04196e-05,6.1836e-05,1.40068e-05,0.0,2.63876e-05,0.000220973,2.48912e-05,0.000123054,6.46631e-05,0.00197118,0.0,0.0,8.52796e-06,0.0
0.0,0.0,4.87816e-06,0.00048574,0.0,4.84213e-05,6.6428e-05,0.0,0.000648743,6.01801e-07,9.17521e-06,1.43654e-06,0.0,9.20343e-07,4.16981e-06,0.0,1.48168e-06,2.90529e-06,0.0,2.5405e-06,1.6993e-06,1.34393e-05,1.52854e-06,7.70464e-05,0.0,0.0,0.0,0.0,1.26617e-05,0.000778552,3.64478e-06,0.000376489,0.00456479,8.61147e-05,8.4797e-06,0.000487122,1.05884e-06,4.34839e-05,1.56008e-05,6.03934e-07,3.99467e-05,2.83068e-05,0.0,1.55622e-05,2.05684e-06,0.000717987,0.000114034,0.0,0.000485302,8.9777e-05,2.90414e-06,0.0,0.000242432,0.00640226,8.02843e-06,0.000174457,0.0,0.000502545,0.0,7.16796e-07,2.80544e-06,0.0,3.71426e-07,0.000109935,0.0,0.000272268,0.000180932,7.58078e-06,2.67762e-05,4.25488e-06,0.000132547,1.16345e-05,4.75222e-05,0.0,2.34458e-07,5.30997e-07,6.20265e-05,0.000186432,0.000238307,0.0,0.0,2.2e-07,5.38443e-05,6.31714e-05,0.000386284,4.55139e-05,0.000109165,0.000323771,0.000213552,0.000346031,0.000163688,5.25296e-07,2.73126e-07,2.61247e-07,0.00020821,0.000127461,2.14349e-05,0.00112665,0.000599042,0.00180331,3.13401e-05,6.12735e-05,1.3404e-05,0.0,2.69742e-05,0.000221267,2.48912e-05,0.000119732,6.40893e-05,0.00197031,0.0,0.0,9.11482e-06,0.0
0.0,0.0,5.44906e-06,0.000488363,0.0,4.84213e-05,6.56756e-05,0.0,0.000645839,3.01967e-07,6.72552e-06,1.72288e-06,0.0,6.13371e-07,3.87196e-06,0.0,1.19194e-06,2.60141e-06,0.0,2.82278e-06,1.6993e-06,1.42488e-05,9.16948e-07,7.83729e-05,0.0,0.0,0.0,0.0,1.4601e-05,0.000775041,4.25467e-06,0.000371441,0.00456421,8.7345e-05,7.93412e-06,0.000487179,1.32423e-06,4.3491e-05,1.55997e-05,6.03934e-07,4.02445e-05,2.89086e-05,3.04625e-07,1.61574e-05,1.76868e-06,0.000717574,0.000114034,0.0,0.000485097,8.99539e-05,2.90643e-06,0.0,0.000242879,0.00640053,7.78379e-06,0.000174665,0.0,0.000502041,0.0,5.37597e-07,2.80544e-06,0.0,3.71426e-07,0.000110118,0.0,0.000272886,0.000180507,7.58078e-06,2.69071e-05,4.56831e-06,0.000132968,1.0889e-05,4.77307e-05,0.0,0.0,5.30997e-07,6.1596e-05,0.000185771,0.000238115,0.0,0.0,0.0,5.42709e-05,6.31714e-05,0.000386469,4.52828e-05,0.000109167,0.000324002,0.000213799,0.000345849,0.000162957,2.62648e-07,2.73126e-07,0.0,0.000208469,0.000127456,2.29272e-05,0.00112635,0.000595704,0.00180117,3.10426e-05,6.18324e-05,1.40055e-05,0.0,2.58043e-05,0.000221569,2.58133e-05,0.000118245,6.40848e-05,0.00197724,0.0,0.0,7.64526e-06,0.0
0.0,0.0,6.0454e-06,0.000486633,0.0,4.86722e-05,6.61786e-05,0.0,0.000650035,6.02346e-07,8.25081e-06,1.43558e-06,0.0,3.06219e-07,4.16981e-06,0.0,1.18616e-06,3.1926e-06,0.0,2.82278e-06,1.6993e-06,1.45241e-05,9.16948e-07,7.91208e-05,0.0,0.0,0.0,0.0,1.42961e-05,0.000777403,3.33657e-06,0.000374062,0.00456539,8.64223e-05,8.75453e-06,0.000487741,1.32287e-06,4.25702e-05,1.7445e-05,6.03934e-07,3.96496e-05,2.89081e-05,0.0,1.61592e-05,1.75868e-06,0.000717574,0.000114034,0.0,0.000484699,8.94185e-05,2.90414e-06,0.0,0.000242883,0.00640271,7.8005e-06,0.000174873,0.0,0.000503456,0.0,7.16796e-07,2.80544e-06,0.0,3.71426e-07,0.000109935,0.0,0.000272475,0.000180719,7.58078e-06,2.66014e-05,4.23241e-06,0.000132339,1.14169e-05,4.75222e-05,0.0,2.34458e-07,3.53998e-07,6.22446e-05,0.000186434,0.000242536,0.0,0.0,2.2e-07,5.49521e-05,6.31784e-05,0.00038568,4.52743e-05,0.000108465,0.000323775,0.000213809,0.000344826,0.000163177,5.25296e-07,2.73126e-07,2.61247e-07,0.000208464,0.000127767,2.26304e-05,0.0011276,0.00059817,0.00180269,2.98133e-05,6.27153e-05,1.37054e-05,0.0,2.55094e-05,0.00022004,2.48912e-05,0.000119464,6.35094e-05,0.0019721,0.0,0.0,9.40826e-06,0.0
0.0,0.0,5.17033e-06,0.00048675,0.0,4.84213e-05,6.56756e-05,0.0,0.000647452,3.01445e-07,9.48036e-06,1.14923e-06,0.0,6.13713e-07,4.16981e-06,0.0,1.48911e-06,3.1926e-06,0.0,2.82278e-06,1.6993e-06,1.37013e-05,1.22289e-06,7.78551e-05,0.0,0.0,0.0,0.0,1.23324e-05,0.000778287,3.33968e-06,0.000374377,0.00456388,8.67299e-05,9.62098e-06,0.000488066,1.32423e-06,4.34919e-05,1.55998e-05,6.03934e-07,3.99467e-05,2.9511e-05,3.04625e-07,1.58564e-05,1.76783e-06,0.000717779,0.000114231,0.0,0.000485104,8.97814e-05,2.90414e-06,1.25338e-07,0.000242454,0.00640128,6.81422e-06,0.000174457,0.0,0.00050297,0.0,5.37597e-07,2.80544e-06,0.0,5.57138e-07,0.00010993,0.0,0.000272679,0.000180719,7.58078e-06,2.7093e-05,4.42081e-06,0.000132968,1.12261e-05,4.77307e-05,0.0,0.0,5.30997e-07,6.15941e-05,0.000186212,0.000239641,0.0,0.0,2.2e-07,5.36346e-05,6.3635e-05,0.000389839,4.55139e-05,0.00010916,0.000323309,0.000213814,0.000344855,0.000163181,2.62648e-07,5.46251e-07,0.0,0.000209007,0.000127459,2.20302e-05,0.0011284,0.000597562,0.00180664,3.10376e-05,6.0371e-05,1.31043e-05,0.0,2.61001e-05,0.000221273,2.58128e-05,0.000120945,6.43696e-05,0.0019722,0.0,0.0,8.52874e-06,0.0
0.0,0.0,4.8689e-06,0.000488853,0.0,4.84213e-05,6.6428e-05,0.0,0.000648921,3.00901e-07,7.95097e-06,1.72288e-06,0.0,6.12688e-07,4.16981e-06,0.0,1.49286e-06,2.90435e-06,0.0,2.5405e-06,1.97242e-06,1.4255e-05,9.16948e-07,7.835e-05,0.0,0.0,2.92631e-07,0.0,1.24906e-05,0.000777101,3.04152e-06,0.000374375,0.0045648,8.73453e-05,9.6365e-06,0.000486247,1.32287e-06,4.19657e-05,1.52935e-05,6.03934e-07,3.93497e-05,2.86077e-05,0.0,1.61556e-05,1.46778e-06,0.000717368,0.000114231,0.0,0.000484699,8.95977e-05,3.06765e-06,0.0,0.000242661,0.00640319,8.02878e-06,0.000174665,0.0,0.000502527,0.0,5.37597e-07,2.80544e-06,0.0,3.71426e-07,0.000110116,0.0,0.000272475,0.000180932,7.58078e-06,2.67695e-05,4.40272e-06,0.000132547,1.15271e-05,4.77307e-05,0.0,2.34458e-07,5.30997e-07,6.1596e-05,0.000185991,0.000238266,0.0,0.0,0.0,5.56042e-05,6.2944e-05,0.000384618,4.55139e-05,0.000109167,0.000324002,0.000212738,0.000345873,0.000164739,2.62648e-07,2.73126e-07,2.61247e-07,0.000207926,0.000128377,2.20321e-05,0.00113001,0.00059997,0.00180027,3.1032e-05,6.18431e-05,1.37104e-05,0.0,2.66722e-05,0.000220664,2.48912e-05,0.000119737,6.40876e-05,0.0019754,0.0,0.0,8.82059e-06,0.0
0.0,0.0,5.16462e-06,0.000485643,0.0,4.86722e-05,6.59325e-05,0.0,0.00064877,3.01445e-07,9.18021e-06,1.72288e-06,0.0,0.0,3.87196e-06,0.0,1.49112e-06,2.88966e-06,0.0,2.82278e-06,1.6993e-06,1.37089e-05,9.16948e-07,7.85943e-05,0.0,0.0,0.0,0.0,1.37413e-05,0.000773586,4.86477e-06,0.000373634,0.00456417,8.73449e-05,8.47903e-06,0.000487165,1.32423e-06,4.47043e-05,1.65212e-05,6.03934e-07,3.9948e-05,2.86077e-05,3.04625e-07,1.55628e-05,2.0604e-06,0.000717787,0.000114034,0.0,0.0004853,8.99539e-05,2.74293e-06,0.0,0.000242648,0.00640214,7.30672e-06,0.000175082,0.0,0.00050249,0.0,7.16796e-07,2.80544e-06,0.0,3.71426e-07,0.000109939,0.0,0.000272886,0.000180507,7.58078e-06,2.66014e-05,4.59079e-06,0.000132759,1.10747e-05,4.75222e-05,0.0,0.0,5.30997e-07,6.20284e-05,0.000186214,0.000239023,0.0,0.0,2.2e-07,5.40504e-05,6.34076e-05,0.0003859,4.52777e-05,0.000108696,0.000323771,0.000214071,0.000346019,0.000163682,5.25296e-07,5.46251e-07,0.0,0.000208491,0.000128073,2.26257e-05,0.00112304,0.000594496,0.00180025,3.10376e-05,6.30039e-05,1.37006e-05,0.0,2.49343e-05,0.000221269,2.55061e-05,0.00012006,6.43748e-05,0.00196971,0.0,0.0,8.23372e-06,0.0
0.0,0.0,5.45276e-06,0.000489008,0.0,4.84213e-05,6.59217e-05,0.0,0.000647141,3.00901e-07,7.9476e-06,1.43654e-06,0.0,9.1959e-07,4.16981e-06,0.0,8.86763e-07,2.61704e-06,0.0,2.82278e-06,1.6993e-06,1.42523e-05,9.16948e-07,7.76106e-05,0.0,0.0,0.0,0.0,1.50102e-05,0.000778294,3.02985e-06,0.000372819,0.00456419,8.64223e-05,9.62356e-06,0.000488643,7.94808e-07,4.41051e-05,1.59056e-05,6.03934e-07,3.9946e-05,2.92101e-05,3.04625e-07,1.58564e-05,1.46862e-06,0.00071757,0.000114034,0.0,0.000484899,8.96044e-05,2.90414e-06,0.0,0.000242907,0.00640288,8.02011e-06,0.000174457,0.0,0.000503612,0.0,5.37597e-07,2.80544e-06,0.0,3.71426e-07,0.000109935,0.0,0.000272268,0.000180719,7.58078e-06,2.69491e-05,4.23241e-06,0.000132547,1.1152e-05,4.75222e-05,0.0,0.0,5.30997e-07,6.20226e-05,0.000185991,0.000239767,0.0,0.0,3.64796e-07,5.42876e-05,6.36315e-05,0.000386765,4.50398e-05,0.000109405,0.000323542,0.000214036,0.000344864,0.000161913,2.62648e-07,2.73126e-07,0.0,0.000208227,0.000127153,2.2033e-05,0.00112939,0.000598132,0.00179994,3.07312e-05,6.2111e-05,1.40081e-05,0.0,2.69825e-05,0.000221269,2.48912e-05,0.000120941,6.43751e-05,0.00197632,0.0,0.0,8.82059e-06,0.0
0.0,0.0,5.74642e-06,0.000489099,0.0,4.84213e-05,6.59325e-05,0.0,0.000646775,6.02867e-07,7.63967e-06,1.43558e-06,0.0,6.12688e-07,4.16981e-06,0.0,1.48902e-06,2.90435e-06,0.0,2.82278e-06,1.6993e-06,1.39718e-05,1.52854e-06,7.86369e-05,0.0,0.0,0.0,0.0,1.31928e-05,0.000776772,3.3387e-06,0.000374365,0.00456448,8.67299e-05,8.76991e-06,0.000486853,1.85499e-06,4.37923e-05,1.46813e-05,3.01967e-07,3.99467e-05,2.89086e-05,0.0,1.61592e-05,2.05963e-06,0.000717978,0.000114034,0.0,0.000484899,8.97747e-05,2.90414e-06,0.0,0.000242223,0.0064003,7.31957e-06,0.000174873,0.0,0.000503207,0.0,5.37597e-07,2.80544e-06,0.0,3.71426e-07,0.000110302,0.0,0.000272886,0.000180932,7.58078e-06,2.67341e-05,4.24381e-06,0.000132757,1.18672e-05,4.77307e-05,0.0,2.34458e-07,3.53998e-07,6.18122e-05,0.000186212,0.000241222,0.0,0.0,0.0,5.51629e-05,6.29422e-05,0.000385305,4.55139e-05,0.000108696,0.000323775,0.00021255,0.000346285,0.000162409,5.25296e-07,2.73126e-07,2.61247e-07,0.00020846,0.000128071,2.29254e-05,0.00112419,0.000597259,0.00180182,3.01202e-05,6.12588e-05,1.31043e-05,0.0,2.55099e-05,0.000220961,2.58133e-05,0.000119758,6.37993e-05,0.00197004,0.0,0.0,8.8214e-06,0.0
0.0,0.0,4.87816e-06,0.000484949,0.0,4.86722e-05,6.61786e-05,0.0,0.000649081,3.01445e-07,8.25464e-06,1.14923e-06,0.0,3.06469e-07,4.16981e-06,0.0,8.95476e-07,2.88966e-06,0.0,2.5405e-06,1.6993e-06,1.4245e-05,9.16948e-07,7.834e-05,0.0,0.0,0.0,0.0,1.302e-05,0.000777412,3.33929e-06,0.000374142,0.00456146,8.70374e-05,9.06071e-06,0.000487163,1.05884e-06,4.19613e-05,1.77501e-05,6.03934e-07,4.0541e-05,2.89097e-05,3.04625e-07,1.58571e-05,2.06396e-06,0.000717368,0.000114034,0.0,0.000484699,8.97747e-05,3.06765e-06,1.25338e-07,0.000243108,0.00640245,8.01188e-06,0.000174665,0.0,0.000501793,0.0,7.16796e-07,2.80544e-06,0.0,3.71426e-07,0.000109745,0.0,0.000272475,0.000180719,7.58078e-06,2.64687e-05,4.4094e-06,0.000132757,1.10186e-05,4.75222e-05,0.0,0.0,5.30997e-07,6.18122e-05,0.000186214,0.000237149,0.0,0.0,2.2e-07,5.40836e-05,6.36438e-05,0.000388002,4.57483e-05,0.000108931,0.000323998,0.000214735,0.000345105,0.000164987,2.62648e-07,5.46251e-07,0.0,0.000208227,0.000127459,2.23311e-05,0.00112697,0.00059753,0.00180271,3.13419e-05,6.1558e-05,1.40068e-05,0.0,2.55138e-05,0.000220976,2.51985e-05,0.000118847,6.49511e-05,0.00197152,0.0,0.0,7.93868e-06,0.0
0.0,0.0,5.15542e-06,0.00048715,0.0,4.84213e-05,6.59249e-05,0.0,0.000649224,3.00901e-07,7.64213e-06,1.72288e-06,0.0,9.20775e-07,3.87196e-06,0.0,1.78045e-06,3.1926e-06,0.0,2.82278e-06,1.6993e-06,1.37189e-05,9.16948e-07,7.81162e-05,0.0,0.0,2.92631e-07,0.0,1.42235e-05,0.000775056,3.94604e-06,0.000373817,0.00456662,8.67298e-05,8.21137e-06,0.000485643,1.58826e-06,4.40994e-05,1.5908e-05,6.03934e-07,3.96496e-05,2.92101e-05,0.0,1.6462e-05,1.47689e-06,0.000717366,0.000114231,0.0,0.000485302,8.94252e-05,2.74293e-06,0.0,0.000242436,0.00640095,7.31816e-06,0.000174665,0.0,0.000502995,0.0,5.37597e-07,2.80544e-06,0.0,3.71426e-07,0.000109937,0.0,0.000272475,0.000180507,7.82532e-06,2.69022e-05,4.23241e-06,0.000132549,1.09635e-05,4.77307e-05,0.0,2.34458e-07,5.30997e-07,6.18122e-05,0.000185991,0.000241231,0.0,0.0,2.2e-07,5.5109e-05,6.2944e-05,0.000384696,4.55156e-05,0.000109167,0.000323776,0.000212847,0.000345811,0.000162155,5.25296e-07,2.73126e-07,2.61247e-07,0.000208208,0.000127461,2.23307e-05,0.00112968,0.000597558,0.00180173,3.13396e-05,6.2123e-05,1.37006e-05,0.0,2.57998e-05,0.000221261,2.55062e-05,0.000121848,6.37905e-05,0.00197846,0.0,0.0,9.7033e-06,0.0
0.0,0.0,4.57745e-06,0.000489046,0.0,4.86722e-05,6.61786e-05,0.0,0.000646674,3.01445e-07,8.55851e-06,1.72288e-06,0.0,6.13713e-07,4.16981e-06,0.0,1.19395e-06,2.90435e-06,0.0,2.82278e-06,1.6993e-06,1.37026e-05,1.22289e-06,7.80959e-05,0.0,0.0,0.0,0.0,1.29416e-05,0.000776796,4.56501e-06,0.000376282,0.0045642,8.70376e-05,9.04432e-06,0.00048865,1.05884e-06,4.28758e-05,1.49865e-05,6.03934e-07,3.99467e-05,2.86077e-05,3.04625e-07,1.61556e-05,2.05136e-06,0.000717989,0.000114034,0.0,0.000485102,8.97792e-05,2.90414e-06,0.0,0.000242437,0.00640247,8.03669e-06,0.000174457,0.0,0.00050251,0.0,5.37597e-07,2.80544e-06,0.0,3.71426e-07,0.000109935,0.0,0.000272886,0.000180932,7.58078e-06,2.67762e-05,4.6022e-06,0.000132757,1.13593e-05,4.77307e-05,0.0,0.0,5.30997e-07,6.18103e-05,0.000186212,0.000237848,0.0,0.0,0.0,5.38728e-05,6.33988e-05,0.000386507,4.50432e-05,0.000108927,0.000323769,0.0002161,0.000344873,0.000164981,2.62648e-07,5.46251e-07,0.0,0.000206879,0.000128375,2.23259e-05,0.00112426,0.000599683,0.00180309,3.04258e-05,6.2124e-05,1.28113e-05,0.0,2.75658e-05,0.000221888,2.51983e-05,0.000119751,6.38003e-05,0.0019743,0.0,0.0,7.93868e-06,0.0
0.0,0.0,5.75906e-06,0.000485155,0.0,4.84213e-05,6.59217e-05,0.0,0.000646364,3.00901e-07,9.17842e-06,1.14923e-06,0.0,9.1959e-07,4.16981e-06,0.0,8.93986e-07,3.1926e-06,0.0,2.82278e-06,1.6993e-06,1.39792e-05,9.16948e-07,7.83484e-05,0.0,0.0,0.0,0.0,1.33074e-05,0.000778249,3.64469e-06,0.000372676,0.00456417,8.67296e-05,9.62725e-06,0.000487463,1.32423e-06,4.34884e-05,1.62135e-05,6.03934e-07,3.96475e-05,2.92084e-05,0.0,1.58571e-05,2.0604e-06,0.000717783,0.000114034,0.0,0.000484897,9.01331e-05,3.06765e-06,0.0,0.000242659,0.00640187,7.52964e-06,0.000174873,0.0,0.000502984,0.0,7.16796e-07,3.00583e-06,0.0,3.71426e-07,0.00011012,0.0,0.000272475,0.000180719,7.58078e-06,2.67695e-05,4.40272e-06,0.000132757,1.1072e-05,4.75222e-05,0.0,2.34458e-07,3.53998e-07,6.20284e-05,0.000186654,0.000240146,0.0,0.0,2.2e-07,5.49065e-05,6.31714e-05,0.000387755,4.55122e-05,0.000109167,0.000324002,0.000209928,0.000346039,0.000161912,5.25296e-07,2.73126e-07,0.0,0.000210591,0.000127155,2.17352e-05,0.0011273,0.000597245,0.00179843,3.07347e-05,6.12643e-05,1.37049e-05,0.0,2.52079e-05,0.000220035,2.48912e-05,0.000118246,6.40885e-05,0.00197116,0.0,0.0,9.11482e-06,0.0
0.0,0.0,4.87972e-06,0.00048714,0.0,4.84213e-05,6.59325e-05,0.0,0.000648419,6.02346e-07,7.94866e-06,1.72288e-06,0.0,0.0,4.16981e-06,0.0,1.78154e-06,2.60235e-06,0.0,2.5405e-06,2.27582e-06,1.45168e-05,9.16948e-07,7.78444e-05,0.0,0.0,0.0,0.0,1.34456e-05,0.000775378,3.34169e-06,0.000373514,0.00456297,8.64226e-05,8.77732e-06,0.000487153,1.05884e-06,4.3489e-05,1.62146e-05,6.03934e-07,3.99467e-05,2.89097e-05,3.04625e-07,1.55622e-05,1.17599e-06,0.00071757,0.000114034,0.0,0.000484899,8.94185e-05,2.90414e-06,0.0,0.000242453,0.00640194,8.50288e-06,0.000174665,0.0,0.000503203,0.0,5.37597e-07,2.80544e-06,0.0,3.71426e-07,0.000109935,0.0,0.000272679,0.000180719,7.58078e-06,2.66014e-05,4.23241e-06,0.000132549,1.17746e-05,4.75222e-05,0.0,0.0,5.30997e-07,6.1596e-05,0.000185771,0.000238938,0.0,0.0,2.2e-07,5.57723e-05,6.31784e-05,0.000383712,4.5276e-05,0.000109169,0.000323546,0.00021457,0.000345573,0.000162942,2.62648e-07,2.73126e-07,2.61247e-07,0.000208217,0.000127462,2.29266e-05,0.00112905,0.000597557,0.00180264,3.10387e-05,6.18194e-05,1.43023e-05,0.0,2.49336e-05,0.000221888,2.55061e-05,0.000120955,6.43758e-05,0.00197248,0.0,0.0,8.52796e-06,0.0
0.0,0.0,5.44987e-06,0.000487953,0.0,4.86722e-05,6.6428e-05,0.0,0.00064942,6.02867e-07,1.00963e-05,1.43558e-06,0.0,6.12688e-07,3.87196e-06,0.0,8.96088e-07,2.90435e-06,0.0,2.82278e-06,1.6993e-06,1.39829e-05,1.2226e-06,7.76053e-05,0.0,0.0,0.0,0.0,1.48133e-05,0.000776739,3.03296e-06,0.000374189,0.00456358,8.67296e-05,9.32854e-06,0.000487466,1.58826e-06,4.37878e-05,1.6213e-05,6.03934e-07,3.99487e-05,2.89086e-05,3.04625e-07,1.64559e-05,1.76868e-06,0.000717576,0.000114034,0.0,0.0004845,8.96044e-05,2.74293e-06,1.25338e-07,0.000242654,0.0064015,7.06171e-06,0.000174665,0.0,0.000502514,0.0,5.37597e-07,2.80544e-06,0.0,3.71426e-07,0.000109745,0.0,0.000272475,0.000180719,7.58078e-06,2.7093e-05,4.4094e-06,0.000132547,1.11051e-05,4.77307e-05,0.0,0.0,5.30997e-07,6.20265e-05,0.000186212,0.000240718,0.0,0.0,0.0,5.34569e-05,6.33988e-05,0.000388428,4.55139e-05,0.000108927,0.000324,0.000214473,0.000346065,0.000163701,5.25296e-07,2.73126e-07,0.0,0.000207691,0.000127762,2.1435e-05,0.00112691,0.000598423,0.00179701,3.07224e-05,6.15493e-05,1.34057e-05,0.0,2.69719e-05,0.00022034,2.55057e-05,0.000120053,6.43739e-05,0.00197748,0.0,0.0,8.52636e-06,0.0
0.0,0.0,4.58034e-06,0.000486189,0.0,4.84213e-05,6.56756e-05,0.0,0.000648516,0.0,7.32926e-06,1.43654e-06,0.0,9.1959e-07,4.16981e-06,0.0,1.78548e-06,2.90435e-06,0.0,2.82278e-06,1.6993e-06,1.3704e-05,1.22289e-06,7.96281e-05,0.0,0.0,0.0,0.0,1.39883e-05,0.000775667,3.04252e-06,0.000374095,0.00456662,8.73456e-05,7.9265e-06,0.000486841,1.05884e-06,4.34934e-05,1.68327e-05,6.03934e-07,3.96475e-05,2.89086e-05,0.0,1.55628e-05,2.04963e-06,0.000717781,0.000114231,0.0,0.000485102,8.97747e-05,3.06765e-06,0.0,0.000243108,0.00640182,7.31003e-06,0.000174665,0.0,0.000502538,0.0,7.16796e-07,2.80544e-06,0.0,3.71426e-07,0.000110302,0.0,0.000272886,0.000180719,7.58078e-06,2.66368e-05,4.24381e-06,0.000132968,1.07142e-05,4.75222e-05,0.0,2.34458e-07,5.30997e-07,6.18122e-05,0.000186212,0.00023894,0.0,0.0,2.2e-07,5.40764e-05,6.31714e-05,0.000385381,4.52777e-05,0.000108936,0.000324006,0.000212047,0.000343183,0.000163944,5.31998e-07,2.73126e-07,2.61247e-07,0.000210076,0.000127767,2.29312e-05,0.0011264,0.000599097,0.00180451,3.07329e-05,6.301e-05,1.37054e-05,0.0,2.63846e-05,0.000220054,2.51983e-05,0.000118845,6.40822e-05,0.00197277,0.0,0.0,9.11563e-06,0.0
0.0,0.0,5.74432e-06,0.000489846,0.0,4.84213e-05,6.61786e-05,0.0,0.000649589,3.01445e-07,8.56728e-06,1.72288e-06,0.0,3.06469e-07,4.16981e-06,0.0,5.96343e-07,3.1926e-06,0.0,2.82278e-06,1.6993e-06,1.45266e-05,9.16948e-07,7.76014e-05,0.0,0.0,2.92631e-07,0.0,1.50446e-05,0.000779722,4.56513e-06,0.000373496,0.00456357,8.70373e-05,9.89914e-06,0.000487746,1.58826e-06,4.25684e-05,1.62139e-05,6.03934e-07,3.99467e-05,2.86072e-05,3.04625e-07,1.58564e-05,1.17599e-06,0.000717366,0.000114034,0.0,0.0004853,8.99539e-05,2.90414e-06,0.0,0.000242432,0.00640072,7.55104e-06,0.000174665,0.0,0.000502444,0.0,5.37597e-07,2.80544e-06,0.0,3.71426e-07,0.000109935,0.0,0.000272475,0.000180719,7.58078e-06,2.68717e-05,4.59079e-06,0.000132339,1.15648e-05,4.77307e-05,0.0,0.0,5.30997e-07,6.1596e-05,0.000186212,0.000240583,0.0,0.0,2.2e-07,5.60288e-05,6.31802e-05,0.000389313,4.52777e-05,0.000108927,0.000323538,0.000215152,0.000346517,0.000163714,2.62648e-07,2.73126e-07,0.0,0.000206876,0.000127765,2.20285e-05,0.00112633,0.000598114,0.00180571,3.13415e-05,6.21106e-05,1.31104e-05,0.0,2.55169e-05,0.000222803,2.48912e-05,0.000119744,6.35086e-05,0.0019697,0.0,0.0,8.23291e-06,0.0
0.0,0.0,5.16317e-06,0.000482582,0.0,4.86722e-05,6.59325e-05,0.0,0.000645029,6.02346e-07,7.95003e-06,1.43558e-06,0.0,3.06219e-07,4.16981e-06,0.0,1.78312e-06,2.60141e-06,0.0,2.82278e-06,1.6993e-06,1.37026e-05,9.16948e-07,7.86097e-05,0.0,0.0,0.0,0.0,1.30666e-05,0.000774474,3.34025e-06,0.000374755,0.00456511,8.58071e-05,9.35062e-06,0.000487171,1.05884e-06,4.34901e-05,1.652e-05,6.03934e-07,3.99454e-05,2.89092e-05,0.0,1.61592e-05,2.06213e-06,0.000717985,0.000114231,0.0,0.000484899,8.97769e-05,2.90414e-06,0.0,0.000242663,0.0064039,8.26945e-06,0.000174665,0.0,0.000503215,0.0,5.37597e-07,2.80544e-06,0.0,5.57138e-07,0.00011012,0.0,0.000272679,0.000180505,7.58078e-06,2.66368e-05,4.23241e-06,0.000132757,1.13371e-05,4.77307e-05,0.0,2.34458e-07,3.53998e-07,6.22427e-05,0.000185992,0.000237793,0.0,0.0,0.0,5.3433e-05,6.36403e-05,0.000384942,4.55156e-05,0.000108927,0.000323546,0.000212243,0.000345601,0.000163958,5.25296e-07,2.73126e-07,2.61247e-07,0.000209275,0.000127767,2.32269e-05,0.00112936,0.000595729,0.00180363,3.04274e-05,6.01033e-05,1.37029e-05,0.0,2.52006e-05,0.000220651,2.58133e-05,0.000122442,6.40866e-05,0.00197448,0.0,0.0,9.11563e-06,0.0
0.0,0.0,4.88053e-06,0.000489044,0.0,4.84213e-05,6.6171e-05,0.0,0.000651102,0.0,7.64154e-06,1.14923e-06,0.0,6.13713e-07,3.87196e-06,0.0,1.48498e-06,3.1926e-06,0.0,2.5405e-06,1.6993e-06,1.42523e-05,1.22289e-06,7.76079e-05,0.0,0.0,0.0,0.0,1.31711e-05,0.000776478,2.42207e-06,0.000372766,0.0045654,8.76526e-05,8.2063e-06,0.000485935,1.0602e-06,4.41002e-05,1.56013e-05,3.01967e-07,3.99487e-05,2.89092e-05,3.04625e-07,1.61574e-05,2.05346e-06,0.000717578,0.000114034,0.0,0.000484899,8.96022e-05,2.90414e-06,1.25338e-07,0.000242891,0.0064007,7.05888e-06,0.000174665,0.0,0.000502537,0.0,7.16796e-07,2.80544e-06,0.0,3.71426e-07,0.000109753,0.0,0.000272475,0.000180719,7.58078e-06,2.66435e-05,4.24381e-06,0.000132757,1.19915e-05,4.75222e-05,0.0,0.0,5.30997e-07,6.1596e-05,0.000186212,0.000240208,0.0,0.0,2.2e-07,5.53718e-05,6.31696e-05,0.000384651,4.57483e-05,0.000108943,0.000323998,0.000215612,0.000345567,0.000162152,2.62648e-07,2.73126e-07,0.0,0.000207422,0.000127762,2.1429e-05,0.00112606,0.000596016,0.00180145,3.13411e-05,6.2719e-05,1.40051e-05,0.0,2.72974e-05,0.000222189,2.4584e-05,0.000119757,6.43695e-05,0.00196943,0.0,0.0,7.93868e-06,0.0
0.0,0.0,5.15932e-06,0.000485883,0.0,4.86722e-05,6.59325e-05,0.0,0.000646939,6.02346e-07,9.48885e-06,1.72288e-06,0.0,6.12688e-07,4.16981e-06,0.0,1.2001e-06,3.1926e-06,0.0,2.82278e-06,1.6993e-06,1.42462e-05,9.16948e-07,7.78252e-05,0.0,0.0,0.0,0.0,1.24308e-05,0.000776252,3.62862e-06,0.000374368,0.00456266,8.64221e-05,8.48239e-06,0.00048806,1.85363e-06,4.31886e-05,1.55987e-05,6.03934e-07,3.99467e-05,2.89086e-05,0.0,1.58564e-05,1.76952e-06,0.000717777,0.000114034,0.0,0.000484899,8.96e-05,3.06765e-06,0.0,0.000242432,0.00640068,7.52477e-06,0.000175082,0.0,0.000503392,0.0,5.37597e-07,2.80544e-06,0.0,3.71426e-07,0.000109928,0.0,0.000272681,0.000180719,7.58078e-06,2.73517e-05,4.57972e-06,0.000132757,1.0915e-05,4.75222e-05,0.0,2.34458e-07,5.30997e-07,6.18122e-05,0.000186212,0.000240105,0.0,0.0,3.64796e-07,5.4072e-05,6.34076e-05,0.000387044,4.52794e-05,0.000108927,0.000323775,0.000210937,0.000344838,0.000164468,5.25296e-07,5.46251e-07,0.0,0.000209521,0.000128379,2.23318e-05,0.00112695,0.000598761,0.0018015,3.01229e-05,6.15435e-05,1.37049e-05,0.0,2.52209e-05,0.000219433,2.55057e-05,0.000118247,6.43758e-05,0.00197662,0.0,0.0,9.11642e-06,0.0
0.0,0.0,5.47077e-06,0.000487914,0.0,4.84213e-05,6.59217e-05,0.0,0.000649985,6.02867e-07,7.32441e-06,1.72288e-06,0.0,9.20775e-07,4.16981e-06,0.0,1.49022e-06,2.61704e-06,0.0,2.82278e-06,1.97242e-06,1.31691e-05,1.2226e-06,7.81094e-05,0.0,0.0,0.0,0.0,1.55715e-05,0.000776517,2.73295e-06,0.000374357,0.00456449,8.73451e-05,9.04719e-06,0.000488056,1.32423e-06,4.38045e-05,1.52954e-05,6.03934e-07,3.96475e-05,2.92095e-05,3.04625e-07,1.58613e-05,1.46778e-06,0.000717783,0.000114231,0.0,0.000485102,8.97769e-05,2.90414e-06,0.0,0.000242892,0.00640286,7.80694e-06,0.000174457,0.0,0.000502951,0.0,5.37597e-07,2.80544e-06,0.0,3.71426e-07,0.000109935,0.0,0.000272473,0.000180719,7.58078e-06,2.64687e-05,4.23241e-06,0.000132549,1.14349e-05,4.77307e-05,0.0,0.0,5.30997e-07,6.20226e-05,0.000185771,0.000240694,0.0,0.0,0.0,5.40959e-05,6.31714e-05,0.00038839,4.48036e-05,0.000108927,0.000323771,0.000216374,0.000346537,0.000162932,2.62648e-07,2.73126e-07,2.61247e-07,0.000208203,0.000126849,2.26303e-05,0.00112847,0.000598486,0.00179937,3.07275e-05,6.24156e-05,1.31078e-05,0.0,2.57993e-05,0.000222805,2.51983e-05,0.000120351,6.40912e-05,0.00197423,0.0,0.0,8.8198e-06,0.0
0.0,0.0,5.15542e-06,0.000490399,0.0,4.84213e-05,6.59325e-05,0.0,0.000645532,3.00901e-07,7.64777e-06,1.43654e-06,0.0,3.06469e-07,4.16981e-06,0.0,1.19194e-06,2.88966e-06,0.0,2.82278e-06,1.6993e-06,1.42523e-05,9.16948e-07,7.83651e-05,0.0,0.0,0.0,0.0,1.3482e-05,0.000778576,4.56982e-06,0.000374446,0.00456602,8.61146e-05,1.02088e-05,0.000486547,1.32287e-06,4.3485e-05,1.62134e-05,6.03934e-07,4.02452e-05,2.86072e-05,0.0,1.58564e-05,1.76695e-06,0.000717781,0.000114034,0.0,0.000484901,8.94252e-05,2.90414e-06,0.0,0.000242648,0.00640273,7.81397e-06,0.000174665,0.0,0.000501821,0.0,7.16796e-07,2.80544e-06,0.0,3.71426e-07,0.00011012,0.0,0.000272681,0.000180932,7.58078e-06,2.67762e-05,4.59079e-06,0.000132757,1.05681e-05,4.75222e-05,0.0,0.0,5.30997e-07,6.20284e-05,0.000186434,0.00023839,0.0,0.0,2.2e-07,5.44892e-05,6.31714e-05,0.000386319,4.57483e-05,0.000109169,0.000323775,0.000212252,0.000344413,0.000163948,5.25296e-07,5.46251e-07,0.0,0.000209026,0.000128375,2.17306e-05,0.00112694,0.0005975,0.00180114,3.13401e-05,6.15303e-05,1.37006e-05,0.0,2.63901e-05,0.000219431,2.58139e-05,0.000119762,6.37958e-05,0.0019724,0.0,0.0,8.23372e-06,0.0
0.0,0.0,4.88491e-06,0.000488124,0.0,4.86722e-05,6.6428e-05,0.0,0.000648637,0.0,8.25562e-06,1.43558e-06,0.0,6.12688e-07,3.87196e-06,0.0,8.94798e-07,3.1926e-06,0.0,2.5405e-06,1.6993e-06,1.39707e-05,1.22289e-06,7.78385e-05,0.0,0.0,2.92631e-07,0.0,1.34983e-05,0.000775029,3.03598e-06,0.000373724,0.00456327,8.76529e-05,8.20193e-06,0.000487146,1.32423e-06,4.34862e-05,1.8057e-05,6.03934e-07,3.93511e-05,2.9512e-05,3.04625e-07,1.58632e-05,1.75956e-06,0.000717368,0.000114034,0.0,0.000485298,9.01309e-05,2.90643e-06,0.0,0.000242905,0.00640241,7.04051e-06,0.000174873,0.0,0.000503226,0.0,5.37597e-07,2.80544e-06,0.0,3.71426e-07,0.000110116,0.0,0.000272886,0.000180507,7.58078e-06,2.67695e-05,4.24381e-06,0.000132757,1.10028e-05,4.75222e-05,0.0,2.34458e-07,3.53998e-07,6.1596e-05,0.000186212,0.000239593,0.0,0.0,2.2e-07,5.47174e-05,6.34076e-05,0.000385647,4.55139e-05,0.000108927,0.000323769,0.00021514,0.000345342,0.000162657,2.62648e-07,2.73126e-07,2.61247e-07,0.000207154,0.00012685,2.29272e-05,0.00112699,0.000600286,0.00179938,3.07313e-05,6.06853e-05,1.37104e-05,0.0,2.66634e-05,0.000220345,2.51983e-05,0.000121233,6.43713e-05,0.00197311,0.0,0.0,9.70249e-06,0.0
0.0,0.0,5.16462e-06,0.000482411,0.0,4.84213e-05,6.56756e-05,0.0,0.000647208,9.0379e-07,9.16801e-06,1.43558e-06,0.0,6.13371e-07,4.16981e-06,0.0,8.96721e-07,2.90435e-06,0.0,2.82278e-06,1.6993e-06,1.39855e-05,9.16948e-07,7.91286e-05,0.0,0.0,0.0,0.0,1.48966e-05,0.000775059,3.02968e-06,0.000374334,0.00456357,8.73449e-05,9.34065e-06,0.000487455,1.32287e-06,4.2877e-05,1.49875e-05,6.03934e-07,3.99467e-05,2.86077e-05,3.04625e-07,1.61556e-05,1.76868e-06,0.000717368,0.000114034,0.0,0.0004845,8.95977e-05,2.90414e-06,1.25338e-07,0.000242432,0.00640152,9.01286e-06,0.000174248,0.0,0.000502273,0.0,5.37597e-07,2.80544e-06,0.0,3.71426e-07,0.00011012,0.0,0.000272268,0.000180719,7.58078e-06,2.66014e-05,4.23241e-06,0.000132549,1.1798e-05,4.79391e-05,0.0,0.0,5.30997e-07,6.20265e-05,0.000186211,0.000239091,0.0,0.0,2.2e-07,5.30107e-05,6.29422e-05,0.000388571,4.5276e-05,0.000108705,0.000324002,0.00021195,0.000345799,0.000164727,5.25296e-07,2.73126e-07,0.0,0.000208203,0.000127765,2.17346e-05,0.00112578,0.000596331,0.00180485,3.10369e-05,6.30007e-05,1.31043e-05,0.0,2.43576e-05,0.000223104,2.51985e-05,0.000119156,6.40874e-05,0.00197091,0.0,0.0,7.94028e-06,0.0
0.0,0.0,5.44457e-06,0.000489161,0.0,4.84213e-05,6.61786e-05,0.0,0.000649202,0.0,7.34151e-06,1.43654e-06,0.0,3.06219e-07,4.16981e-06,0.0,2.07665e-06,2.90435e-06,0.0,2.82278e-06,1.6993e-06,1.45105e-05,9.16948e-07,7.75974e-05,0.0,0.0,0.0,0.0,1.35334e-05,0.000778867,3.03378e-06,0.000372873,0.00456573,8.61147e-05,8.47152e-06,0.000487463,1.0602e-06,4.25742e-05,1.59051e-05,6.03934e-07,3.99454e-05,2.92095e-05,0.0,1.55622e-05,1.46605e-06,0.000717985,0.000114034,0.0,0.000484899,8.97769e-05,2.90414e-06,0.0,0.000242877,0.0064019,7.28487e-06,0.000174665,0.0,0.00050297,0.0,7.16796e-07,2.80544e-06,0.0,3.71426e-07,0.000109745,0.0,0.000272886,0.000180932,7.58078e-06,2.71235e-05,4.4094e-06,0.000132547,1.11199e-05,4.75222e-05,0.0,2.34458e-07,5.30997e-07,6.18122e-05,0.000186214,0.000240055,0.0,0.0,0.0,5.47218e-05,6.31714e-05,0.000384941,4.52777e-05,0.0001094,0.000323544,0.00021429,0.000345819,0.00016269,2.62648e-07,2.73126e-07,2.61247e-07,0.000208775,0.000128377,2.32269e-05,0.00113081,0.000595707,0.00180204,3.04274e-05,6.18406e-05,1.43052e-05,0.0,2.638e-05,0.000220964,2.51983e-05,0.000120337,6.40831e-05,0.00197335,0.0,0.0,9.11403e-06,0.0
0.0,0.0,4.87972e-06,0.000488222,0.0,4.86722e-05,6.59325e-05,0.0,0.000649552,0.0,8.25331e-06,1.72288e-06,0.0,6.13713e-07,4.16981e-06,0.0,1.4893e-06,2.88966e-06,0.0,2.82278e-06,1.6993e-06,1.37226e-05,9.16948e-07,7.76049e-05,0.0,0.0,0.0,0.0,1.42018e-05,0.000775905,3.33982e-06,0.000372587,0.00456416,8.7345e-05,8.79786e-06,0.000486539,1.32287e-06,4.34856e-05,1.62129e-05,6.03934e-07,4.02452e-05,2.86077e-05,3.04625e-07,1.61568e-05,1.76783e-06,0.000718196,0.000114231,0.0,0.000485099,8.96022e-05,3.06765e-06,0.0,0.000242885,0.00640104,6.818e-06,0.000175082,0.0,0.000502749,0.0,5.37597e-07,3.00583e-06,0.0,3.71426e-07,0.000109939,0.0,0.000272475,0.000180719,7.58078e-06,2.66014e-05,4.0735e-06,0.000132968,1.12124e-05,4.75222e-05,0.0,0.0,5.30997e-07,6.1596e-05,0.000186212,0.00024101,0.0,0.0,2.2e-07,5.56057e-05,6.3635e-05,0.000388471,4.55173e-05,0.00010916,0.000323769,0.000215073,0.000345086,0.000163442,5.25296e-07,2.73126e-07,0.0,0.000207923,0.000127459,2.14297e-05,0.00112514,0.000598778,0.00180244,3.07304e-05,6.15379e-05,1.34034e-05,0.0,2.60943e-05,0.000220055,2.55062e-05,0.000120651,6.43758e-05,0.00197213,0.0,0.0,8.23372e-06,0.0
0.0,0.0,5.44442e-06,0.000484497,0.0,4.84213e-05,6.6171e-05,0.0,0.000645043,1.20521e-06,9.17701e-06,1.14923e-06,0.0,6.12688e-07,3.87196e-06,0.0,8.93508e-07,2.61704e-06,0.0,2.5405e-06,1.6993e-06,1.37013e-05,1.22289e-06,7.88614e-05,0.0,0.0,0.0,0.0,1.36932e-05,0.000776837,4.83523e-06,0.000375292,0.00456237,8.673e-05,9.04203e-06,0.000487464,1.32423e-06,4.41019e-05,1.56009e-05,6.03934e-07,3.96502e-05,2.92106e-05,3.04239e-07,1.64559e-05,2.05688e-06,0.000716955,0.000114034,0.0,0.000485302,8.99539e-05,2.74293e-06,0.0,0.000242661,0.0064023,7.78722e-06,0.000174665,0.0,0.000503194,0.0,7.16796e-07,2.80544e-06,0.0,3.71426e-07,0.000110116,0.0,0.000272679,0.000180507,7.58078e-06,2.66063e-05,4.93142e-06,0.000132547,1.17131e-05,4.77307e-05,0.0,2.34458e-07,3.53998e-07,6.22427e-05,0.000185991,0.000237622,0.0,0.0,2.2e-07,5.30012e-05,6.31802e-05,0.000384204,4.5276e-05,0.000108936,0.000323775,0.000212508,0.000345601,0.000162175,2.62648e-07,5.46251e-07,0.0,0.000209259,0.000127461,2.26295e-05,0.00113029,0.000595376,0.00180021,3.10372e-05,6.24069e-05,1.37054e-05,0.0,2.72907e-05,0.000222487,2.51983e-05,0.000120658,6.40866e-05,0.00197602,0.0,0.0,8.52714e-06,0.0
0.0,0.0,5.74694e-06,0.000490032,0.0,4.86722e-05,6.59325e-05,0.0,0.000648476,0.0,8.56489e-06,1.72288e-06,0.0,3.06219e-07,4.16981e-06,0.0,1.7936e-06,3.1926e-06,0.0,2.82278e-06,1.97242e-06,1.42548e-05,1.2226e-06,7.93832e-05,0.0,0.0,2.92631e-07,0.0,1.27772e-05,0.000777996,3.64701e-06,0.000374074,0.00456509,8.70375e-05,9.05497e-06,0.000487143,1.05884e-06,4.28755e-05,1.62142e-05,3.01967e-07,3.96475e-05,2.86072e-05,3.04625e-07,1.55622e-05,1.76695e-06,0.000717574,0.000114034,0.0,0.000484899,8.95977e-05,2.90414e-06,1.25338e-07,0.00024244,0.00640289,7.30992e-06,0.000174665,0.0,0.000502502,0.0,5.37597e-07,2.80544e-06,0.0,3.71426e-07,0.000109937,0.0,0.000272475,0.000180932,7.58078e-06,2.69022e-05,4.23241e-06,0.000132759,1.10268e-05,4.75222e-05,0.0,0.0,5.30997e-07,6.1596e-05,0.000186214,0.000241414,0.0,0.0,0.0,5.4521e-05,6.34041e-05,0.000388899,4.57483e-05,0.000108927,0.000323771,0.000213063,0.000345328,0.000163676,5.25296e-07,2.73126e-07,2.61247e-07,0.000207694,0.000127765,2.26257e-05,0.00112425,0.000598521,0.00180061,3.07254e-05,6.18663e-05,1.37077e-05,0.0,2.46195e-05,0.000222494,2.51985e-05,0.00011974,6.46623e-05,0.00196997,0.0,0.0,8.8214e-06,0.0
0.0,0.0,4.29728e-06,0.000488477,0.0,4.84213e-05,6.59217e-05,0.0,0.000647613,3.00901e-07,7.95105e-06,1.43558e-06,0.0,6.13371e-07,4.16981e-06,0.0,2.97843e-07,2.60141e-06,0.0,2.82278e-06,2.0027e-06,1.39694e-05,9.16948e-07,7.78548e-05,0.0,0.0,0.0,0.0,1.29385e-05,0.000775374,3.03042e-06,0.000373326,0.00456512,8.67299e-05,9.60881e-06,0.000488067,1.58826e-06,4.37947e-05,1.74424e-05,6.03934e-07,4.02452e-05,2.89086e-05,0.0,1.58571e-05,1.46943e-06,0.000718194,0.000114034,0.0,0.000484701,8.97792e-05,2.90414e-06,0.0,0.000242892,0.0064015,8.04487e-06,0.000174665,0.0,0.000503181,0.0,5.37597e-07,2.80544e-06,0.0,3.71426e-07,0.000109745,0.0,0.000272886,0.000180719,7.58078e-06,2.67762e-05,4.23241e-06,0.000132547,1.13521e-05,4.75222e-05,0.0,0.0,5.30997e-07,6.1596e-05,0.000185991,0.000238753,0.0,0.0,2.2e-07,5.51122e-05,6.3397e-05,0.000385333,4.52794e-05,0.000108696,0.000324006,0.00021613,0.000346294,0.000163955,2.62648e-07,2.73126e-07,0.0,0.000208734,0.000128071,2.14349e-05,0.00112752,0.000598119,0.001803,3.10401e-05,6.18236e-05,1.34041e-05,0.0,2.58057e-05,0.000218523,2.48912e-05,0.000118247,6.35103e-05,0.00197519,0.0,0.0,8.82138e-06,0.0
0.0,0.0,5.46367e-06,0.000482747,0.0,4.84213e-05,6.59325e-05,0.0,0.000647828,6.0289e-07,8.24651e-06,1.14923e-06,0.0,6.12688e-07,4.16981e-06,0.0,2.08398e-06,2.90435e-06,0.0,2.82278e-06,1.6993e-06,1.42523e-05,1.22289e-06,7.80886e-05,0.0,0.0,0.0,0.0,1.29573e-05,0.000776505,3.95078e-06,0.000374685,0.00456448,8.7345e-05,8.49187e-06,0.000488361,1.05884e-06,4.19601e-05,1.5908e-05,6.03934e-07,3.96475e-05,2.92095e-05,3.04625e-07,1.58613e-05,2.05963e-06,0.000717572,0.000114034,0.0,0.000485097,8.96022e-05,3.06765e-06,0.0,0.000242654,0.00640173,7.77915e-06,0.000174665,0.0,0.000502538,0.0,7.16796e-07,2.80544e-06,0.0,3.71426e-07,0.000110302,0.0,0.000272268,0.000180719,7.58078e-06,2.70863e-05,4.42081e-06,0.000132549,1.12722e-05,4.79391e-05,0.0,2.34458e-07,5.30997e-07,6.22427e-05,0.000186212,0.000239745,0.0,0.0,2.2e-07,5.49418e-05,6.34076e-05,0.000387749,4.50415e-05,0.000109407,0.000323771,0.00021345,0.000344837,0.00016296,2.62648e-07,2.73126e-07,2.61247e-07,0.000209019,0.000127156,2.32258e-05,0.0011267,0.000599088,0.00180025,3.10372e-05,6.03804e-05,1.37083e-05,0.0,2.66917e-05,0.000220652,2.58133e-05,0.000122159,6.37921e-05,0.00197513,0.0,0.0,8.23294e-06,0.0
0.0,0.0,5.15837e-06,0.000487805,0.0,4.86722e-05,6.6428e-05,0.0,0.000649831,3.00901e-07,7.64743e-06,2.01019e-06,0.0,3.07655e-07,3.87196e-06,0.0,8.88775e-07,3.1926e-06,0.0,2.5405e-06,1.6993e-06,1.39796e-05,9.16948e-07,7.73411e-05,0.0,0.0,0.0,0.0,1.4613e-05,0.000777674,2.72501e-06,0.000373354,0.00456448,8.61146e-05,8.79352e-06,0.000486249,1.32423e-06,4.22681e-05,1.46798e-05,6.03934e-07,3.96502e-05,2.83063e-05,3.04625e-07,1.61568e-05,1.75868e-06,0.000717576,0.000114231,0.0,0.000484699,8.97769e-05,2.74293e-06,0.0,0.000243108,0.00640008,7.78886e-06,0.000174665,0.0,0.000503422,0.0,5.37597e-07,2.80544e-06,0.0,5.57138e-07,0.000109935,0.0,0.000272681,0.000180507,7.58078e-06,2.66014e-05,4.23241e-06,0.000132757,1.08157e-05,4.75222e-05,0.0,0.0,5.30997e-07,6.1596e-05,0.000186434,0.000240066,0.0,0.0,0.0,5.32397e-05,6.31714e-05,0.000384762,4.55105e-05,0.000108927,0.000323313,0.000210741,0.000345105,0.000163945,5.25296e-07,2.73126e-07,0.0,0.000208213,0.00012868,2.20315e-05,0.00112518,0.000597508,0.00180242,3.073e-05,6.18225e-05,1.3404e-05,0.0,2.66828e-05,0.000221577,2.48912e-05,0.000120339,6.40822e-05,0.00197153,0.0,0.0,8.52636e-06,0.0
0.0,0.0,5.45942e-06,0.000488613,0.0,4.84213e-05,6.56756e-05,0.0,0.000647634,0.0,7.028e-06,1.43558e-06,0.0,9.1959e-07,4.16981e-06,0.0,1.48838e-06,3.1926e-06,0.0,2.82278e-06,1.6993e-06,1.37088e-05,9.16948e-07,7.93667e-05,0.0,0.0,0.0,0.0,1.39581e-05,0.000776171,3.04104e-06,0.00037466,0.00456512,8.70374e-05,9.04967e-06,0.000487152,1.32557e-06,4.47084e-05,1.68255e-05,6.03934e-07,4.02445e-05,2.92101e-05,0.0,1.55628e-05,1.47689e-06,0.000717781,0.000114231,0.0,0.000485504,8.95977e-05,2.90414e-06,0.0,0.000242223,0.00640267,8.03988e-06,0.000174665,0.0,0.000502262,0.0,5.37597e-07,2.80544e-06,0.0,3.71426e-07,0.000109939,0.0,0.000272679,0.000180932,7.58078e-06,2.66435e-05,4.59079e-06,0.000132757,1.15671e-05,4.75222e-05,0.0,2.34458e-07,3.53998e-07,6.18122e-05,0.000185771,0.000239081,0.0,0.0,2.2e-07,5.51217e-05,6.2944e-05,0.000388057,4.55139e-05,0.000109167,0.000323997,0.000214136,0.000344876,0.000163458,2.62648e-07,2.73126e-07,0.0,0.000207942,0.000127156,2.26303e-05,0.00112661,0.000596653,0.00180757,3.07285e-05,6.33095e-05,1.40068e-05,0.0,2.58116e-05,0.000220964,2.55056e-05,0.000119153,6.46692e-05,0.00197514,0.0,0.0,9.11642e-06,0.0
0.0,0.0,5.15014e-06,0.000485717,0.0,4.84213e-05,6.61786e-05,0.0,0.000649172,6.01801e-07,9.7846e-06,1.14923e-06,0.0,6.13713e-07,4.16981e-06,0.0,2.08487e-06,2.3141e-06,0.0,2.82278e-06,1.6993e-06,1.47884e-05,9.16948e-07,7.73471e-05,0.0,0.0,0.0,0.0,1.3113e-05,0.000777131,4.25695e-06,0.000373303,0.00456203,8.70376e-05,9.62704e-06,0.00048745,1.58826e-06,4.28785e-05,1.62144e-05,6.03934e-07,3.9946e-05,2.9511e-05,3.04625e-07,1.61556e-05,1.75873e-06,0.000717781,0.000114034,0.0,0.000484897,8.99584e-05,3.06765e-06,1.25338e-07,0.000242432,0.00640134,6.53851e-06,0.000174873,0.0,0.00050253,0.0,7.16796e-07,2.80544e-06,0.0,3.71426e-07,0.000109935,0.0,0.000272475,0.000180719,7.58078e-06,2.67695e-05,4.0735e-06,0.000132757,1.10699e-05,4.77307e-05,0.0,0.0,5.30997e-07,6.20265e-05,0.000186212,0.0002385,0.0,0.0,3.64796e-07,5.4534e-05,6.3635e-05,0.000385402,4.5519e-05,0.000108696,0.000323773,0.000213476,0.000346331,0.000163174,7.94646e-07,2.73126e-07,2.61247e-07,0.000208476,0.000127764,2.20309e-05,0.00112757,0.000597549,0.00179967,3.07347e-05,6.24299e-05,1.37006e-05,0.0,2.52038e-05,0.00022188,2.5199e-05,0.000120645,6.40922e-05,0.00197508,0.0,0.0,8.8198e-06,0.0
0.0,0.0,4.30357e-06,0.000488982,0.0,4.86722e-05,6.59325e-05,0.0,0.000647365,6.03412e-07,7.64584e-06,1.72288e-06,0.0,6.12688e-07,4.16981e-06,0.0,9.01288e-07,2.90435e-06,0.0,2.82278e-06,1.6993e-06,1.28934e-05,1.52854e-06,7.83397e-05,0.0,0.0,2.92631e-07,0.0,1.36843e-05,0.000777962,3.65239e-06,0.000375088,0.0045651,8.6422e-05,9.59972e-06,0.000486235,1.05884e-06,4.34881e-05,1.52962e-05,6.03934e-07,3.99467e-05,2.83068e-05,0.0,1.58564e-05,1.76695e-06,0.000717368,0.000114034,0.0,0.000484701,8.95977e-05,2.90414e-06,0.0,0.00024333,0.00640264,7.32652e-06,0.000174665,0.0,0.000502961,0.0,5.37597e-07,2.80544e-06,0.0,3.71426e-07,0.000110112,0.0,0.000272886,0.000180719,7.58078e-06,2.67806e-05,4.75003e-06,0.000132547,1.11788e-05,4.75222e-05,0.0,2.34458e-07,5.30997e-07,6.18084e-05,0.000186434,0.00024148,0.0,0.0,0.0,5.33935e-05,6.31784e-05,0.000388175,4.50381e-05,0.000108696,0.000323775,0.000214555,0.000345052,0.000164476,2.62648e-07,2.73126e-07,0.0,0.00020847,0.000127156,2.17306e-05,0.00112845,0.000597526,0.00180026,3.04286e-05,6.18265e-05,1.31078e-05,0.0,2.72827e-05,0.000220959,2.55056e-05,0.00012036,6.40822e-05,0.00197275,0.0,0.0,8.23451e-06,0.0
0.0,0.0,5.17235e-06,0.000488506,0.0,4.84213e-05,6.6171e-05,0.0,0.00064611,3.00901e-07,9.17083e-06,1.72288e-06,0.0,6.13121e-07,3.87196e-06,0.0,1.19122e-06,2.90435e-06,0.0,2.5405e-06,1.97242e-06,1.50627e-05,9.16948e-07,7.88928e-05,0.0,0.0,0.0,0.0,1.37208e-05,0.000777113,3.64467e-06,0.000373675,0.00456631,8.73453e-05,8.78718e-06,0.000487752,1.58826e-06,4.37936e-05,1.62117e-05,6.03934e-07,3.93511e-05,2.89091e-05,3.04625e-07,1.58613e-05,2.05852e-06,0.000717574,0.000114034,0.0,0.000485099,8.97769e-05,2.74293e-06,0.0,0.000242212,0.00640115,8.51726e-06,0.000174665,0.0,0.000502976,0.0,5.37597e-07,2.80544e-06,0.0,3.71426e-07,0.000109935,0.0,0.000272475,0.000180719,7.58078e-06,2.67695e-05,4.23241e-06,0.000132759,1.20836e-05,4.75222e-05,0.0,0.0,5.30997e-07,6.18122e-05,0.000185991,0.000239589,0.0,0.0,2.2e-07,5.5445e-05,6.31714e-05,0.000384193,4.55139e-05,0.000109167,0.000323769,0.000214274,0.000346294,0.000163668,5.25296e-07,5.46251e-07,2.61247e-07,0.000207679,0.000128071,2.26362e-05,0.00112548,0.000597558,0.00180143,3.13369e-05,6.12408e-05,1.34084e-05,0.0,2.49134e-05,0.000221878,2.5199e-05,0.000120645,6.46631e-05,0.00197244,0.0,0.0,9.40826e-06,0.0
0.0,0.0,5.73183e-06,0.00048616,0.0,4.84213e-05,6.59325e-05,0.0,0.000649543,3.01445e-07,7.6478e-06,1.43654e-06,0.0,3.06469e-07,4.16981e-06,0.0,1.48987e-06,3.1926e-06,0.0,2.82278e-06,1.6993e-06,1.3704e-05,9.16948e-07,7.78524e-05,0.0,0.0,0.0,0.0,1.34737e-05,0.000774149,3.64745e-06,0.00037515,0.00456329,8.73452e-05,8.77308e-06,0.000487171,7.94808e-07,4.44036e-05,1.65233e-05,6.03934e-07,4.0543e-05,2.89092e-05,0.0,1.58571e-05,1.76868e-06,0.000717985,0.000114231,0.0,0.000484699,8.97747e-05,3.06765e-06,0.0,0.000242674,0.0064046,7.55277e-06,0.000174665,0.0,0.00050318,0.0,7.16796e-07,2.80544e-06,0.0,3.71426e-07,0.000109937,0.0,0.000272886,0.000180719,7.58078e-06,2.66435e-05,4.23241e-06,0.000132547,1.09967e-05,4.79391e-05,0.0,0.0,3.53998e-07,6.18122e-05,0.000186212,0.00023978,0.0,0.0,2.2e-07,5.3839e-05,6.3635e-05,0.000387979,4.55139e-05,0.000108934,0.000324004,0.000212805,0.000344116,0.000162201,2.62648e-07,2.73126e-07,0.0,0.00020768,0.000127765,2.23229e-05,0.00113114,0.000597521,0.00180153,3.10329e-05,6.21387e-05,1.40026e-05,0.0,2.64017e-05,0.000220358,2.58128e-05,0.00011944,6.3504e-05,0.00197115,0.0,0.0,7.64605e-06,0.0
0.0,0.0,5.16889e-06,0.000486083,0.0,4.86722e-05,6.59217e-05,0.0,0.000648358,3.01445e-07,1.00923e-05,1.43558e-06,0.0,9.1959e-07,4.16981e-06,0.0,1.78752e-06,2.88966e-06,0.0,2.82278e-06,1.6993e-06,1.37199e-05,1.22289e-06,7.81125e-05,0.0,0.0,0.0,0.0,1.47486e-05,0.000777128,2.72977e-06,0.000373102,0.00456448,8.64223e-05,8.77066e-06,0.000487134,1.58826e-06,4.28791e-05,1.62162e-05,6.03934e-07,3.96488e-05,2.9511e-05,3.04625e-07,1.55622e-05,2.05844e-06,0.000717368,0.000114034,0.0,0.000485302,8.97814e-05,2.90414e-06,0.0,0.00024201,0.00640092,7.78223e-06,0.000174457,0.0,0.000502046,0.0,5.37597e-07,2.80544e-06,0.0,3.71426e-07,0.000110116,0.0,0.000272268,0.000180719,7.58078e-06,2.71725e-05,4.6022e-06,0.000132759,1.14365e-05,4.75222e-05,0.0,2.34458e-07,5.30997e-07,6.22427e-05,0.000186212,0.000238649,0.0,0.0,0.0,5.38893e-05,6.31802e-05,0.000385606,4.5276e-05,0.000108927,0.000324002,0.000214065,0.000345855,0.000164691,5.25296e-07,2.73126e-07,2.61247e-07,0.000209528,0.000127461,2.26308e-05,0.00112335,0.000601192,0.00180328,3.04274e-05,6.12548e-05,1.37055e-05,0.0,2.52047e-05,0.000221885,2.48917e-05,0.000119155,6.37878e-05,0.00197426,0.0,0.0,9.11403e-06,0.0
0.0,0.0,5.75611e-06,0.000490414,0.0,4.84213e-05,6.59325e-05,0.0,0.00064672,3.00901e-07,6.72247e-06,1.43558e-06,0.0,0.0,4.16981e-06,0.0,8.95476e-07,2.90435e-06,0.0,2.82278e-06,1.6993e-06,1.45168e-05,9.16948e-07,7.80545e-05,0.0,0.0,0.0,0.0,1.40678e-05,0.000776803,3.64747e-06,0.000375802,0.00456419,8.73451e-05,8.4853e-06,0.000487161,1.32423e-06,4.31871e-05,1.65185e-05,3.01967e-07,3.96475e-05,2.86077e-05,0.0,1.61556e-05,1.47689e-06,0.000718194,0.000114034,0.0,0.000484899,8.92438e-05,3.06535e-06,1.25338e-07,0.000242883,0.00640049,7.80356e-06,0.000174665,0.0,0.000503,0.0,5.37597e-07,3.00583e-06,0.0,3.71426e-07,0.000109939,0.0,0.000272886,0.000180932,7.58078e-06,2.64687e-05,4.39131e-06,0.000132547,1.128e-05,4.75222e-05,0.0,0.0,5.30997e-07,6.13798e-05,0.000186212,0.000240599,0.0,0.0,2.2e-07,5.53337e-05,6.34041e-05,0.000386314,4.52777e-05,0.0001094,0.000323082,0.00021425,0.000345348,0.000162673,2.62648e-07,2.73126e-07,0.0,0.000207965,0.000128069,2.17306e-05,0.00112847,0.000596026,0.00179873,3.13401e-05,6.06824e-05,1.37054e-05,0.0,2.69839e-05,0.000220043,2.51985e-05,0.000120341,6.40894e-05,0.00197249,0.0,0.0,8.82219e-06,0.0
0.0,0.0,4.59101e-06,0.000487303,0.0,4.86722e-05,6.61786e-05,0.0,0.000649001,3.00901e-07,8.87004e-06,1.43654e-06,0.0,6.12688e-07,3.87196e-06,0.0,1.48825e-06,2.90529e-06,0.0,2.5405e-06,1.6993e-06,1.39805e-05,9.16948e-07,7.7863e-05,0.0,0.0,0.0,0.0,1.42275e-05,0.000777655,3.03674e-06,0.000372098,0.00456388,8.5807e-05,9.6411e-06,0.000487161,1.05884e-06,4.28744e-05,1.652e-05,6.03934e-07,3.96502e-05,2.86066e-05,3.04625e-07,1.58632e-05,1.76042e-06,0.000717368,0.000114034,0.0,0.000484701,8.99561e-05,2.74293e-06,0.0,0.000242663,0.00640173,8.51242e-06,0.000175082,0.0,0.000502691,0.0,7.16796e-07,2.80544e-06,0.0,3.71426e-07,0.000109745,0.0,0.000272475,0.000180507,7.58078e-06,2.72257e-05,4.4094e-06,0.000132968,1.11354e-05,4.75222e-05,0.0,2.34458e-07,5.30997e-07,6.20284e-05,0.000185992,0.000239666,0.0,0.0,2.2e-07,5.51686e-05,6.29422e-05,0.000386809,4.52777e-05,0.000108465,0.000324233,0.000211764,0.000346275,0.000163437,5.25296e-07,2.73126e-07,0.0,0.000208195,0.000127461,2.29272e-05,0.00112691,0.000595435,0.00180819,3.0126e-05,6.23969e-05,1.34069e-05,0.0,2.64027e-05,0.000220965,2.51983e-05,0.000119765,6.4961e-05,0.00197241,0.0,0.0,8.52636e-06,0.0
0.0,0.0,5.44454e-06,0.000485413,0.0,4.84213e-05,6.6171e-05,0.0,0.000648626,6.02867e-07,8.86831e-06,1.72288e-06,0.0,9.21368e-07,4.16981e-06,0.0,1.18892e-06,3.1926e-06,0.0,2.82278e-06,1.6993e-06,1.31628e-05,9.16948e-07,8.01773e-05,0.0,0.0,2.92631e-07,0.0,1.34298e-05,0.00077476,2.7101e-06,0.000374339,0.00456509,8.76527e-05,9.33513e-06,0.000489274,1.58826e-06,4.3184e-05,1.4987e-05,6.03934e-07,4.02439e-05,2.95115e-05,3.04625e-07,1.58564e-05,2.35134e-06,0.000717989,0.000114034,0.0,0.000484897,8.97792e-05,3.06765e-06,0.0,0.000242877,0.00640322,6.55874e-06,0.000174665,0.0,0.000502783,0.0,5.37597e-07,2.80544e-06,0.0,3.71426e-07,0.00011012,0.0,0.000272679,0.000180719,7.58078e-06,2.66368e-05,4.0735e-06,0.000132547,1.09508e-05,4.77307e-05,0.0,0.0,5.30997e-07,6.18103e-05,0.000186212,0.00023861,0.0,0.0,0.0,5.51317e-05,6.3635e-05,0.0003872,4.57483e-05,0.0001094,0.000323773,0.000212251,0.000344589,0.000162956,2.62648e-07,2.73126e-07,2.61247e-07,0.000206906,0.000127765,2.20349e-05,0.00112848,0.000599073,0.00179961,3.07326e-05,6.2706e-05,1.34064e-05,0.0,2.37516e-05,0.000222192,2.51985e-05,0.000120053,6.40803e-05,0.00197481,0.0,0.0,9.11482e-06,0.0
0.0,0.0,4.87107e-06,0.000487475,0.0,4.84213e-05,6.59325e-05,0.0,0.000647695,3.01445e-07,7.64233e-06,1.43558e-06,0.0,6.12688e-07,4.16981e-06,0.0,1.19061e-06,2.60141e-06,0.0,2.82278e-06,1.6993e-06,1.47884e-05,1.52854e-06,7.65335e-05,0.0,0.0,0.0,0.0,1.2848e-05,0.000777398,4.25437e-06,0.000373197,0.00456206,8.64224e-05,8.19778e-06,0.000486211,1.05884e-06,4.37957e-05,1.62159e-05,6.03934e-07,3.99467e-05,2.89086e-05,0.0,1.61556e-05,1.17599e-06,0.00071716,0.000114231,0.0,0.000485302,8.97769e-05,2.90414e-06,0.0,0.000242654,0.00640131,7.79697e-06,0.000174457,0.0,0.000502489,0.0,5.37597e-07,2.80544e-06,0.0,3.71426e-07,0.000110116,0.0,0.000272475,0.000180932,7.58078e-06,2.66014e-05,4.57304e-06,0.000132757,1.21094e-05,4.75222e-05,0.0,2.34458e-07,3.53998e-07,6.18122e-05,0.000186212,0.000240416,0.0,0.0,2.2e-07,5.42845e-05,6.31714e-05,0.000386015,4.55156e-05,0.0001094,0.000323775,0.000215898,0.000347044,0.000164201,5.25296e-07,2.73126e-07,0.0,0.000208195,0.00012746,2.23259e-05,0.00112245,0.000596309,0.00180247,3.16398e-05,6.12628e-05,1.37054e-05,0.0,2.6979e-05,0.000220957,2.58133e-05,0.000118528,6.43785e-05,0.00197721,0.0,0.0,8.23451e-06,0.0
0.0,0.0,5.17316e-06,0.000487238,0.0,4.86722e-05,6.61786e-05,0.0,0.000647759,6.02346e-07,9.48158e-06,1.43654e-06,0.0,6.13121e-07,3.87196e-06,0.0,2.0831e-06,2.90435e-06,0.0,2.82278e-06,1.97242e-06,1.34409e-05,9.16948e-07,7.93869e-05,0.0,0.0,0.0,0.0,1.36741e-05,0.000777424,3.35078e-06,0.000373737,0.00456724,8.67298e-05,9.31346e-06,0.000487172,1.32423e-06,4.25727e-05,1.71355e-05,6.03934e-07,3.96475e-05,2.83063e-05,3.04625e-07,1.58626e-05,2.05875e-06,0.000717572,0.000114034,0.0,0.000484899,8.95977e-05,2.90414e-06,1.25338e-07,0.000242684,0.00640211,7.3016e-06,0.000174873,0.0,0.000502967,0.0,7.16796e-07,2.80544e-06,0.0,3.71426e-07,0.00011012,0.0,0.000272681,0.000180719,7.58078e-06,2.70818e-05,4.59079e-06,0.000132549,1.09692e-05,4.77307e-05,0.0,0.0,5.30997e-07,6.18122e-05,0.000185992,0.000241164,0.0,0.0,2.2e-07,5.42549e-05,6.34076e-05,0.000386635,4.52794e-05,0.000108696,0.000323542,0.000214819,0.000344628,0.000163698,2.62648e-07,2.73126e-07,2.61247e-07,0.000208728,0.000127767,2.26316e-05,0.00112938,0.000596924,0.00180302,3.07317e-05,6.15529e-05,1.37049e-05,0.0,2.60691e-05,0.000220356,2.51985e-05,0.000120661,6.40787e-05,0.00197068,0.0,0.0,8.8198e-06,0.0
0.0,0.0,5.44078e-06,0.00048784,0.0,4.84213e-05,6.56756e-05,0.0,0.000648311,0.0,7.94347e-06,1.43558e-06,0.0,3.06469e-07,4.16981e-06,0.0,1.19264e-06,3.1926e-06,0.0,2.5405e-06,1.6993e-06,1.42449e-05,9.16948e-07,7.83751e-05,0.0,0.0,0.0,0.0,1.30167e-05,0.000776215,3.94716e-06,0.000374545,0.00456296,8.70377e-05,8.80045e-06,0.000487163,1.32557e-06,4.34908e-05,1.52936e-05,6.03934e-07,4.0543e-05,2.92101e-05,0.0,1.61568e-05,1.46862e-06,0.000717989,0.000114034,0.0,0.000484901,8.97725e-05,2.90643e-06,0.0,0.000242648,0.0064015,8.03689e-06,0.000174665,0.0,0.00050343,0.0,5.37597e-07,2.80544e-06,0.0,3.71426e-07,0.000109935,0.0,0.000272679,0.000180507,7.58078e-06,2.66014e-05,4.23241e-06,0.000132339,1.08192e-05,4.77307e-05,0.0,0.0,5.30997e-07,6.18103e-05,0.000186212,0.000237574,0.0,0.0,0.0,5.45358e-05,6.34076e-05,0.000385799,4.5276e-05,0.000109167,0.000324231,0.000212741,0.000344394,0.000162406,2.62648e-07,5.46251e-07,0.0,0.00020851,0.000128071,2.14296e-05,0.00113117,0.000597811,0.00179689,3.10329e-05,6.15457e-05,1.34075e-05,0.0,2.67102e-05,0.000221567,2.48911e-05,0.000121551,6.35048e-05,0.00197206,0.0,0.0,8.52796e-06,0.0
0.0,0.0,5.45512e-06,0.000487222,0.0,4.84213e-05,6.6428e-05,0.0,0.000649401,6.02346e-07,7.64258e-06,1.14923e-06,0.0,6.12688e-07,4.16981e-06,0.0,1.18918e-06,2.60141e-06,0.0,2.82278e-06,2.0027e-06,1.45203e-05,1.22289e-06,7.73339e-05,0.0,0.0,0.0,0.0,1.55823e-05,0.000777687,2.73341e-06,0.000372316,0.00456448,8.67296e-05,9.04509e-06,0.000488035,1.58826e-06,4.19564e-05,1.59061e-05,6.03934e-07,3.96488e-05,2.86077e-05,3.04625e-07,1.58613e-05,1.76339e-06,0.000717356,0.000114034,0.0,0.000485099,8.97836e-05,2.90414e-06,0.0,0.000242892,0.00640208,7.30965e-06,0.000174457,0.0,0.000502273,0.0,5.37597e-07,2.80544e-06,0.0,5.57138e-07,0.000109561,0.0,0.000272475,0.000180719,7.58078e-06,2.66479e-05,4.2505e-06,0.000132968,1.08808e-05,4.75222e-05,0.0,2.34458e-07,5.30997e-07,6.18122e-05,0.000186212,0.000240313,0.0,0.0,2.2e-07,5.47145e-05,6.29422e-05,0.000387083,4.5276e-05,0.000108696,0.000324007,0.000213538,0.000346043,0.000164227,5.25296e-07,2.73126e-07,2.61247e-07,0.000209776,0.000128071,2.26316e-05,0.00112152,0.000598181,0.00180601,2.98218e-05,6.21375e-05,1.37006e-05,0.0,2.57877e-05,0.00022188,2.51985e-05,0.000120331,6.40894e-05,0.00197314,0.0,0.0,9.40826e-06,0.0
0.0,0.0,4.5891e-06,0.000483309,0.0,4.86722e-05,6.56756e-05,0.0,0.000646508,3.00901e-07,8.25851e-06,2.01019e-06,0.0,3.06902e-07,4.16981e-06,0.0,8.96766e-07,2.90529e-06,0.0,2.82278e-06,1.6993e-06,1.37116e-05,9.16948e-07,7.83534e-05,0.0,0.0,0.0,0.0,1.23676e-05,0.00077651,3.3334e-06,0.000377362,0.00456512,8.61149e-05,8.77713e-06,0.000486543,1.05884e-06,4.50146e-05,1.56011e-05,6.03934e-07,3.96475e-05,2.9511e-05,0.0,1.58571e-05,2.05875e-06,0.000717991,0.000114034,0.0,0.000484699,8.95977e-05,2.90414e-06,0.0,0.000242654,0.00640226,8.03028e-06,0.000174873,0.0,0.000502991,0.0,7.16796e-07,2.80544e-06,0.0,3.71426e-07,0.00011012,0.0,0.000272886,0.000180932,7.58078e-06,2.69022e-05,4.40272e-06,0.000132547,1.19602e-05,4.75222e-05,0.0,0.0,5.30997e-07,6.18122e-05,0.000186211,0.000239967,0.0,0.0,3.64796e-07,5.53773e-05,6.31714e-05,0.000386699,4.55139e-05,0.000108696,0.000323306,0.000215096,0.00034579,0.000162688,2.62648e-07,2.73126e-07,0.0,0.000207435,0.000127459,2.29281e-05,0.0011306,0.000600582,0.00179849,3.13398e-05,6.24167e-05,1.40068e-05,0.0,2.66844e-05,0.000220967,2.55061e-05,0.000118868,6.46621e-05,0.0019739,0.0,0.0,8.23372e-06,0.0
0.0,0.0,5.45223e-06,0.000488114,0.0,4.84213e-05,6.61786e-05,0.0,0.00064784,3.01967e-07,9.17232e-06,1.43558e-06,0.0,6.12688e-07,3.87196e-06,0.0,1.1905e-06,2.90435e-06,0.0,2.82278e-06,1.6993e-06,1.39792e-05,9.16948e-07,7.85935e-05,0.0,0.0,2.92631e-07,0.0,1.43319e-05,0.000775344,3.64308e-06,0.000373932,0.00456326,8.76525e-05,9.61643e-06,0.000486568,1.58826e-06,4.22701e-05,1.49865e-05,6.03934e-07,3.96502e-05,2.83068e-05,3.04625e-07,1.55622e-05,1.76206e-06,0.000717162,0.000114427,0.0,0.000485102,8.97769e-05,2.90414e-06,0.0,0.000242669,0.00640107,7.29484e-06,0.000174873,0.0,0.00050222,0.0,5.37597e-07,2.80544e-06,0.0,3.71426e-07,0.000109935,0.0,0.000272268,0.000180719,7.58078e-06,2.67762e-05,4.23241e-06,0.000132968,1.07643e-05,4.77307e-05,0.0,2.34458e-07,3.53998e-07,6.22388e-05,0.000186214,0.000238153,0.0,0.0,0.0,5.49311e-05,6.36438e-05,0.000387289,4.55139e-05,0.0001094,0.000324,0.000212711,0.000345586,0.000164199,5.25296e-07,2.73126e-07,0.0,0.000209001,0.000127155,2.23313e-05,0.00112723,0.000595431,0.00180545,3.10372e-05,6.06766e-05,1.3107e-05,0.0,2.60918e-05,0.000220957,2.55057e-05,0.000120329,6.37986e-05,0.00197324,0.0,0.0,8.52636e-06,0.0
0.0,0.0,4.8885e-06,0.000489754,0.0,4.86722e-05,6.59325e-05,0.0,0.000649806,6.02346e-07,9.18119e-06,1.14923e-06,0.0,6.12688e-07,4.16981e-06,0.0,1.78452e-06,2.90435e-06,0.0,2.82278e-06,1.6993e-06,1.34346e-05,1.2226e-06,7.81216e-05,0.0,0.0,0.0,0.0,1.308e-05,0.00077592,3.34997e-06,0.000373118,0.0045657,8.673e-05,9.05737e-06,0.000487752,1.05884e-06,4.44063e-05,1.6518e-05,6.03934e-07,4.02439e-05,2.89086e-05,0.0,1.64559e-05,1.76783e-06,0.00071819,0.000114034,0.0,0.000485097,8.94252e-05,2.90643e-06,1.25338e-07,0.000242663,0.00640131,7.31501e-06,0.000174665,0.0,0.000502775,0.0,7.16796e-07,2.80544e-06,0.0,3.71426e-07,0.00011012,0.0,0.000272886,0.000180293,7.58078e-06,2.66368e-05,4.43188e-06,0.000132547,1.20927e-05,4.75222e-05,0.0,0.0,5.30997e-07,6.13798e-05,0.000186212,0.000240703,0.0,0.0,2.2e-07,5.40574e-05,6.33988e-05,0.000387047,4.48036e-05,0.000109165,0.000323311,0.000212594,0.00034484,0.000163182,2.62648e-07,2.73126e-07,2.61247e-07,0.000207682,0.000128374,2.17253e-05,0.00112489,0.000596031,0.00179994,3.07347e-05,6.18098e-05,1.40049e-05,0.0,2.55244e-05,0.00022127,2.5199e-05,0.000119749,6.46692e-05,0.00197399,0.0,0.0,8.82219e-06,0.0
0.0,0.0,6.03211e-06,0.000482898,0.0,4.84213e-05,6.6171e-05,0.0,0.000646303,3.01445e-07,7.33274e-06,1.72288e-06,0.0,3.06469e-07,4.16981e-06,0.0,8.86807e-07,2.88966e-06,0.0,2.5405e-06,1.6993e-06,1.45228e-05,1.22289e-06,7.86184e-05,0.0,0.0,0.0,0.0,1.3061e-05,0.000777127,3.33656e-06,0.000374857,0.00456267,8.7345e-05,7.93588e-06,0.000487754,1.32423e-06,4.25774e-05,1.59133e-05,3.01967e-07,3.99467e-05,2.98118e-05,3.04625e-07,1.61556e-05,1.75785e-06,0.000717576,0.000114034,0.0,0.000484903,8.99539e-05,2.90414e-06,0.0,0.000242432,0.00640171,8.01021e-06,0.000174665,0.0,0.00050274,0.0,5.37597e-07,2.80544e-06,0.0,3.71426e-07,0.000110116,0.0,0.000272475,0.000180932,7.82532e-06,2.67341e-05,4.57304e-06,0.000132968,1.0811e-05,4.75222e-05,0.0,2.34458e-07,5.30997e-07,6.22446e-05,0.000185991,0.000239138,0.0,0.0,2.2e-07,5.38918e-05,6.31768e-05,0.000384908,4.57535e-05,0.000108936,0.000324235,0.000214546,0.000346336,0.000163721,5.25296e-07,5.46251e-07,0.0,0.00020874,0.000127461,2.23311e-05,0.00112455,0.000599984,0.00179967,3.1028e-05,6.15617e-05,1.31049e-05,0.0,2.52239e-05,0.000220054,2.55056e-05,0.000120652,6.46568e-05,0.00197329,0.0,0.0,8.8198e-06,0.0
0.0,0.0,5.16271e-06,0.000492207,0.0,4.84213e-05,6.59325e-05,0.0,0.000648058,3.00901e-07,8.25552e-06,1.43558e-06,0.0,3.06219e-07,4.16981e-06,0.0,1.49035e-06,3.1926e-06,0.0,2.82278e-06,1.97242e-06,1.47849e-05,9.16948e-07,7.81101e-05,0.0,0.0,0.0,0.0,1.59322e-05,0.000777063,2.73341e-06,0.000372061,0.00456663,8.673e-05,9.33075e-06,0.00048625,1.05884e-06,4.44028e-05,1.68274e-05,6.03934e-07,3.99467e-05,2.89092e-05,3.04625e-07,1.55615e-05,1.47689e-06,0.000717572,0.000114034,0.0,0.000484899,8.95999e-05,2.90414e-06,0.0,0.00024333,0.00640246,7.31322e-06,0.000174457,0.0,0.000503205,0.0,5.37597e-07,2.80544e-06,0.0,3.71426e-07,0.00010993,0.0,0.000272679,0.000180719,7.58078e-06,2.69603e-05,4.4094e-06,0.000132339,1.05885e-05,4.79391e-05,0.0,0.0,5.30997e-07,6.15941e-05,0.000186214,0.000240125,0.0,0.0,0.0,5.47045e-05,6.31784e-05,0.000387453,4.57483e-05,0.000108696,0.000323542,0.000212756,0.000344371,0.000164446,2.62648e-07,2.73126e-07,2.61247e-07,0.000207703,0.000127461,2.23307e-05,0.00112845,0.000596917,0.00180206,3.10403e-05,6.18456e-05,1.43066e-05,0.0,2.6664e-05,0.000221882,2.48917e-05,0.000117662,6.29285e-05,0.0019746,0.0,0.0,8.23451e-06,0.0
0.0,0.0,4.87816e-06,0.00048431,0.0,4.86722e-05,6.61786e-05,0.0,0.000648961,0.0,7.95092e-06,1.43654e-06,0.0,9.21026e-07,3.87196e-06,0.0,1.19126e-06,2.90435e-06,0.0,2.82278e-06,1.6993e-06,1.3179e-05,9.16948e-07,7.75789e-05,0.0,0.0,0.0,0.0,1.30086e-05,0.000776527,3.64312e-06,0.00037469,0.00456356,8.73452e-05,9.33186e-06,0.00048836,1.32423e-06,4.31832e-05,1.52928e-05,6.03934e-07,3.96496e-05,2.89086e-05,0.0,1.61556e-05,1.77006e-06,0.000717576,0.000114034,0.0,0.000485097,9.01309e-05,3.06765e-06,0.0,0.000242432,0.0064019,8.51891e-06,0.000174665,0.0,0.000502737,0.0,7.16796e-07,2.80544e-06,0.0,3.71426e-07,0.000109935,0.0,0.000272475,0.000180719,7.58078e-06,2.69022e-05,4.0735e-06,0.000132549,1.20715e-05,4.75222e-05,0.0,0.0,3.53998e-07,6.20284e-05,0.000185991,0.000239396,0.0,0.0,2.2e-07,5.47542e-05,6.33988e-05,0.000386748,4.52794e-05,0.000108927,0.000324002,0.000214569,0.000343671,0.000162419,7.94646e-07,5.46251e-07,0.0,0.000209,0.000127765,2.26257e-05,0.00112783,0.000597244,0.00180306,3.04231e-05,6.29687e-05,1.31043e-05,0.0,2.4646e-05,0.000221268,2.55056e-05,0.000121841,6.40894e-05,0.00197207,0.0,0.0,8.82059e-06,0.0
0.0,0.0,4.87153e-06,0.000487444,0.0,4.84213e-05,6.56756e-05,0.0,0.000647572,6.02346e-07,7.95491e-06,1.72288e-06,0.0,6.12688e-07,4.16981e-06,0.0,1.19246e-06,2.90435e-06,0.0,2.82278e-06,1.6993e-06,1.42374e-05,9.16948e-07,7.80946e-05,0.0,0.0,2.92631e-07,0.0,1.37674e-05,0.000775628,3.03628e-06,0.000373261,0.00456451,8.61147e-05,9.89725e-06,0.000488348,1.32287e-06,4.34921e-05,1.59076e-05,6.03934e-07,4.02445e-05,2.83068e-05,3.04625e-07,1.61617e-05,2.64314e-06,0.000717783,0.000114231,0.0,0.000485102,8.94252e-05,2.74293e-06,1.25338e-07,0.000242453,0.00640155,7.06397e-06,0.000174665,0.0,0.00050341,0.0,5.37597e-07,3.00583e-06,0.0,3.71426e-07,0.00011012,0.0,0.000272681,0.000180719,7.58078e-06,2.64687e-05,4.23241e-06,0.000132757,1.0458e-05,4.75222e-05,0.0,2.34458e-07,5.30997e-07,6.18122e-05,0.000186212,0.000238862,0.0,0.0,2.2e-07,5.40563e-05,6.34076e-05,0.000383523,4.50398e-05,0.000108936,0.000323547,0.00021433,0.000348188,0.000163466,2.62648e-07,2.73126e-07,0.0,0.000207406,0.000128071,2.17352e-05,0.0011315,0.000600905,0.00179935,3.10398e-05,6.1849e-05,1.40026e-05,0.0,2.75601e-05,0.000220959,2.51985e-05,0.000119743,6.49539e-05,0.00197448,0.0,0.0,8.23372e-06,0.0
0.0,0.0,5.16462e-06,0.000489347,0.0,4.84213e-05,6.6428e-05,0.0,0.000647338,6.02867e-07,8.55284e-06,1.43558e-06,0.0,0.0,4.16981e-06,0.0,8.95476e-07,2.60235e-06,0.0,2.5405e-06,1.6993e-06,1.45266e-05,1.22289e-06,7.94033e-05,0.0,0.0,0.0,0.0,1.37693e-05,0.000776221,3.63864e-06,0.000375428,0.00456387,8.67296e-05,8.78275e-06,0.000486556,1.32423e-06,4.31782e-05,1.62133e-05,6.03934e-07,3.93497e-05,2.9511e-05,0.0,1.55579e-05,1.47245e-06,0.000717574,0.000114034,0.0,0.000484699,8.95977e-05,2.90414e-06,0.0,0.000242879,0.00640299,7.30492e-06,0.000174873,0.0,0.00050274,0.0,5.37597e-07,2.80544e-06,0.0,3.71426e-07,0.000109935,0.0,0.000272473,0.000180719,7.58078e-06,2.67279e-05,4.7611e-06,0.000132757,1.23327e-05,4.77307e-05,0.0,0.0,5.30997e-07,6.18103e-05,0.000186434,0.000238373,0.0,0.0,0.0,5.47124e-05,6.31714e-05,0.000388179,4.55122e-05,0.000109165,0.000323998,0.000213538,0.000344884,0.000163422,5.25296e-07,2.73126e-07,2.61247e-07,0.000209534,0.000127458,2.32269e-05,0.00112516,0.000596925,0.00180545,3.04274e-05,6.09647e-05,1.34119e-05,0.0,2.63881e-05,0.000220661,2.58133e-05,0.000118861,6.40866e-05,0.00197392,0.0,0.0,9.11482e-06,0.0
0.0,0.0,5.16687e-06,0.000482518,0.0,4.86722e-05,6.59325e-05,0.0,0.000649507,3.00901e-07,8.56334e-06,1.43654e-06,0.0,6.12688e-07,4.16981e-06,0.0,2.09072e-06,2.90435e-06,0.0,2.82278e-06,1.6993e-06,1.31614e-05,9.16948e-07,7.73298e-05,0.0,0.0,0.0,0.0,1.51111e-05,0.000777951,4.25734e-06,0.000373572,0.00456358,8.70376e-05,8.48618e-06,0.000486252,1.05884e-06,4.41057e-05,1.49873e-05,6.03934e-07,3.99467e-05,2.89086e-05,3.04625e-07,1.58613e-05,1.47689e-06,0.000718192,0.000114034,0.0,0.000485302,8.99517e-05,3.06765e-06,0.0,0.000242883,0.00640189,8.03318e-06,0.000174665,0.0,0.000502277,0.0,7.16796e-07,2.80544e-06,0.0,3.71426e-07,0.000109937,0.0,0.000272681,0.000180719,7.58078e-06,2.67762e-05,4.23241e-06,0.000132757,1.04529e-05,4.75222e-05,0.0,2.34458e-07,5.30997e-07,6.18122e-05,0.000185771,0.000241185,0.0,0.0,2.2e-07,5.44913e-05,6.31802e-05,0.000386824,4.55139e-05,0.00010916,0.000323542,0.000212523,0.000345346,0.000163431,2.62648e-07,2.73126e-07,0.0,0.000209031,0.000127461,2.17354e-05,0.00112396,0.000599379,0.00179716,3.10376e-05,6.32912e-05,1.31043e-05,0.0,2.52209e-05,0.000220048,2.48912e-05,0.000120939,6.43705e-05,0.00196824,0.0,0.0,8.23372e-06,0.0
0.0,0.0,5.44805e-06,0.000491437,0.0,4.84213e-05,6.59217e-05,0.0,0.000648338,3.01445e-07,7.64201e-06,1.72288e-06,0.0,9.19932e-07,3.87196e-06,0.0,1.18727e-06,3.1926e-06,0.0,2.82278e-06,1.6993e-06,1.4518e-05,1.2226e-06,7.88771e-05,0.0,0.0,0.0,0.0,1.39669e-05,0.000776228,3.91125e-06,0.000374416,0.0045651,8.64221e-05,8.48986e-06,0.000487165,1.59096e-06,4.25775e-05,1.62138e-05,6.03934e-07,3.99487e-05,2.86077e-05,0.0,1.61556e-05,2.34143e-06,0.000717162,0.000114034,0.0,0.000484699,8.96044e-05,2.90414e-06,0.0,0.000242432,0.00640111,7.75604e-06,0.000174665,0.0,0.000502527,0.0,5.37597e-07,2.80544e-06,0.0,3.71426e-07,0.000109745,0.0,0.000272886,0.000180932,7.58078e-06,2.70509e-05,4.2505e-06,0.000132757,1.172e-05,4.75222e-05,0.0,0.0,5.30997e-07,6.18122e-05,0.000186212,0.000238431,0.0,0.0,2.2e-07,5.49301e-05,6.31696e-05,0.000388151,4.50415e-05,0.000108938,0.000324002,0.000211949,0.000345323,0.000162178,5.25296e-07,2.73126e-07,2.61247e-07,0.000207649,0.000128071,2.2328e-05,0.00112876,0.000595994,0.00179993,3.04237e-05,6.03865e-05,1.40068e-05,0.0,2.63881e-05,0.00022279,2.55056e-05,0.000120663,6.43819e-05,0.00197365,0.0,0.0,9.11482e-06,0.0
0.0,0.0,5.15724e-06,0.000489191,0.0,4.86722e-05,6.59325e-05,0.0,0.000646661,6.02346e-07,9.48091e-06,1.43558e-06,0.0,3.06469e-07,4.16981e-06,0.0,1.78255e-06,2.90435e-06,0.0,2.82278e-06,1.6993e-06,1.37151e-05,1.22289e-06,7.83583e-05,0.0,0.0,0.0,0.0,1.39399e-05,0.000777727,3.33698e-06,0.000376053,0.00456388,8.67301e-05,9.89746e-06,0.000488646,1.32287e-06,4.34806e-05,1.68315e-05,6.03934e-07,3.99454e-05,2.86077e-05,3.04625e-07,1.5564e-05,1.47689e-06,0.000717368,0.000114034,0.0,0.000484899,8.95977e-05,2.74293e-06,0.0,0.0002429,0.00640227,7.05713e-06,0.000174665,0.0,0.000502733,0.0,5.37597e-07,2.80544e-06,0.0,3.71426e-07,0.000110302,0.0,0.000272475,0.000180507,7.58078e-06,2.66368e-05,4.40272e-06,0.000132757,1.18192e-05,4.79391e-05,0.0,2.34458e-07,3.53998e-07,6.20265e-05,0.000186434,0.000239927,0.0,0.0,0.0,5.47098e-05,6.31714e-05,0.000385614,4.55122e-05,0.000108927,0.000323544,0.00021584,0.000344856,0.000164711,2.62648e-07,2.73126e-07,0.0,0.000207464,0.000127459,2.20309e-05,0.00112997,0.000598779,0.00180948,3.13374e-05,6.30006e-05,1.40003e-05,0.0,2.55001e-05,0.000219742,2.4584e-05,0.000119751,6.35031e-05,0.00197547,0.0,0.0,8.52638e-06,0.0
0.0,0.0,5.47959e-06,0.000485517,0.0,4.84213e-05,6.6171e-05,0.0,0.000649836,0.0,9.1758e-06,1.43654e-06,0.0,6.13121e-07,4.16981e-06,0.0,5.94875e-07,2.60141e-06,0.0,2.5405e-06,1.6993e-06,1.39756e-05,9.16948e-07,7.73434e-05,0.0,0.0,0.0,0.0,1.19835e-05,0.000777091,3.95028e-06,0.000372783,0.00456387,8.73451e-05,8.77465e-06,0.000486549,1.32423e-06,4.34913e-05,1.68269e-05,6.03934e-07,3.99467e-05,2.92101e-05,3.04625e-07,1.61556e-05,1.17599e-06,0.000717781,0.000114231,0.0,0.000485102,8.96022e-05,2.90414e-06,1.25338e-07,0.000242432,0.00640133,8.27779e-06,0.000174873,0.0,0.000503204,0.0,7.16796e-07,2.80544e-06,0.0,3.71426e-07,0.000109935,0.0,0.000272679,0.000180719,7.58078e-06,2.69089e-05,4.40272e-06,0.000132341,1.05304e-05,4.75222e-05,0.0,0.0,5.30997e-07,6.13798e-05,0.000185991,0.000240536,0.0,0.0,2.2e-07,5.38601e-05,6.34076e-05,0.00038629,4.55173e-05,0.000109167,0.000323998,0.000213545,0.000345582,0.000163694,2.62648e-07,2.73126e-07,2.61247e-07,0.000209777,0.000127155,2.26308e-05,0.00112693,0.000597843,0.00180239,3.04227e-05,6.12656e-05,1.34063e-05,0.0,2.69717e-05,0.000221274,2.58135e-05,0.000121832,6.43758e-05,0.00197481,0.0,0.0,9.11561e-06,0.0
0.0,0.0,5.1697e-06,0.000487101,0.0,4.84213e-05,6.59325e-05,0.0,0.000643006,3.01445e-07,6.108e-06,1.43558e-06,0.0,3.06469e-07,4.16981e-06,0.0,1.49177e-06,3.1926e-06,0.0,2.82278e-06,1.97242e-06,1.45203e-05,9.16948e-07,7.98904e-05,0.0,0.0,2.92631e-07,0.0,1.32572e-05,0.000777384,2.42632e-06,0.000373406,0.0045648,8.673e-05,9.3407e-06,0.000486848,1.32287e-06,4.34823e-05,1.65198e-05,3.01967e-07,3.9946e-05,2.89075e-05,0.0,1.64553e-05,2.05875e-06,0.000718196,0.000114034,0.0,0.000485097,8.97725e-05,3.22886e-06,0.0,0.000243114,0.0064034,7.32334e-06,0.000174457,0.0,0.000502731,0.0,5.37597e-07,2.80544e-06,0.0,5.57138e-07,0.000109939,0.0,0.000272475,0.000180719,7.58078e-06,2.67743e-05,4.43188e-06,0.000132547,1.18729e-05,4.75222e-05,0.0,2.34458e-07,5.30997e-07,6.20284e-05,0.000186212,0.000238661,0.0,0.0,2.2e-07,5.51097e-05,6.33988e-05,0.000385163,4.5276e-05,0.000108931,0.000323775,0.000214342,0.000346026,0.00016319,5.25296e-07,2.73126e-07,0.0,0.000206611,0.000128681,2.26263e-05,0.00112513,0.000597843,0.00179966,3.16518e-05,6.24139e-05,1.34064e-05,0.0,2.46396e-05,0.000220051,2.51983e-05,0.000119159,6.37869e-05,0.00196916,0.0,0.0,8.23372e-06,0.0
0.0,0.0,5.44373e-06,0.000486075,0.0,4.86722e-05,6.61786e-05,0.0,0.000652645,9.03768e-07,8.25527e-06,1.43558e-06,0.0,9.1959e-07,3.87196e-06,0.0,8.9005e-07,2.90529e-06,0.0,2.82278e-06,1.6993e-06,1.34346e-05,9.16948e-07,7.62949e-05,0.0,0.0,0.0,0.0,1.53033e-05,0.000777112,3.95116e-06,0.000374906,0.0045654,8.6422e-05,7.64196e-06,0.000488063,1.32423e-06,4.28887e-05,1.49897e-05,6.03934e-07,3.9948e-05,2.92101e-05,3.04625e-07,1.55615e-05,1.75956e-06,0.00071757,0.000114034,0.0,0.000484701,8.97814e-05,2.90414e-06,0.0,0.000242428,0.0064007,7.28505e-06,0.000174873,0.0,0.000502498,0.0,5.37597e-07,2.80544e-06,0.0,3.71426e-07,0.000110116,0.0,0.000272886,0.000180932,7.58078e-06,2.66014e-05,4.23241e-06,0.000132757,1.0441e-05,4.77307e-05,0.0,0.0,5.30997e-07,6.18122e-05,0.000186212,0.000237987,0.0,0.0,1.44796e-07,5.43158e-05,6.2944e-05,0.000387474,4.57483e-05,0.000109165,0.000323542,0.000213515,0.000345131,0.000163452,2.62648e-07,5.46251e-07,0.0,0.000209299,0.000127461,2.20304e-05,0.00112548,0.000598469,0.00180388,3.04227e-05,6.06943e-05,1.37061e-05,0.0,2.61183e-05,0.000221882,2.51985e-05,0.00011915,6.40912e-05,0.00197661,0.0,0.0,8.52636e-06,0.0
0.0,0.0,5.74149e-06,0.000488104,0.0,4.84213e-05,6.56756e-05,0.0,0.00064767,0.0,8.86585e-06,1.72385e-06,0.0,0.0,4.16981e-06,0.0,2.08332e-06,2.60141e-06,0.0,2.82278e-06,2.0027e-06,1.4524e-05,1.22289e-06,7.83522e-05,0.0,0.0,0.0,0.0,1.22477e-05,0.000775369,3.9581e-06,0.0003731,0.00456327,8.67299e-05,9.33526e-06,0.00048744,7.94808e-07,4.37886e-05,1.71311e-05,6.03934e-07,3.93497e-05,2.86083e-05,0.0,1.64559e-05,1.47689e-06,0.000717576,0.000114231,0.0,0.000484901,8.95999e-05,2.74293e-06,0.0,0.000242661,0.00640329,7.79543e-06,0.000174873,0.0,0.000503004,0.0,7.16796e-07,2.80544e-06,0.0,3.71426e-07,0.00010993,0.0,0.000272268,0.000180507,7.58078e-06,2.69487e-05,4.57972e-06,0.000132757,1.15376e-05,4.75222e-05,0.0,0.0,5.30997e-07,6.20226e-05,0.000186212,0.000242314,0.0,0.0,2.2e-07,5.40491e-05,6.36473e-05,0.000387504,4.52794e-05,0.000108936,0.000324,0.000214351,0.000344826,0.000162954,5.25296e-07,2.73126e-07,2.61247e-07,0.000208192,0.000127765,2.20314e-05,0.00113325,0.000596917,0.00180334,3.07384e-05,6.09605e-05,1.34057e-05,0.0,2.72607e-05,0.000220955,2.51983e-05,0.000120033,6.40885e-05,0.00197062,0.0,0.0,9.11642e-06,0.0
0.0,0.0,4.87534e-06,0.000486841,0.0,4.84213e-05,6.6428e-05,0.0,0.000647786,3.00901e-07,7.34288e-06,1.43558e-06,0.0,9.20343e-07,4.16981e-06,0.0,1.19183e-06,3.1926e-06,0.0,2.5405e-06,1.6993e-06,1.3709e-05,1.2226e-06,7.86223e-05,0.0,0.0,0.0,0.0,1.47947e-05,0.000777355,4.23551e-06,0.000372598,0.00456388,8.76528e-05,9.90166e-06,0.000486859,1.58826e-06,4.37975e-05,1.59074e-05,6.03934e-07,3.99467e-05,2.921e-05,3.04625e-07,1.58613e-05,2.05432e-06,0.000717779,0.000114034,0.0,0.000485097,9.01309e-05,3.06765e-06,0.0,0.000242676,0.00640166,7.77756e-06,0.000174457,0.0,0.000503178,0.0,5.37597e-07,2.80544e-06,0.0,3.71426e-07,0.000109935,0.0,0.000272886,0.000180719,7.58078e-06,2.67762e-05,4.23241e-06,0.000132757,1.12354e-05,4.75222e-05,0.0,2.34458e-07,3.53998e-07,6.20284e-05,0.000185992,0.000239811,0.0,0.0,2.2e-07,5.45342e-05,6.31714e-05,0.000386128,4.52777e-05,0.000108696,0.000323773,0.000212249,0.000348243,0.000164188,2.62648e-07,5.46251e-07,0.0,0.000207682,0.000127459,2.20309e-05,0.00112276,0.000596917,0.00179844,3.04235e-05,6.32814e-05,1.37054e-05,0.0,2.43383e-05,0.000221882,2.55067e-05,0.000120361,6.43705e-05,0.00197452,0.0,0.0,8.52557e-06,0.0
0.0,0.0,5.16352e-06,0.000487783,0.0,4.86722e-05,6.61802e-05,0.0,0.000650113,6.0289e-07,9.4766e-06,1.14923e-06,0.0,9.19932e-07,4.16981e-06,0.0,1.19936e-06,3.1926e-06,0.0,2.82278e-06,1.6993e-06,1.42485e-05,9.16948e-07,7.86301e-05,0.0,0.0,0.0,0.0,1.42361e-05,0.000775043,3.6505e-06,0.00037511,0.00456296,8.67299e-05,9.61955e-06,0.000487161,1.05884e-06,4.44023e-05,1.62178e-05,6.03934e-07,4.02452e-05,2.86077e-05,0.0,1.58564e-05,1.76783e-06,0.000717366,0.000114034,0.0,0.000484901,8.94252e-05,2.90414e-06,1.25338e-07,0.000242659,0.00640038,7.54126e-06,0.000174873,0.0,0.000502053,0.0,5.37597e-07,2.80544e-06,0.0,3.71426e-07,0.000109937,0.0,0.000272475,0.000180932,7.58078e-06,2.66063e-05,4.2505e-06,0.000132757,1.09588e-05,4.79391e-05,0.0,0.0,5.30997e-07,6.1596e-05,0.000186212,0.000238381,0.0,0.0,0.0,5.51623e-05,6.33988e-05,0.000386263,4.52743e-05,0.000108927,0.00032354,0.000213507,0.000345321,0.000163188,5.25296e-07,2.73126e-07,2.61247e-07,0.000209002,0.000127767,2.29254e-05,0.00112901,0.000596954,0.00180207,3.10344e-05,6.35879e-05,1.34047e-05,0.0,2.66774e-05,0.000220967,2.55056e-05,0.000119745,6.35067e-05,0.00197395,0.0,0.0,8.52874e-06,0.0
0.0,0.0,4.57653e-06,0.00049057,0.0,4.84213e-05,6.59217e-05,0.0,0.000644734,3.00901e-07,7.33941e-06,1.72288e-06,0.0,0.0,3.87196e-06,0.0,1.48608e-06,2.90435e-06,0.0,2.82278e-06,1.6993e-06,1.37064e-05,1.22289e-06,7.75816e-05,0.0,0.0,0.0,0.0,1.44888e-05,0.000777989,2.42575e-06,0.00037353,0.00456541,8.7345e-05,8.48732e-06,0.000487754,1.58826e-06,4.19706e-05,1.55997e-05,6.03934e-07,3.96489e-05,2.98124e-05,3.04625e-07,1.55628e-05,1.76206e-06,0.000717578,0.000114231,0.0,0.000484701,8.95977e-05,2.90414e-06,0.0,0.000242663,0.00640285,7.79528e-06,0.000174457,0.0,0.00050275,0.0,7.16796e-07,2.80544e-06,0.0,3.71426e-07,0.000110116,0.0,0.000272475,0.000180719,7.58078e-06,2.69022e-05,4.40272e-06,0.000132757,1.12168e-05,4.75222e-05,0.0,2.34458e-07,5.30997e-07,6.18103e-05,0.000186212,0.000239391,0.0,0.0,2.2e-07,5.34409e-05,6.34076e-05,0.00038488,4.55139e-05,0.000109169,0.000323544,0.000212751,0.000343907,0.00016294,2.62648e-07,2.73126e-07,0.0,0.00020899,0.000128071,2.17352e-05,0.00112517,0.000600571,0.0018036,3.16392e-05,6.00801e-05,1.40049e-05,0.0,2.60933e-05,0.000221885,2.51985e-05,0.000120046,6.46702e-05,0.0019754,0.0,0.0,9.11403e-06,0.0
0.0,0.0,5.17079e-06,0.000482652,0.0,4.84213e-05,6.59325e-05,0.0,0.00064982,0.0,7.63969e-06,1.43558e-06,0.0,9.1959e-07,4.16981e-06,0.0,8.92719e-07,2.88966e-06,0.0,2.82278e-06,1.6993e-06,1.42548e-05,9.16948e-07,7.83466e-05,0.0,0.0,2.92631e-07,0.0,1.28755e-05,0.000777411,3.95253e-06,0.000373926,0.00456602,8.61147e-05,7.6323e-06,0.000487446,1.05884e-06,4.3484e-05,1.56011e-05,6.03934e-07,3.99467e-05,2.80059e-05,0.0,1.61556e-05,2.05875e-06,0.000717779,0.000114034,0.0,0.000485097,8.97747e-05,2.90643e-06,0.0,0.000242208,0.00640228,6.81601e-06,0.000174457,0.0,0.000502948,0.0,5.37597e-07,3.00583e-06,0.0,3.71426e-07,0.000109749,0.0,0.000272679,0.000180507,7.58078e-06,2.67762e-05,4.58411e-06,0.000132341,1.20249e-05,4.75222e-05,0.0,0.0,5.30997e-07,6.22446e-05,0.000185992,0.00023855,0.0,0.0,3.69548e-07,5.55987e-05,6.2944e-05,0.000388668,4.5519e-05,0.000109165,0.000324,0.00021586,0.000345079,0.000164464,5.25296e-07,5.46251e-07,2.61247e-07,0.000207171,0.000127459,2.29247e-05,0.00113145,0.000595443,0.00179968,3.07377e-05,6.0966e-05,1.34089e-05,0.0,2.61129e-05,0.000220647,2.51983e-05,0.000120046,6.43695e-05,0.00197128,0.0,0.0,8.23451e-06,0.0
0.0,0.0,5.74993e-06,0.000489299,0.0,4.86722e-05,6.6171e-05,0.0,0.000648976,1.20521e-06,7.64186e-06,1.43654e-06,0.0,3.06469e-07,4.16981e-06,0.0,1.78944e-06,2.61704e-06,0.0,2.5405e-06,1.97242e-06,1.39694e-05,9.16948e-07,7.78478e-05,0.0,0.0,0.0,0.0,1.29884e-05,0.00077358,3.03162e-06,0.000373571,0.00456449,8.73452e-05,9.91694e-06,0.000485949,1.58826e-06,4.28751e-05,1.65189e-05,6.03934e-07,3.9946e-05,2.89081e-05,3.04625e-07,1.58564e-05,1.47743e-06,0.000717989,0.000114034,0.0,0.000485102,9.01331e-05,2.90414e-06,0.0,0.000242891,0.00640151,8.06296e-06,0.000174873,0.0,0.000503189,0.0,5.37597e-07,2.80544e-06,0.0,3.71426e-07,0.000109935,0.0,0.000272681,0.000180932,7.58078e-06,2.70863e-05,4.2505e-06,0.000132757,1.12352e-05,4.77307e-05,0.0,2.34458e-07,3.53998e-07,6.13798e-05,0.000186212,0.000242248,0.0,0.0,2.2e-07,5.47504e-05,6.31696e-05,0.000386801,4.52743e-05,0.000108696,0.000324009,0.000210208,0.000346072,0.000162159,2.62648e-07,2.73126e-07,0.0,0.000207964,0.000127764,2.17346e-05,0.00112339,0.000599649,0.00179933,2.98188e-05,6.21175e-05,1.37049e-05,0.0,2.60835e-05,0.000221576,2.55062e-05,0.000120346,6.40866e-05,0.00197483,0.0,0.0,8.23213e-06,0.0
0.0,0.0,5.45951e-06,0.000487939,0.0,4.84213e-05,6.59325e-05,0.0,0.000646936,0.0,9.48593e-06,1.72288e-06,0.0,6.12688e-07,4.16981e-06,0.0,1.48302e-06,2.90435e-06,0.0,2.82278e-06,1.6993e-06,1.42476e-05,9.16948e-07,7.91406e-05,0.0,0.0,0.0,0.0,1.26372e-05,0.000778842,3.94934e-06,0.000375756,0.00456326,8.5807e-05,8.77184e-06,0.000488354,7.94808e-07,4.44028e-05,1.52937e-05,6.03934e-07,3.99467e-05,2.92101e-05,3.04625e-07,1.55628e-05,1.76783e-06,0.000717779,0.000114034,0.0,0.000484899,8.92504e-05,2.90414e-06,1.25338e-07,0.000242456,0.00640116,8.01021e-06,0.000174873,0.0,0.000502982,0.0,7.16796e-07,2.80544e-06,0.0,3.71426e-07,0.000110302,0.0,0.000272679,0.000180719,7.58078e-06,2.66014e-05,4.23241e-06,0.000132757,1.15208e-05,4.75222e-05,0.0,0.0,5.30997e-07,6.20265e-05,0.000186212,0.000239315,0.0,0.0,0.0,5.40721e-05,6.31714e-05,0.000387089,4.52777e-05,0.000108936,0.000324231,0.000216109,0.000344878,0.000164457,5.25296e-07,5.46251e-07,0.0,0.000209496,0.000127461,2.26263e-05,0.00112634,0.000598788,0.00180451,3.1647e-05,6.27145e-05,1.37054e-05,0.0,2.6103e-05,0.000220959,2.48912e-05,0.000119759,6.43767e-05,0.00197216,0.0,0.0,9.11563e-06,0.0
0.0,0.0,4.87972e-06,0.000487986,0.0,4.86722e-05,6.61786e-05,0.0,0.00064828,0.0,8.25336e-06,1.43558e-06,0.0,3.06902e-07,3.87196e-06,0.0,1.49164e-06,3.1926e-06,0.0,2.82278e-06,1.6993e-06,1.37187e-05,1.52854e-06,7.88506e-05,0.0,0.0,0.0,0.0,1.41143e-05,0.000777133,3.65063e-06,0.000373608,0.00456419,8.76528e-05,9.60763e-06,0.000487467,1.85499e-06,4.25758e-05,1.49876e-05,6.03934e-07,3.9948e-05,2.95104e-05,0.0,1.61556e-05,2.05048e-06,0.000717368,0.000114034,0.0,0.000485102,8.95977e-05,2.90414e-06,0.0,0.000242661,0.00640164,7.3052e-06,0.000174665,0.0,0.000502235,0.0,5.37597e-07,2.80544e-06,0.0,3.71426e-07,0.000109935,0.0,0.000272475,0.000180719,7.58078e-06,2.67811e-05,4.57972e-06,0.000132547,1.07084e-05,4.75222e-05,0.0,0.0,5.30997e-07,6.18122e-05,0.000185991,0.000238582,0.0,0.0,2.2e-07,5.45091e-05,6.34076e-05,0.000385051,4.55139e-05,0.00010916,0.000323542,0.000213518,0.000345547,0.000163968,2.62648e-07,2.73126e-07,2.61247e-07,0.000208229,0.000127765,2.2926e-05,0.00112789,0.000595375,0.00180239,3.01158e-05,6.03811e-05,1.3103e-05,0.0,2.49087e-05,0.000220971,2.55056e-05,0.000120949,6.40822e-05,0.00197627,0.0,0.0,8.82059e-06,0.0
0.0,0.0,5.7381e-06,0.000485249,0.0,4.84213e-05,6.59217e-05,0.0,0.000647176,9.0379e-07,7.33504e-06,1.43654e-06,0.0,6.12688e-07,4.16981e-06,0.0,5.96343e-07,2.88966e-06,0.0,2.82278e-06,1.6993e-06,1.39694e-05,9.16948e-07,7.8373e-05,0.0,0.0,0.0,0.0,1.29926e-05,0.000774163,3.03255e-06,0.000371282,0.00456541,8.67299e-05,8.21811e-06,0.000486238,1.05884e-06,4.28744e-05,1.74435e-05,3.01967e-07,3.93497e-05,2.83068e-05,3.04625e-07,1.58625e-05,1.47689e-06,0.000717989,0.000114231,0.0,0.000484899,8.99517e-05,2.90643e-06,0.0,0.000242648,0.0064025,7.54297e-06,0.000174665,0.0,0.000503467,0.0,5.37597e-07,2.80544e-06,0.0,3.71426e-07,0.00011012,0.0,0.000272886,0.000180719,7.58078e-06,2.69022e-05,4.23241e-06,0.000132968,1.1571e-05,4.77307e-05,0.0,2.34458e-07,5.30997e-07,6.1596e-05,0.000186434,0.000240624,0.0,0.0,2.2e-07,5.34224e-05,6.34076e-05,0.00038658,4.5276e-05,0.000109167,0.000323775,0.000214321,0.00034534,0.00016319,5.31998e-07,2.73126e-07,0.0,0.000207677,0.000128071,2.1436e-05,0.00112752,0.000596353,0.0018,3.13431e-05,6.18287e-05,1.43066e-05,0.0,2.72932e-05,0.000219436,2.5199e-05,0.000119747,6.35076e-05,0.00196882,0.0,0.0,8.8214e-06,0.0
0.0,0.0,4.58034e-06,0.000488142,0.0,4.84213e-05,6.59325e-05,0.0,0.000648905,0.0,9.48193e-06,1.43558e-06,0.0,9.19932e-07,4.16981e-06,0.0,1.2011e-06,2.90435e-06,0.0,2.5405e-06,1.6993e-06,1.42523e-05,9.16948e-07,7.65429e-05,0.0,0.0,0.0,0.0,1.36549e-05,0.000777954,4.25493e-06,0.000374881,0.00456388,8.58069e-05,1.04684e-05,0.000486853,1.58826e-06,4.34918e-05,1.62137e-05,6.03934e-07,4.02452e-05,2.89086e-05,0.0,1.58571e-05,1.76037e-06,0.00071716,0.000114034,0.0,0.000484699,8.97814e-05,2.90414e-06,0.0,0.000243114,0.00640187,7.78247e-06,0.000174665,0.0,0.000502273,0.0,7.16796e-07,2.80544e-06,0.0,3.71426e-07,0.000109745,0.0,0.000272268,0.000180719,7.58078e-06,2.64687e-05,4.25488e-06,0.000132547,1.12532e-05,4.77307e-05,0.0,0.0,5.30997e-07,6.22427e-05,0.000186212,0.000240376,0.0,0.0,0.0,5.45263e-05,6.33988e-05,0.000387899,4.52777e-05,0.000108696,0.000323766,0.000213352,0.000345356,0.000163698,5.25296e-07,2.73126e-07,2.61247e-07,0.000208199,0.00012685,2.26251e-05,0.00112938,0.000601194,0.00180355,3.10311e-05,6.24213e-05,1.34034e-05,0.0,2.55048e-05,0.000223104,2.55056e-05,0.00011975,6.4084e-05,0.00197458,0.0,0.0,9.11561e-06,0.0
0.0,0.0,5.45951e-06,0.000486146,0.0,4.86722e-05,6.6428e-05,0.0,0.000646503,3.00901e-07,7.33436e-06,1.72288e-06,0.0,3.07655e-07,4.16981e-06,0.0,2.38692e-06,3.1926e-06,0.0,2.82278e-06,1.6993e-06,1.3977e-05,1.22289e-06,7.86468e-05,0.0,0.0,2.92631e-07,0.0,1.45469e-05,0.000778586,2.423e-06,0.000374666,0.00456388,8.73453e-05,8.76764e-06,0.000487451,1.05884e-06,4.41045e-05,1.49862e-05,6.03934e-07,3.99454e-05,2.89086e-05,3.04625e-07,1.58613e-05,2.3464e-06,0.000717781,0.000114034,0.0,0.000485302,8.94207e-05,2.90414e-06,0.0,0.000242223,0.00640146,7.06508e-06,0.000174873,0.0,0.000502745,0.0,5.37597e-07,2.80544e-06,0.0,3.71426e-07,0.000109937,0.0,0.000272886,0.000180719,7.58078e-06,2.70863e-05,4.57972e-06,0.000132759,1.10968e-05,4.75222e-05,0.0,2.34458e-07,3.53998e-07,6.1596e-05,0.000185991,0.000237687,0.0,0.0,2.2e-07,5.45232e-05,6.342e-05,0.000385636,4.55139e-05,0.000108934,0.000324006,0.000214776,0.00034628,0.000162655,2.62648e-07,2.73126e-07,0.0,0.000209273,0.000128376,2.23318e-05,0.00112454,0.000593878,0.0017991,3.07362e-05,6.21401e-05,1.37084e-05,0.0,2.66823e-05,0.000220963,2.48912e-05,0.00011913,6.46629e-05,0.00197238,0.0,0.0,7.93711e-06,0.0
0.0,0.0,5.73341e-06,0.000490885,0.0,4.84213e-05,6.56756e-05,0.0,0.000650726,3.00901e-07,8.56115e-06,1.43654e-06,0.0,6.12688e-07,3.87196e-06,0.0,1.19122e-06,2.90529e-06,0.0,2.82278e-06,1.6993e-06,1.42574e-05,9.16948e-07,7.85869e-05,0.0,0.0,0.0,0.0,1.32615e-05,0.000774472,3.33972e-06,0.000373096,0.00456358,8.70374e-05,8.20437e-06,0.000488359,1.58826e-06,4.40977e-05,1.71355e-05,6.03934e-07,3.96502e-05,2.92095e-05,0.0,1.58564e-05,1.17599e-06,0.000717989,0.000114034,0.0,0.000484897,8.99539e-05,3.06765e-06,1.25338e-07,0.000243108,0.00640307,7.07022e-06,0.000174457,0.0,0.000502512,0.0,7.16796e-07,2.80544e-06,0.0,5.57138e-07,0.000109935,0.0,0.000272475,0.000180719,7.58078e-06,2.67762e-05,4.40272e-06,0.000132339,1.16341e-05,4.77307e-05,0.0,0.0,5.30997e-07,6.18122e-05,0.000186214,0.000239439,0.0,0.0,3.64796e-07,5.40883e-05,6.31714e-05,0.000388218,4.52743e-05,0.000109167,0.000323538,0.000212757,0.000344623,0.000162684,5.25296e-07,2.73126e-07,2.61247e-07,0.000207965,0.000127459,2.23299e-05,0.00112815,0.000598466,0.00180179,3.04227e-05,6.18242e-05,1.31049e-05,0.0,2.49331e-05,0.000220657,2.55056e-05,0.000121264,6.40884e-05,0.00197693,0.0,0.0,8.52796e-06,0.0
0.0,0.0,4.58472e-06,0.000485917,0.0,4.84213e-05,6.61786e-05,0.0,0.000646793,9.04312e-07,8.25124e-06,1.43558e-06,0.0,6.13371e-07,4.16981e-06,0.0,8.88097e-07,2.60141e-06,0.0,2.82278e-06,1.97242e-06,1.37026e-05,9.16948e-07,7.88814e-05,0.0,0.0,0.0,0.0,1.44922e-05,0.000776793,4.26685e-06,0.000374764,0.0045657,8.73454e-05,9.33858e-06,0.000486848,1.05884e-06,4.28759e-05,1.49863e-05,6.03934e-07,3.99467e-05,2.83074e-05,3.04625e-07,1.61574e-05,1.47689e-06,0.000717574,0.000114034,0.0,0.000485102,8.95955e-05,2.74293e-06,0.0,0.000242432,0.00639956,8.26806e-06,0.000174873,0.0,0.000503198,0.0,5.37597e-07,2.80544e-06,0.0,3.71426e-07,0.00011012,0.0,0.000272886,0.000180719,7.58078e-06,2.67341e-05,4.2505e-06,0.000132968,1.14262e-05,4.75222e-05,0.0,2.34458e-07,5.30997e-07,6.20265e-05,0.000186212,0.000241234,0.0,0.0,0.0,5.42921e-05,6.33988e-05,0.000384877,4.57535e-05,0.000108929,0.000323547,0.000213008,0.000346061,0.000165475,2.62648e-07,2.73126e-07,0.0,0.00020689,0.000127765,2.20309e-05,0.00112632,0.000598143,0.00180177,3.10402e-05,6.12618e-05,1.40068e-05,0.0,2.54985e-05,0.000220966,2.55062e-05,0.000119444,6.38031e-05,0.00196885,0.0,0.0,8.82138e-06,0.0
0.0,0.0,5.16013e-06,0.000487268,0.0,4.86722e-05,6.56756e-05,0.0,0.000647764,0.0,8.56591e-06,1.43558e-06,0.0,6.12688e-07,4.16981e-06,0.0,2.08527e-06,2.90435e-06,0.0,2.82278e-06,1.6993e-06,1.39792e-05,9.16948e-07,7.75947e-05,0.0,0.0,0.0,0.0,1.42524e-05,0.000778267,3.34398e-06,0.000374627,0.00456695,8.67295e-05,8.49331e-06,0.000487148,1.32423e-06,4.31815e-05,1.59072e-05,6.03934e-07,3.9946e-05,2.92095e-05,3.04625e-07,1.61592e-05,2.0488e-06,0.000717779,0.000114231,0.0,0.000484901,8.96044e-05,2.90414e-06,0.0,0.000242883,0.00640346,7.54638e-06,0.000174873,0.0,0.00050229,0.0,5.37597e-07,2.80544e-06,0.0,3.71426e-07,0.000110116,0.0,0.000272268,0.000180719,7.58078e-06,2.66368e-05,4.23241e-06,0.000132547,1.11477e-05,4.75222e-05,0.0,0.0,5.30997e-07,6.20246e-05,0.000185991,0.000239334,0.0,0.0,2.2e-07,5.48976e-05,6.34076e-05,0.000385587,4.52794e-05,0.000108927,0.000323998,0.000212051,0.000345809,0.000162699,5.25296e-07,2.73126e-07,0.0,0.000208988,0.000127768,2.20325e-05,0.00112581,0.00059816,0.00180271,3.04231e-05,6.09673e-05,1.31043e-05,0.0,2.69784e-05,0.000221267,2.51983e-05,0.000119154,6.43695e-05,0.00197244,0.0,0.0,8.8214e-06,0.0
0.0,0.0,4.88908e-06,0.000485145,0.0,4.84213e-05,6.6428e-05,0.0,0.000650338,6.02346e-07,8.86924e-06,1.72385e-06,0.0,3.06219e-07,4.16981e-06,0.0,5.96298e-07,2.90435e-06,0.0,2.5405e-06,1.6993e-06,1.42488e-05,1.52854e-06,7.83624e-05,0.0,0.0,0.0,0.0,1.47792e-05,0.000776534,3.6431e-06,0.000374674,0.00456266,8.64225e-05,1.01978e-05,0.000486866,1.32287e-06,4.31851e-05,1.56003e-05,6.03934e-07,4.02445e-05,2.89097e-05,0.0,1.61562e-05,1.76206e-06,0.000717368,0.000114231,0.0,0.000484897,8.97747e-05,3.06765e-06,0.0,0.000242663,0.00640305,8.02979e-06,0.000174457,0.0,0.00050292,0.0,7.16796e-07,2.80544e-06,0.0,3.71426e-07,0.000109745,0.0,0.000272681,0.000180719,7.58078e-06,2.70881e-05,4.41379e-06,0.000132547,1.15427e-05,4.77307e-05,0.0,0.0,3.53998e-07,6.1596e-05,0.000186434,0.00023799,0.0,0.0,2.2e-07,5.51781e-05,6.31714e-05,0.000388003,4.55122e-05,0.000109401,0.000323542,0.000215087,0.000345108,0.000164474,2.62648e-07,5.46251e-07,2.61247e-07,0.000208497,0.000128068,2.29319e-05,0.00112907,0.000595991,0.00180089,3.13441e-05,6.24263e-05,1.43023e-05,0.0,2.60997e-05,0.000220962,2.5199e-05,0.000121843,6.40813e-05,0.00197452,0.0,0.0,8.52714e-06,0.0
0.0,0.0,5.17316e-06,0.000485905,0.0,4.86722e-05,6.59325e-05,0.0,0.000644345,3.01445e-07,7.63913e-06,1.43558e-06,0.0,3.06469e-07,3.87196e-06,0.0,1.48216e-06,3.1926e-06,0.0,2.82278e-06,1.6993e-06,1.39805e-05,9.16948e-07,7.93954e-05,0.0,0.0,2.92631e-07,0.0,1.35135e-05,0.000775034,3.65152e-06,0.000374049,0.00456386,8.73449e-05,8.48445e-06,0.000488364,1.32423e-06,4.31869e-05,1.65228e-05,6.03934e-07,3.93497e-05,2.92095e-05,3.04625e-07,1.58613e-05,1.47689e-06,0.00071737,0.000114034,0.0,0.000484899,8.99584e-05,2.90414e-06,1.25338e-07,0.000242669,0.00640052,7.29523e-06,0.000174457,0.0,0.000503439,0.0,5.37597e-07,2.80544e-06,0.0,3.71426e-07,0.00011012,0.0,0.000272679,0.000180932,7.58078e-06,2.66368e-05,4.73862e-06,0.000132968,1.11504e-05,4.77307e-05,0.0,2.34458e-07,5.30997e-07,6.22427e-05,0.000185771,0.000240614,0.0,0.0,0.0,5.42591e-05,6.27149e-05,0.000386304,4.50398e-05,0.000108465,0.000324006,0.00021427,0.000344599,0.000162915,5.25296e-07,2.73126e-07,0.0,0.000207665,0.000127767,2.20256e-05,0.00112723,0.000598788,0.00180051,3.04259e-05,6.327e-05,1.40068e-05,0.0,2.40393e-05,0.000220961,2.51985e-05,0.000119145,6.46676e-05,0.00197459,0.0,0.0,8.8214e-06,0.0
0.0,0.0,5.44604e-06,0.00049037,0.0,4.84213e-05,6.59217e-05,0.0,0.000649491,0.0,8.25309e-06,1.43558e-06,0.0,9.19932e-07,4.16981e-06,0.0,1.48911e-06,2.88966e-06,0.0,2.82278e-06,2.0027e-06,1.3704e-05,9.16948e-07,7.576e-05,0.0,0.0,0.0,0.0,1.32722e-05,0.000778286,3.0369e-06,0.000372812,0.00456143,8.61146e-05,8.77314e-06,0.000485631,1.32287e-06,4.37928e-05,1.65196e-05,6.03934e-07,4.02452e-05,2.89086e-05,0.0,1.58571e-05,2.0488e-06,0.000717983,0.000114034,0.0,0.000485102,8.94252e-05,2.90414e-06,0.0,0.000242885,0.00640167,7.06707e-06,0.000174873,0.0,0.000502283,0.0,5.37597e-07,2.80544e-06,0.0,3.71426e-07,0.000109935,0.0,0.000272475,0.000180293,7.58078e-06,2.64687e-05,4.0735e-06,0.000132547,1.1475e-05,4.75222e-05,0.0,0.0,5.30997e-07,6.13798e-05,0.000186212,0.000240921,0.0,0.0,2.2e-07,5.44975e-05,6.38711e-05,0.000385821,4.55139e-05,0.000109405,0.000323078,0.000213811,0.000346068,0.000162926,2.62648e-07,5.46251e-07,2.61247e-07,0.000209011,0.000127462,2.23305e-05,0.00112637,0.000597231,0.00180273,3.16424e-05,6.09727e-05,1.25093e-05,0.0,2.72625e-05,0.00022097,2.55061e-05,0.000118865,6.37913e-05,0.00197365,0.0,0.0,7.93868e-06,0.0
0.0,0.0,5.73904e-06,0.00048545,0.0,4.84213e-05,6.59325e-05,0.0,0.000648549,6.01801e-07,8.56803e-06,1.43654e-06,0.0,0.0,4.16981e-06,0.0,1.18955e-06,2.61704e-06,0.0,2.82278e-06,1.6993e-06,1.45243e-05,1.22289e-06,8.04107e-05,0.0,0.0,0.0,0.0,1.29562e-05,0.000777715,3.94747e-06,0.000373336,0.00456694,8.76527e-05,8.77627e-06,0.000487757,1.32559e-06,4.25745e-05,1.59106e-05,6.03934e-07,3.96475e-05,2.89086e-05,3.04625e-07,1.55622e-05,1.47689e-06,0.000717991,0.000114034,0.0,0.000485102,8.95977e-05,2.90414e-06,0.0,0.000242661,0.00640246,8.75185e-06,0.000174457,0.0,0.000502753,0.0,7.16796e-07,3.00583e-06,0.0,3.71426e-07,0.00011012,0.0,0.000272886,0.000180719,7.58078e-06,2.70398e-05,4.57972e-06,0.000132759,1.07573e-05,4.77307e-05,0.0,2.34458e-07,5.30997e-07,6.20284e-05,0.000186434,0.000239411,0.0,0.0,2.2e-07,5.53678e-05,6.31714e-05,0.000385908,4.55139e-05,0.000108927,0.000324691,0.00021436,0.000345333,0.000162676,5.25296e-07,2.73126e-07,0.0,0.000207944,0.000127456,2.26316e-05,0.00112911,0.000598171,0.0018036,3.04271e-05,6.06754e-05,1.40068e-05,0.0,2.69814e-05,0.00022035,2.55057e-05,0.000120638,6.38003e-05,0.00197328,0.0,0.0,9.11563e-06,0.0
0.0,0.0,5.15837e-06,0.000489221,0.0,4.86722e-05,6.6428e-05,0.0,0.000647839,3.01967e-07,7.02409e-06,1.43558e-06,0.0,9.1959e-07,4.16981e-06,0.0,1.48851e-06,2.90435e-06,0.0,2.5405e-06,1.6993e-06,1.42485e-05,9.16948e-07,7.8133e-05,0.0,0.0,0.0,0.0,1.37576e-05,0.000777966,3.04104e-06,0.000375692,0.00456358,8.61149e-05,9.05397e-06,0.00048806,1.5896e-06,4.37868e-05,1.652e-05,3.01967e-07,3.9948e-05,2.89086e-05,0.0,1.61556e-05,2.06653e-06,0.000717366,0.000114231,0.0,0.000484699,8.97747e-05,3.06765e-06,0.0,0.000242648,0.00640114,7.78557e-06,0.000174873,0.0,0.000503194,0.0,5.37597e-07,2.80544e-06,0.0,3.71426e-07,0.000109751,0.0,0.000272475,0.000180932,7.58078e-06,2.66435e-05,4.40272e-06,0.000132339,1.14382e-05,4.75222e-05,0.0,0.0,5.30997e-07,6.20265e-05,0.000185991,0.00023895,0.0,0.0,0.0,5.40803e-05,6.31714e-05,0.000387365,4.50398e-05,0.000108696,0.000323084,0.000212999,0.000345608,0.000164226,2.62648e-07,2.73126e-07,0.0,0.00020822,0.000127461,2.26257e-05,0.00112602,0.000596965,0.00180424,3.07307e-05,6.27183e-05,1.37006e-05,0.0,2.55206e-05,0.000222798,2.51983e-05,0.000119751,6.40885e-05,0.00196951,0.0,0.0,9.11403e-06,0.0
0.0,0.0,4.30357e-06,0.000486995,0.0,4.84213e-05,6.56756e-05,0.0,0.000648331,6.02346e-07,8.56122e-06,1.43654e-06,0.0,3.06469e-07,3.87196e-06,0.0,1.49164e-06,2.88966e-06,0.0,2.82278e-06,1.97242e-06,1.31601e-05,9.16948e-07,7.78248e-05,0.0,0.0,0.0,0.0,1.3557e-05,0.000775077,3.64683e-06,0.000372801,0.00456479,8.70373e-05,9.627e-06,0.000486846,1.32423e-06,4.22725e-05,1.56001e-05,6.03934e-07,3.99467e-05,2.89086e-05,3.04625e-07,1.61574e-05,2.05875e-06,0.000717572,0.000114034,0.0,0.000485099,9.01309e-05,2.90414e-06,0.0,0.000242454,0.00640213,7.55104e-06,0.000174873,0.0,0.000501841,0.0,5.37597e-07,2.80544e-06,0.0,3.71426e-07,0.00010993,0.0,0.000272679,0.000180719,7.58078e-06,2.69133e-05,4.25488e-06,0.000132968,1.15539e-05,4.75222e-05,0.0,2.34458e-07,3.53998e-07,6.18122e-05,0.000186212,0.000239476,0.0,0.0,2.2e-07,5.45144e-05,6.33988e-05,0.000384905,4.57535e-05,0.000109167,0.000324233,0.000214017,0.000346764,0.000164461,5.25296e-07,2.73126e-07,2.61247e-07,0.000208219,0.000128071,2.17352e-05,0.00112637,0.000599629,0.00179662,3.07299e-05,6.29878e-05,1.34063e-05,0.0,2.55146e-05,0.000219747,2.48912e-05,0.000121851,6.46568e-05,0.00197745,0.0,0.0,8.52874e-06,0.0
0.0,0.0,5.1607e-06,0.000483482,0.0,4.84213e-05,6.61786e-05,0.0,0.000646257,3.01445e-07,7.03447e-06,1.72288e-06,0.0,1.22724e-06,4.16981e-06,0.0,1.19183e-06,2.90435e-06,0.0,2.82278e-06,1.6993e-06,1.42536e-05,1.2226e-06,7.86138e-05,0.0,0.0,0.0,0.0,1.3463e-05,0.000776176,3.65054e-06,0.000373152,0.00456449,8.673e-05,8.75457e-06,0.000486828,1.32287e-06,4.37867e-05,1.52953e-05,6.03934e-07,3.9946e-05,2.86083e-05,0.0,1.55622e-05,1.76037e-06,0.000717773,0.000114034,0.0,0.000484699,8.94274e-05,2.74293e-06,1.25338e-07,0.000242883,0.00640219,7.30965e-06,0.000174457,0.0,0.000503449,0.0,7.16796e-07,2.80544e-06,0.0,3.71426e-07,0.000110116,0.0,0.000272475,0.000180507,7.58078e-06,2.69071e-05,4.4094e-06,0.000132547,1.11041e-05,4.75222e-05,0.0,0.0,5.30997e-07,6.1596e-05,0.000186212,0.000238623,0.0,0.0,2.2e-07,5.40748e-05,6.31838e-05,0.000388691,4.55122e-05,0.000108929,0.000324002,0.000213009,0.000344598,0.00016216,2.62648e-07,2.73126e-07,0.0,0.000209271,0.000127153,2.23259e-05,0.00112963,0.000596319,0.00180694,3.10413e-05,6.03641e-05,1.37061e-05,0.0,2.5798e-05,0.000221877,2.55061e-05,0.000118851,6.32203e-05,0.00197089,0.0,0.0,8.8198e-06,0.0
0.0,0.0,6.32047e-06,0.00048821,0.0,4.86722e-05,6.56756e-05,0.0,0.000648081,3.00901e-07,9.48141e-06,1.43558e-06,0.0,3.06219e-07,4.16981e-06,0.0,1.48974e-06,3.1926e-06,0.0,2.82278e-06,1.6993e-06,1.39783e-05,1.22289e-06,7.7347e-05,0.0,0.0,2.92631e-07,0.0,1.40633e-05,0.000777103,5.12417e-06,0.000374612,0.00456327,8.70374e-05,8.78057e-06,0.000487761,1.32423e-06,4.2882e-05,1.74419e-05,6.03934e-07,4.02445e-05,2.92095e-05,3.04625e-07,1.61556e-05,1.47689e-06,0.000717366,0.000114034,0.0,0.0004853,8.99539e-05,3.06765e-06,0.0,0.000242648,0.00640114,7.5431e-06,0.000174873,0.0,0.00050248,0.0,5.37597e-07,2.80544e-06,0.0,3.71426e-07,0.00011012,0.0,0.000272886,0.000180719,7.58078e-06,2.67762e-05,4.23241e-06,0.000132968,1.14245e-05,4.79391e-05,0.0,0.0,5.30997e-07,6.18103e-05,0.000186212,0.000239756,0.0,0.0,0.0,5.47379e-05,6.33988e-05,0.000384855,4.50415e-05,0.000109167,0.000323771,0.000214054,0.000344877,0.000163951,2.62648e-07,2.73126e-07,2.61247e-07,0.00020874,0.000128683,2.20361e-05,0.00112606,0.000594851,0.00179998,3.01202e-05,6.33172e-05,1.40026e-05,0.0,2.55137e-05,0.000220963,2.51985e-05,0.000120059,6.46631e-05,0.00197462,0.0,0.0,8.23451e-06,0.0
0.0,0.0,4.31299e-06,0.000487714,0.0,4.84213e-05,6.6428e-05,0.0,0.00064844,3.01445e-07,8.8666e-06,1.43654e-06,0.0,3.06469e-07,4.16981e-06,0.0,1.19122e-06,2.90435e-06,0.0,2.5405e-06,1.6993e-06,1.47959e-05,9.16948e-07,7.88676e-05,0.0,0.0,0.0,0.0,1.28776e-05,0.000776235,3.94726e-06,0.00037431,0.0045651,8.7653e-05,9.05829e-06,0.000487465,1.05884e-06,4.40924e-05,1.62144e-05,6.03934e-07,3.93511e-05,2.89092e-05,6.08864e-07,1.58607e-05,2.05048e-06,0.000717985,0.000114034,0.0,0.000485104,8.95955e-05,2.90414e-06,0.0,0.000242672,0.0064015,7.29368e-06,0.000174665,0.0,0.000503886,0.0,5.37597e-07,2.80544e-06,0.0,3.71426e-07,0.000109935,0.0,0.000272268,0.000180932,7.58078e-06,2.69071e-05,4.57972e-06,0.000132547,1.09547e-05,4.75222e-05,0.0,2.34458e-07,5.30997e-07,6.20284e-05,0.000185992,0.000242545,0.0,0.0,3.69548e-07,5.51659e-05,6.31714e-05,0.000385877,4.52777e-05,0.000109167,0.000323775,0.000214368,0.000345562,0.000163724,5.25296e-07,2.73126e-07,0.0,0.00020716,0.000127156,2.29235e-05,0.00112547,0.000600246,0.00180424,3.19516e-05,6.12573e-05,1.31093e-05,0.0,2.69751e-05,0.000221572,2.55056e-05,0.000122438,6.37913e-05,0.00197509,0.0,0.0,9.11403e-06,0.0
0.0,0.0,5.44987e-06,0.000489774,0.0,4.84213e-05,6.59325e-05,0.0,0.000650732,3.00901e-07,7.95627e-06,1.43558e-06,0.0,9.19932e-07,3.87196e-06,0.0,1.48444e-06,2.60141e-06,0.0,2.82278e-06,1.6993e-06,1.34346e-05,9.16948e-07,7.80794e-05,0.0,0.0,0.0,0.0,1.26619e-05,0.000775628,3.95442e-06,0.000374872,0.00456693,8.58068e-05,9.33866e-06,0.000485655,1.32423e-06,4.25765e-05,1.49862e-05,6.03934e-07,3.99473e-05,2.89081e-05,0.0,1.61568e-05,1.76783e-06,0.000717785,0.000114231,0.0,0.000484699,8.96044e-05,2.90414e-06,0.0,0.000242432,0.00640247,7.55417e-06,0.000174457,0.0,0.000502255,0.0,7.16796e-07,2.80544e-06,0.0,3.71426e-07,0.000109939,0.0,0.000272681,0.000180719,7.58078e-06,2.66014e-05,4.0735e-06,0.000132549,1.14952e-05,4.75222e-05,0.0,0.0,5.30997e-07,6.13798e-05,0.000186212,0.000237404,0.0,0.0,3.64796e-07,5.30031e-05,6.3635e-05,0.000388178,4.57483e-05,0.000108927,0.000323542,0.000211966,0.000345123,0.00016267,2.62648e-07,2.73126e-07,2.61247e-07,0.000207934,0.00012746,2.20304e-05,0.00113023,0.000596608,0.00179994,3.04199e-05,6.23939e-05,1.37054e-05,0.0,2.60978e-05,0.000219438,2.51985e-05,0.000119453,6.43758e-05,0.00197033,0.0,0.0,8.23372e-06,0.0
0.0,0.0,5.74302e-06,0.000484586,0.0,4.86722e-05,6.59217e-05,0.0,0.000645837,6.02867e-07,7.32833e-06,1.72288e-06,0.0,0.0,4.16981e-06,0.0,5.95598e-07,2.90529e-06,0.0,2.82278e-06,1.6993e-06,1.45216e-05,9.16948e-07,7.81247e-05,0.0,0.0,0.0,0.0,1.35951e-05,0.000776497,4.55777e-06,0.000373709,0.00456328,8.64223e-05,8.20315e-06,0.000488952,1.05884e-06,4.40965e-05,1.62142e-05,6.03934e-07,3.99467e-05,2.83063e-05,3.04625e-07,1.58613e-05,1.17599e-06,0.000717783,0.000114034,0.0,0.000484897,8.96e-05,2.90643e-06,0.0,0.000243122,0.00640193,8.50397e-06,0.000174873,0.0,0.000502737,0.0,5.37597e-07,2.80544e-06,0.0,5.57138e-07,0.000109926,0.0,0.000272679,0.000180507,7.58078e-06,2.68227e-05,4.7611e-06,0.000132757,1.1297e-05,4.77307e-05,0.0,2.34458e-07,3.53998e-07,6.22446e-05,0.000186212,0.000240687,0.0,0.0,0.0,5.56158e-05,6.36438e-05,0.000385136,4.52777e-05,0.000108936,0.000323769,0.000213496,0.000345548,0.000163935,5.25296e-07,2.73126e-07,0.0,0.000209535,0.000128375,2.20308e-05,0.00112279,0.000600303,0.00179934,3.07329e-05,6.04049e-05,1.34034e-05,0.0,2.61032e-05,0.000223102,2.5199e-05,0.000118849,6.40893e-05,0.00197267,0.0,0.0,9.11482e-06,0.0
0.0,0.0,4.88254e-06,0.000486596,0.0,4.84213e-05,6.59325e-05,0.0,0.000647452,6.02346e-07,9.48282e-06,1.43654e-06,0.0,9.1959e-07,4.16981e-06,0.0,1.48466e-06,3.1926e-06,0.0,2.82278e-06,1.6993e-06,1.34359e-05,1.22289e-06,7.8876e-05,0.0,0.0,0.0,0.0,1.5844e-05,0.000777103,4.26148e-06,0.000374766,0.00456326,8.70374e-05,8.78573e-06,0.000486852,1.58826e-06,4.22667e-05,1.49857e-05,6.03934e-07,3.99454e-05,2.98124e-05,0.0,1.58571e-05,2.05875e-06,0.00071757,0.000114034,0.0,0.000484899,9.01331e-05,2.90414e-06,1.25338e-07,0.000242432,0.00640107,6.81946e-06,0.000174873,0.0,0.000502277,0.0,5.37597e-07,2.80544e-06,0.0,3.71426e-07,0.00011012,0.0,0.000272475,0.000180932,7.82532e-06,2.69022e-05,4.40272e-06,0.000132549,1.10121e-05,4.75222e-05,0.0,0.0,5.30997e-07,6.20226e-05,0.000186212,0.000239337,0.0,0.0,2.2e-07,5.34011e-05,6.24787e-05,0.000387774,4.5276e-05,0.000108696,0.000324007,0.000215634,0.000346301,0.000164213,5.31998e-07,2.73126e-07,0.0,0.00020875,0.000127461,2.26263e-05,0.00113057,0.000597249,0.00180336,3.07311e-05,6.09683e-05,1.40055e-05,0.0,2.63908e-05,0.000219431,2.51983e-05,0.000120347,6.43756e-05,0.00197429,0.0,0.0,8.23372e-06,0.0
0.0,0.0,5.44078e-06,0.000488997,0.0,4.86722e-05,6.6428e-05,0.0,0.000648916,3.01445e-07,8.26101e-06,1.43558e-06,0.0,3.06469e-07,4.16981e-06,0.0,1.19448e-06,2.90435e-06,0.0,2.5405e-06,1.97242e-06,1.37026e-05,9.16948e-07,7.80873e-05,0.0,0.0,0.0,0.0,1.42007e-05,0.000775934,3.33767e-06,0.000372826,0.00456602,8.70374e-05,9.04419e-06,0.000486559,1.05884e-06,4.37919e-05,1.68281e-05,6.03934e-07,3.96502e-05,2.89086e-05,3.04625e-07,1.58564e-05,1.76508e-06,0.000717574,0.000114034,0.0,0.000485102,8.95955e-05,2.90414e-06,0.0,0.000242661,0.00640244,8.2976e-06,0.000174873,0.0,0.000503417,0.0,7.16796e-07,2.80544e-06,0.0,3.71426e-07,0.000109935,0.0,0.000272679,0.000180719,7.58078e-06,2.64687e-05,4.0735e-06,0.000132757,1.20427e-05,4.75222e-05,0.0,2.34458e-07,5.30997e-07,6.1596e-05,0.000185992,0.000239459,0.0,0.0,2.2e-07,5.53922e-05,6.3635e-05,0.000385593,4.52777e-05,0.000108927,0.000323306,0.000214285,0.000344853,0.000163199,5.25296e-07,2.73126e-07,2.61247e-07,0.000207957,0.000128071,2.20304e-05,0.00112335,0.00059901,0.00180722,3.07347e-05,6.2689e-05,1.3706e-05,0.0,2.57906e-05,0.000222802,2.48912e-05,0.000120356,6.49549e-05,0.00197238,0.0,0.0,8.82138e-06,0.0
0.0,0.0,4.87566e-06,0.000485051,0.0,4.84213e-05,6.56756e-05,0.0,0.00064719,0.0,7.64422e-06,1.43558e-06,0.0,6.12688e-07,3.87196e-06,0.0,2.09205e-06,2.88966e-06,0.0,2.82278e-06,1.6993e-06,1.39792e-05,1.2226e-06,7.73176e-05,0.0,0.0,2.92631e-07,0.0,1.14126e-05,0.000777741,3.03678e-06,0.000373334,0.00456205,8.73453e-05,9.89121e-06,0.000487443,1.58826e-06,4.28799e-05,1.59063e-05,6.03934e-07,3.9946e-05,2.89091e-05,0.0,1.64595e-05,1.76783e-06,0.000717783,0.000114034,0.0,0.000484703,8.94274e-05,2.90414e-06,0.0,0.000242661,0.00640252,7.52627e-06,0.000174457,0.0,0.000502785,0.0,5.37597e-07,2.80544e-06,0.0,3.71426e-07,0.000110118,0.0,0.000272681,0.000180719,7.58078e-06,2.67695e-05,4.4094e-06,0.000132757,1.07793e-05,4.79391e-05,0.0,0.0,5.30997e-07,6.20284e-05,0.000186212,0.000240313,0.0,0.0,0.0,5.3835e-05,6.31714e-05,0.000387639,4.57535e-05,0.000109174,0.000323775,0.000213602,0.000346568,0.000163165,2.62648e-07,2.73126e-07,0.0,0.000207681,0.00012746,2.29306e-05,0.00112842,0.000593637,0.00179537,3.10329e-05,6.27038e-05,1.34084e-05,0.0,2.49242e-05,0.000219742,2.64283e-05,0.000120653,6.32194e-05,0.00197391,0.0,0.0,8.52717e-06,0.0
0.0,0.0,5.73829e-06,0.000489461,0.0,4.84213e-05,6.61786e-05,0.0,0.000648706,3.00901e-07,9.4828e-06,1.43654e-06,0.0,6.13121e-07,4.16981e-06,0.0,1.49239e-06,3.1926e-06,0.0,2.82278e-06,1.6993e-06,1.47937e-05,1.22289e-06,7.76109e-05,0.0,0.0,0.0,0.0,1.43253e-05,0.000777347,3.65578e-06,0.000373883,0.00456572,8.67299e-05,9.06914e-06,0.00048715,1.05884e-06,4.34953e-05,1.59105e-05,3.01967e-07,3.99467e-05,2.86083e-05,3.04625e-07,1.58571e-05,1.75785e-06,0.000717364,0.000114427,0.0,0.000485298,8.97747e-05,2.90643e-06,0.0,0.000242675,0.00640243,6.33731e-06,0.000174457,0.0,0.000502264,0.0,5.37597e-07,2.80544e-06,0.0,3.71426e-07,0.000109935,0.0,0.000272679,0.000180932,7.58078e-06,2.67762e-05,4.23241e-06,0.000132757,1.15973e-05,4.75222e-05,0.0,0.0,3.53998e-07,6.18103e-05,0.000185991,0.000238078,0.0,0.0,2.2e-07,5.44981e-05,6.31714e-05,0.000387576,4.55105e-05,0.00010916,0.000324004,0.000213501,0.00034508,0.000163465,5.25296e-07,2.73126e-07,2.61247e-07,0.000209528,0.000127459,2.17312e-05,0.00112938,0.000598477,0.00180059,3.10416e-05,6.03858e-05,1.37054e-05,0.0,2.61134e-05,0.000223104,2.48912e-05,0.000119135,6.40849e-05,0.00197129,0.0,0.0,8.82059e-06,0.0
0.0,0.0,5.73858e-06,0.000486691,0.0,4.86722e-05,6.56756e-05,0.0,0.000649643,3.01445e-07,7.33556e-06,1.72288e-06,0.0,6.14124e-07,4.16981e-06,0.0,1.18581e-06,2.90435e-06,0.0,2.82278e-06,1.6993e-06,1.37111e-05,9.16948e-07,7.98813e-05,0.0,0.0,0.0,0.0,1.50983e-05,0.000777699,3.95282e-06,0.000373449,0.00456357,8.67297e-05,8.47013e-06,0.000488664,1.59096e-06,4.40988e-05,1.62127e-05,6.03934e-07,4.02445e-05,2.92101e-05,3.04625e-07,1.58619e-05,1.47689e-06,0.000717783,0.000114034,0.0,0.000484899,9.01309e-05,2.90414e-06,1.25338e-07,0.000242663,0.00640153,8.75827e-06,0.000174873,0.0,0.000503405,0.0,7.16796e-07,3.00583e-06,0.0,3.71426e-07,0.000109749,0.0,0.000272475,0.000180507,7.58078e-06,2.70509e-05,4.7611e-06,0.000132547,1.05958e-05,4.75222e-05,0.0,2.34458e-07,5.30997e-07,6.1596e-05,0.000186434,0.000239495,0.0,0.0,3.67178e-07,5.51423e-05,6.34076e-05,0.000384224,4.52777e-05,0.000108927,0.000323775,0.000212301,0.000345346,0.000163684,2.62648e-07,5.46251e-07,0.0,0.000206909,0.000127461,2.29272e-05,0.00112821,0.000598736,0.00180666,3.04155e-05,6.12685e-05,1.34044e-05,0.0,2.69644e-05,0.000219132,2.55056e-05,0.000119751,6.43695e-05,0.00197547,0.0,0.0,8.52717e-06,0.0
0.0,0.0,4.01013e-06,0.00048536,0.0,4.84213e-05,6.6428e-05,0.0,0.000647164,9.03768e-07,8.56452e-06,1.43558e-06,0.0,9.19932e-07,4.16981e-06,0.0,1.48782e-06,2.90529e-06,0.0,2.5405e-06,1.6993e-06,1.39771e-05,9.16948e-07,7.86218e-05,0.0,0.0,0.0,0.0,1.22575e-05,0.000775052,3.64315e-06,0.000375256,0.00456541,8.61146e-05,9.92638e-06,0.000486561,1.05884e-06,4.34937e-05,1.65207e-05,6.03934e-07,3.96496e-05,2.86072e-05,0.0,1.61556e-05,1.75956e-06,0.000717989,0.000114034,0.0,0.000484699,8.94274e-05,2.90414e-06,0.0,0.000242654,0.00639953,7.7876e-06,0.000174457,0.0,0.000502328,0.0,5.37597e-07,2.80544e-06,0.0,3.71426e-07,0.000110116,0.0,0.000272886,0.000180719,7.58078e-06,2.67695e-05,4.0735e-06,0.000132759,1.15033e-05,4.77307e-05,0.0,0.0,5.30997e-07,6.20284e-05,0.000186212,0.00023984,0.0,0.0,0.0,5.49272e-05,6.34023e-05,0.000388115,4.52794e-05,0.000108939,0.000324229,0.000212679,0.000345323,0.000163196,5.25296e-07,5.60434e-07,2.61247e-07,0.000209512,0.000128071,2.14337e-05,0.0011221,0.000599416,0.00180236,3.13459e-05,6.32938e-05,1.37054e-05,0.0,2.55077e-05,0.000221876,2.48912e-05,0.000119153,6.40866e-05,0.0019738,0.0,0.0,8.82059e-06,0.0
0.0,0.0,4.89197e-06,0.000488234,0.0,4.84213e-05,6.59325e-05,0.0,0.000649307,0.0,9.17453e-06,1.43654e-06,0.0,0.0,3.87196e-06,0.0,5.98267e-07,2.60141e-06,0.0,2.82278e-06,2.0027e-06,1.39817e-05,9.16948e-07,7.73534e-05,0.0,0.0,0.0,0.0,1.67651e-05,0.000777108,3.96038e-06,0.000374608,0.00456173,8.79604e-05,8.20223e-06,0.000486229,1.32423e-06,4.28737e-05,1.52955e-05,6.03934e-07,3.96488e-05,2.92101e-05,3.04625e-07,1.64595e-05,2.05875e-06,0.000717368,0.000114034,0.0,0.0004855,8.97747e-05,3.06765e-06,0.0,0.000242654,0.00640382,7.31135e-06,0.000174665,0.0,0.000502724,0.0,7.16796e-07,2.80544e-06,0.0,3.71426e-07,0.00011012,0.0,0.000272475,0.000180932,7.58078e-06,2.66435e-05,4.40272e-06,0.000132547,1.11309e-05,4.75222e-05,0.0,2.34458e-07,5.30997e-07,6.18103e-05,0.000185991,0.000238019,0.0,0.0,2.2e-07,5.42951e-05,6.2944e-05,0.000384235,4.52743e-05,0.000108927,0.000323538,0.000214866,0.000344617,0.00016345,2.62648e-07,2.73126e-07,0.0,0.000207173,0.000127153,2.29247e-05,0.0011327,0.000595681,0.0017969,3.04271e-05,6.24315e-05,1.37032e-05,0.0,2.49319e-05,0.000220661,2.55061e-05,0.000121555,6.49494e-05,0.00197312,0.0,0.0,8.82219e-06,0.0
0.0,0.0,6.02876e-06,0.000489122,0.0,4.86722e-05,6.59217e-05,0.0,0.000645071,9.0379e-07,7.94921e-06,1.43558e-06,0.0,6.12688e-07,4.16981e-06,0.0,1.77916e-06,2.90435e-06,0.0,2.82278e-06,1.6993e-06,1.39694e-05,1.22289e-06,7.93523e-05,0.0,0.0,2.92631e-07,0.0,1.40631e-05,0.000776205,3.33922e-06,0.000375111,0.00456511,8.64226e-05,9.0499e-06,0.000488678,1.32287e-06,4.22733e-05,1.62126e-05,6.03934e-07,3.99454e-05,2.83068e-05,0.0,1.55579e-05,1.47743e-06,0.000717368,0.000114034,0.0,0.000484703,8.97747e-05,2.74293e-06,0.0,0.000242892,0.00640153,7.78702e-06,0.000175082,0.0,0.000502953,0.0,5.37597e-07,2.80544e-06,0.0,3.71426e-07,0.000109935,0.0,0.000272679,0.000180719,7.58078e-06,2.69071e-05,4.4094e-06,0.000132549,1.09894e-05,4.75222e-05,0.0,0.0,5.30997e-07,6.20284e-05,0.000186434,0.000242648,0.0,0.0,2.2e-07,5.36017e-05,6.31714e-05,0.000388185,4.55139e-05,0.000109405,0.000323778,0.000213044,0.000345822,0.000162675,5.25296e-07,2.73126e-07,0.0,0.000211093,0.000128073,2.20397e-05,0.00112637,0.000597554,0.00180456,3.10359e-05,6.00779e-05,1.40049e-05,0.0,2.78542e-05,0.000220348,2.51985e-05,0.000118842,6.37958e-05,0.00197276,0.0,0.0,8.23213e-06,0.0
0.0,0.0,5.16843e-06,0.000486037,0.0,4.84213e-05,6.61786e-05,0.0,0.000650659,0.0,7.94441e-06,1.72288e-06,0.0,6.13371e-07,4.16981e-06,0.0,1.49435e-06,3.1926e-06,0.0,2.82278e-06,1.97242e-06,1.45278e-05,1.2226e-06,7.7083e-05,0.0,0.0,0.0,0.0,1.33011e-05,0.000777976,3.64465e-06,0.000373165,0.004566,8.70373e-05,7.91636e-06,0.000487445,1.32423e-06,4.37828e-05,1.55975e-05,6.03934e-07,3.99467e-05,2.98113e-05,3.04625e-07,1.61556e-05,1.76952e-06,0.000717985,0.000114231,0.0,0.000484899,8.96022e-05,2.90414e-06,0.0,0.00024244,0.00640268,8.04151e-06,0.000174457,0.0,0.000502961,0.0,5.37597e-07,2.80544e-06,0.0,3.71426e-07,0.00011012,0.0,0.000272475,0.000180507,7.58078e-06,2.66014e-05,4.24381e-06,0.000132757,1.17163e-05,4.77307e-05,0.0,2.34458e-07,3.53998e-07,6.1596e-05,0.000185992,0.000239145,0.0,0.0,0.0,5.45475e-05,6.38711e-05,0.000386315,4.52777e-05,0.000108696,0.000323538,0.000215052,0.000344888,0.00016498,2.62648e-07,2.73126e-07,2.61247e-07,0.000207173,0.000128068,2.20262e-05,0.00112723,0.000596633,0.00180052,3.07299e-05,6.24234e-05,1.3107e-05,0.0,2.57947e-05,0.000223101,2.51985e-05,0.000120043,6.3802e-05,0.00197602,0.0,0.0,9.11642e-06,0.0
0.0,0.0,5.16451e-06,0.000484776,0.0,4.86722e-05,6.61818e-05,0.0,0.000649158,3.00901e-07,7.63805e-06,1.43654e-06,0.0,3.06219e-07,4.16981e-06,0.0,5.94875e-07,2.88966e-06,0.0,2.5405e-06,1.6993e-06,1.37026e-05,9.16948e-07,7.83461e-05,0.0,0.0,0.0,0.0,1.46924e-05,0.000775654,3.6426e-06,0.000374505,0.00456511,8.67299e-05,1.0465e-05,0.000486547,1.05884e-06,4.31903e-05,1.7139e-05,6.03934e-07,3.96496e-05,2.83063e-05,0.0,1.58613e-05,2.0488e-06,0.000717779,0.000114034,0.0,0.000485097,8.96022e-05,2.90414e-06,1.25338e-07,0.000242432,0.00640167,7.29025e-06,0.000174665,0.0,0.000501584,0.0,7.16796e-07,2.80544e-06,0.0,3.71426e-07,0.000109926,0.0,0.000272681,0.000180719,7.58078e-06,2.69487e-05,4.59079e-06,0.000132757,1.20479e-05,4.77307e-05,0.0,0.0,5.30997e-07,6.18103e-05,0.000185991,0.000237683,0.0,0.0,2.2e-07,5.47022e-05,6.34076e-05,0.000386277,4.57535e-05,0.00010916,0.000324235,0.000213023,0.000346264,0.00016164,2.62648e-07,2.73126e-07,0.0,0.000209531,0.000128074,2.32269e-05,0.00112667,0.000600885,0.00180277,3.10373e-05,6.12417e-05,1.37083e-05,0.0,2.52278e-05,0.000220054,2.51983e-05,0.000117951,6.46621e-05,0.00197149,0.0,0.0,8.23213e-06,0.0
0.0,0.0,1.35392e-05,0.00122093,0.0,0.0,0.0,0.0,0.00118787,9.04312e-07,1.33787e-05,5.89822e-06,0.0,2.14428e-06,5.65903e-06,0.0,0.0,0.0,0.0,0.0,6.82814e-06,1.17047e-05,0.0,0.000238294,0.0,0.0,1.19359e-05,0.0,5.6323e-07,0.000345519,6.83489e-06,4.80629e-05,7.2523e-06,6.70417e-05,1.46826e-05,0.000415972,0.0,0.000147343,0.0,0.0,7.90674e-05,1.19653e-06,0.0,1.40715e-05,2.95681e-06,1.18963e-05,0.0,0.0,0.0,4.83837e-06,0.0,2.65432e-07,0.0,0.000824024,1.19959e-06,0.0,0.0,1.71859e-05,3.81319e-06,0.0,0.0,0.0,0.0,4.16672e-05,0.0,0.0,0.0,0.000236168,1.98078e-06,0.0,0.0,2.56268e-06,0.0,0.0,0.000111752,0.0,0.0,0.000170102,3.40139e-05,0.000547348,0.000402135,0.0,0.0,0.0,3.8433e-05,7.50265e-06,3.53354e-05,0.0,0.000350672,0.000315843,0.000471823,0.0,2.86976e-05,7.93304e-05,3.47262e-05,0.00126964,0.000101897,0.00159684,0.00027723,0.000696045,0.0001442,0.000130262,1.31154e-05,0.0,4.45734e-05,0.000387857,8.977e-05,0.000167761,4.48101e-05,0.00217722,0.0,5.29378e-07,1.64411e-05,0.0
0.0,0.0,1.41655e-05,0.00121935,0.0,0.0,0.0,0.0,0.00118985,9.04312e-07,1.33787e-05,6.19317e-06,0.0,1.83781e-06,5.65903e-06,0.0,0.0,0.0,0.0,0.0,6.82814e-06,1.14292e-05,0.0,0.000236229,0.0,0.0,1.08352e-05,0.0,5.7072e-07,0.000341772,7.38681e-06,4.55647e-05,6.64889e-06,6.48893e-05,1.43982e-05,0.000415677,0.0,0.000147042,0.0,0.0,7.75832e-05,1.49567e-06,0.0,1.46698e-05,2.65591e-06,1.21067e-05,0.0,0.0,0.0,4.83837e-06,0.0,5.40583e-07,0.0,0.000824366,1.68042e-06,0.0,0.0,1.71857e-05,3.6474e-06,0.0,0.0,0.0,0.0,4.18508e-05,0.0,0.0,0.0,0.000236135,1.85493e-06,0.0,0.0,3.11977e-06,1.35154e-07,0.0,0.000112207,0.0,0.0,0.00017031,3.42083e-05,0.00054714,0.000402135,0.0,0.0,0.0,3.86479e-05,7.50265e-06,3.55663e-05,0.0,0.0003518,0.000316297,0.000471194,0.0,2.97812e-05,8.11333e-05,3.33955e-05,0.00126995,0.000102803,0.00159771,0.000278123,0.000699119,0.000143581,0.000129379,1.37165e-05,0.0,4.30463e-05,0.000388753,9.10013e-05,0.000167452,4.39382e-05,0.00218219,0.0,1.06276e-06,1.64411e-05,0.0
0.0,0.0,1.47362e-05,0.00122225,0.0,0.0,0.0,0.0,0.00118765,6.03412e-07,1.30749e-05,5.89822e-06,0.0,1.53159e-06,5.36118e-06,0.0,0.0,0.0,0.0,0.0,6.82814e-06,1.11548e-05,0.0,0.000237241,0.0,0.0,1.16653e-05,0.0,5.7072e-07,0.000341723,7.44676e-06,5.06656e-05,7.55989e-06,6.64266e-05,1.46826e-05,0.000416271,0.0,0.000147653,0.0,0.0,7.87676e-05,1.49567e-06,0.0,1.43706e-05,2.94322e-06,1.21067e-05,0.0,0.0,0.0,4.83837e-06,0.0,4.00521e-07,0.0,0.000824195,1.43917e-06,0.0,0.0,1.76388e-05,3.81319e-06,0.0,0.0,0.0,0.0,4.18508e-05,0.0,0.0,0.0,0.000235917,2.22684e-06,0.0,0.0,2.62084e-06,0.0,0.0,0.00011198,0.0,0.0,0.00017031,3.40226e-05,0.000547555,0.000401921,0.0,0.0,0.0,3.79457e-05,7.50265e-06,3.53354e-05,0.0,0.000351466,0.000316077,0.000472535,0.0,2.87225e-05,7.90944e-05,3.42062e-05,0.00126994,0.000103396,0.00159864,0.000279051,0.000696966,0.000143297,0.000133773,1.3418e-05,0.0,4.42383e-05,0.000387547,9.06917e-05,0.000165383,4.39424e-05,0.00217606,0.0,7.93407e-07,1.6733e-05,0.0
0.0,0.0,1.41645e-05,0.00122136,0.0,0.0,0.0,0.0,0.00118984,3.00901e-07,1.33787e-05,6.19396e-06,0.0,1.53159e-06,5.65903e-06,0.0,0.0,0.0,0.0,0.0,6.82814e-06,1.17047e-05,0.0,0.000237011,0.0,0.0,1.13898e-05,0.0,5.609e-07,0.000345537,7.12448e-06,4.79674e-05,7.2523e-06,6.67349e-05,1.43982e-05,0.00041597,0.0,0.00014613,0.0,0.0,7.8771e-05,1.49567e-06,0.0,1.46698e-05,2.95681e-06,1.18963e-05,0.0,0.0,0.0,4.83837e-06,0.0,2.65432e-07,0.0,0.000824575,1.44084e-06,0.0,0.0,1.76493e-05,3.6474e-06,0.0,0.0,0.0,0.0,4.18508e-05,0.0,0.0,0.0,0.000235919,2.52368e-06,0.0,0.0,3.00451e-06,1.35154e-07,0.0,0.000111518,0.0,0.0,0.000170102,3.40226e-05,0.000547348,0.000402135,0.0,0.0,0.0,3.8415e-05,7.50265e-06,3.55663e-05,0.0,0.000349386,0.000316043,0.000470468,0.0,2.89695e-05,7.90868e-05,3.39039e-05,0.00126934,0.000101306,0.00159774,0.000277513,0.000699121,0.000144196,0.000129646,1.28183e-05,0.0,4.36633e-05,0.000386341,9.00779e-05,0.000164749,4.48108e-05,0.00218103,0.0,2.64029e-07,1.61477e-05,0.0
0.0,0.0,1.4146e-05,0.00122101,0.0,0.0,0.0,0.0,0.00118878,9.04312e-07,1.33787e-05,6.19242e-06,0.0,1.83781e-06,5.36118e-06,0.0,0.0,0.0,0.0,0.0,6.82814e-06,1.14304e-05,0.0,0.000237504,0.0,0.0,1.11108e-05,0.0,2.8536e-07,0.000344087,7.40869e-06,4.94169e-05,6.64889e-06,6.67342e-05,1.49649e-05,0.000416589,0.0,0.000148562,0.0,0.0,7.87702e-05,1.19653e-06,0.0,1.43706e-05,2.95736e-06,1.21067e-05,0.0,0.0,0.0,4.83837e-06,0.0,4.07867e-07,0.0,0.000823817,1.43917e-06,0.0,0.0,1.74288e-05,3.6474e-06,0.0,0.0,0.0,0.0,4.18508e-05,0.0,0.0,0.0,0.000236159,1.99251e-06,0.0,0.0,3.15583e-06,0.0,0.0,0.00011198,0.0,0.0,0.00017031,3.39759e-05,0.00054714,0.000402347,0.0,0.0,0.0,3.81752e-05,7.50265e-06,3.53354e-05,0.0,0.000352319,0.000317262,0.000473335,0.0,2.9512e-05,8.03567e-05,3.44637e-05,0.00126843,0.000103696,0.00159651,0.000279045,0.000698178,0.000144511,0.000131708,1.37165e-05,0.0,4.36731e-05,0.000389987,9.06925e-05,0.000168063,4.36491e-05,0.00218348,0.0,7.93407e-07,1.67346e-05,0.0
0.0,0.0,1.38763e-05,0.00122069,0.0,0.0,0.0,0.0,0.00119047,6.03412e-07,1.33787e-05,6.48221e-06,2.7554e-07,1.83781e-06,5.65903e-06,0.0,0.0,0.0,0.0,0.0,6.82814e-06,1.14292e-05,0.0,0.000236753,0.0,0.0,1.16653e-05,0.0,5.7072e-07,0.000340579,6.53243e-06,4.49403e-05,7.55968e-06,6.58117e-05,1.43982e-05,0.000416884,0.0,0.000147041,0.0,0.0,7.87669e-05,1.49567e-06,0.0,1.40709e-05,2.95681e-06,1.21067e-05,0.0,0.0,0.0,4.65917e-06,0.0,5.21046e-07,0.0,0.000824562,1.68042e-06,0.0,0.0,1.7415e-05,3.81319e-06,0.0,0.0,0.0,0.0,4.18508e-05,0.0,0.0,0.0,0.000235893,2.23901e-06,0.0,0.0,1.95176e-06,1.35154e-07,0.0,0.00011198,0.0,0.0,0.0001701,3.38369e-05,0.000547555,0.000401921,0.0,0.0,0.0,3.7695e-05,7.50265e-06,3.55663e-05,0.0,0.000352005,0.000316297,0.000471206,2.6805e-07,2.89695e-05,8.01026e-05,3.41968e-05,0.00127024,0.000101904,0.00159834,0.000277206,0.000696678,0.000142666,0.000131685,1.31161e-05,0.0,4.45348e-05,0.000388459,9.03856e-05,0.000165059,4.48083e-05,0.00217896,0.0,7.93407e-07,1.64403e-05,0.0
0.0,0.0,1.44318e-05,0.00122149,0.0,0.0,0.0,0.0,0.00118897,9.04312e-07,1.33787e-05,5.60399e-06,0.0,2.14428e-06,5.36118e-06,0.0,0.0,0.0,0.0,0.0,7.10127e-06,1.16984e-05,0.0,0.000237524,0.0,0.0,1.13898e-05,0.0,5.609e-07,0.000343215,7.99829e-06,5.04305e-05,7.86727e-06,6.64267e-05,1.43982e-05,0.000414159,0.0,0.000144911,0.0,0.0,7.90737e-05,1.49567e-06,0.0,1.49695e-05,2.64178e-06,1.16879e-05,0.0,0.0,0.0,4.83837e-06,0.0,4.05429e-07,0.0,0.000823828,1.44084e-06,0.0,0.0,1.81094e-05,3.6474e-06,0.0,0.0,0.0,0.0,4.18508e-05,0.0,0.0,0.0,0.000236179,2.10859e-06,0.0,0.0,2.93581e-06,0.0,0.0,0.00011198,0.0,0.0,0.000170102,3.43649e-05,0.000547348,0.000402135,0.0,0.0,0.0,3.84129e-05,7.50265e-06,3.53354e-05,0.0,0.00035074,0.000315596,0.000472278,0.0,2.89707e-05,8.0364e-05,3.47026e-05,0.00126782,0.000103102,0.00159925,0.000278448,0.000696964,0.000143584,0.000129985,1.37165e-05,0.0,4.33724e-05,0.000387247,9.03854e-05,0.00016717,4.42334e-05,0.00218048,0.0,7.93407e-07,1.64403e-05,0.0
0.0,0.0,1.4741e-05,0.00122094,0.0,0.0,0.0,0.0,0.00118835,6.02867e-07,1.30749e-05,6.19396e-06,0.0,1.22538e-06,5.65903e-06,0.0,0.0,0.0,0.0,0.0,6.82814e-06,1.11611e-05,0.0,0.000237765,0.0,0.0,1.16604e-05,0.0,4.68916e-07,0.00034291,6.83912e-06,4.83465e-05,6.64889e-06,6.5812e-05,1.46826e-05,0.000416883,0.0,0.000148255,3.06469e-07,0.0,7.78788e-05,1.49567e-06,0.0,1.43706e-05,2.95681e-06,1.21067e-05,0.0,0.0,0.0,4.83837e-06,0.0,4.07867e-07,0.0,0.000824739,1.43917e-06,0.0,0.0,1.67241e-05,3.81319e-06,0.0,0.0,0.0,0.0,4.16672e-05,0.0,0.0,0.0,0.000236138,2.12032e-06,0.0,0.0,3.04324e-06,1.35154e-07,0.0,0.00011198,0.0,0.0,0.00017031,3.38369e-05,0.00054714,0.000402135,0.0,0.0,0.0,3.89041e-05,7.50265e-06,3.55663e-05,0.0,0.000352027,0.000316068,0.000471535,2.6935e-07,2.95107e-05,7.9862e-05,3.39273e-05,0.00126932,0.000102497,0.00159681,0.000279013,0.000696056,0.000144807,0.000131131,1.34169e-05,0.0,4.39636e-05,0.000389082,9.10007e-05,0.000164743,4.45232e-05,0.00218134,0.0,5.26677e-07,1.64411e-05,0.0
0.0,0.0,1.38601e-05,0.00122121,0.0,0.0,0.0,0.0,0.00118961,3.01445e-07,1.33787e-05,6.18568e-06,0.0,2.1454e-06,5.36118e-06,0.0,0.0,0.0,0.0,0.0,6.82814e-06,1.16972e-05,0.0,0.000236736,0.0,0.0,1.13863e-05,0.0,5.7072e-07,0.000342307,7.12503e-06,4.75669e-05,7.2523e-06,6.73497e-05,1.43982e-05,0.00041387,0.0,0.000148255,0.0,0.0,7.93611e-05,1.19653e-06,0.0,1.46698e-05,2.65591e-06,1.21067e-05,0.0,0.0,0.0,4.83837e-06,0.0,2.65432e-07,0.0,0.000823647,1.68042e-06,0.0,0.0,1.717e-05,3.6474e-06,0.0,0.0,0.0,0.0,4.18508e-05,0.0,0.0,0.0,0.000235674,2.1135e-06,0.0,0.0,2.87182e-06,0.0,0.0,0.000111518,0.0,0.0,0.00017031,3.41996e-05,0.000547761,0.000402135,0.0,0.0,0.0,3.79423e-05,7.50265e-06,3.53354e-05,0.0,0.000351223,0.000316782,0.000470715,0.0,2.89905e-05,8.01013e-05,3.36662e-05,0.00127086,0.000102798,0.00159744,0.000279661,0.000698182,0.000144212,0.000131421,1.37165e-05,0.0,4.36377e-05,0.000386317,9.00771e-05,0.000165072,4.423e-05,0.00217511,0.0,5.29378e-07,1.64411e-05,0.0
0.0,0.0,1.38626e-05,0.00121984,0.0,0.0,0.0,0.0,0.00119008,9.04312e-07,1.36826e-05,6.48896e-06,0.0,2.14519e-06,5.65903e-06,0.0,0.0,0.0,0.0,0.0,6.82814e-06,1.14304e-05,0.0,0.000237782,0.0,0.0,1.13898e-05,0.0,8.4626e-07,0.000343518,7.40391e-06,4.90948e-05,6.95086e-06,6.55041e-05,1.46826e-05,0.00041597,0.0,0.000145528,3.05649e-07,0.0,7.87697e-05,1.49567e-06,0.0,1.40709e-05,2.94322e-06,1.18963e-05,0.0,0.0,0.0,4.83837e-06,0.0,5.35675e-07,0.0,0.000823815,1.19959e-06,0.0,0.0,1.76562e-05,3.6474e-06,0.0,0.0,0.0,0.0,4.18508e-05,0.0,0.0,0.0,0.000236159,2.11112e-06,0.0,0.0,2.35088e-06,0.0,0.0,0.00011198,0.0,0.0,0.000170102,3.37989e-05,0.000547348,0.000401921,0.0,0.0,0.0,3.8169e-05,7.73711e-06,3.55663e-05,0.0,0.000350994,0.0003158,0.000473057,0.0,2.95066e-05,7.93393e-05,3.44499e-05,0.00126874,0.000102503,0.00159655,0.000277227,0.000697284,0.000143594,0.000132286,1.31209e-05,0.0,4.36603e-05,0.00038878,8.94633e-05,0.000166547,4.394e-05,0.0021823,0.0,7.93407e-07,1.67337e-05,0.0
0.0,0.0,8.63135e-06,0.00230441,0.0,0.0002488,0.0,6.97509e-06,0.000594665,3.01967e-07,8.51295e-06,6.48819e-06,2.6271e-06,2.75772e-06,5.06334e-06,0.0,5.0582e-06,0.0,0.0,1.02633e-05,1.20625e-05,2.3455e-05,0.0,0.00034113,0.0,0.0,7.935e-06,0.0,1.03745e-05,0.000344332,4.26241e-06,3.90838e-05,1.23988e-05,6.67343e-05,9.91625e-06,0.000306955,0.0,0.000149186,9.80702e-06,0.0,6.12666e-05,0.0,3.04625e-07,1.52699e-05,4.74271e-06,1.43073e-05,0.0,0.0,0.0,4.30077e-06,0.0,1.32716e-07,0.0,0.000550093,5.74999e-06,0.0,0.0,6.79329e-05,0.0,0.0,0.0,0.0,0.0,3.35908e-05,7.07923e-05,0.0,2.7606e-06,0.000107724,2.28429e-05,0.0,0.0,3.85799e-06,1.35154e-07,0.0,0.0,0.0,0.0,0.0,2.64091e-05,0.0,0.0,0.0,1.59745e-05,0.0,2.2316e-05,1.70998e-05,0.0,0.0,0.00101923,0.000274002,0.000467607,5.25296e-07,2.55472e-05,0.000276,0.000333575,0.00141492,0.000112896,0.00137759,0.000699623,0.0012402,0.000194565,0.000237412,1.01345e-05,0.0,5.8921e-05,0.000418088,9.10019e-05,0.000132882,5.3229e-05,0.00249887,2.30278e-05,0.00121639,1.08921e-05,0.0
0.0,0.0,8.91866e-06,0.002305,0.0,0.000248541,0.0,6.69608e-06,0.000592496,6.02346e-07,9.12061e-06,7.66583e-06,3.48317e-06,2.4515e-06,5.06334e-06,0.0,6.25923e-06,0.0,0.0,1.02633e-05,1.17771e-05,2.29125e-05,0.0,0.000342728,0.0,0.0,7.935e-06,0.0,1.03786e-05,0.000342608,5.43945e-06,3.91999e-05,1.23937e-05,6.67346e-05,1.04898e-05,0.000306061,0.0,0.000150091,9.80702e-06,0.0,6.12707e-05,0.0,3.04625e-07,1.49701e-05,4.4418e-06,1.40969e-05,0.0,0.0,0.0,4.12158e-06,0.0,2.65432e-07,0.0,0.000550089,5.74999e-06,0.0,0.0,6.82009e-05,0.0,0.0,0.0,0.0,0.0,3.35908e-05,7.0344e-05,0.0,2.7606e-06,0.000107994,2.30251e-05,0.0,0.0,3.52188e-06,0.0,0.0,0.0,0.0,0.0,0.0,2.65567e-05,0.0,0.0,0.0,1.59745e-05,0.0,2.2554e-05,1.66223e-05,0.0,0.0,0.00102053,0.000274517,0.000466926,5.25296e-07,2.44925e-05,0.000275743,0.000334963,0.00141552,0.000112306,0.00137848,0.000702351,0.00123433,0.000195182,0.000241491,1.10336e-05,0.0,5.92149e-05,0.000417779,8.97719e-05,0.000130777,5.41103e-05,0.002498,2.33101e-05,0.00121858,1.2036e-05,0.0
0.0,0.0,8.9215e-06,0.00230323,0.0,0.000248538,0.0,6.69608e-06,0.000594909,6.02346e-07,8.81678e-06,7.07067e-06,2.89971e-06,2.75772e-06,5.06334e-06,0.0,6.25337e-06,0.0,0.0,1.02633e-05,1.17771e-05,2.20813e-05,0.0,0.00034139,0.0,0.0,8.20454e-06,0.0,1.05945e-05,0.000344085,4.5674e-06,3.98097e-05,1.26957e-05,6.58122e-05,1.01985e-05,0.000306664,0.0,0.000150727,1.01135e-05,0.0,6.21608e-05,0.0,3.04625e-07,1.52693e-05,4.44126e-06,1.40969e-05,0.0,0.0,0.0,4.30077e-06,0.0,2.58053e-07,0.0,0.000550458,5.51041e-06,0.0,0.0,6.88448e-05,0.0,0.0,0.0,0.0,0.0,3.34072e-05,7.03371e-05,0.0,2.97296e-06,0.000107732,2.28455e-05,0.0,0.0,3.6979e-06,1.35154e-07,0.0,0.0,0.0,0.0,0.0,2.62234e-05,0.0,0.0,0.0,1.59745e-05,0.0,2.23111e-05,1.68602e-05,0.0,0.0,0.00102021,0.000275708,0.000466323,5.30698e-07,2.42178e-05,0.000274723,0.000332264,0.00141493,0.000112904,0.00137577,0.000703237,0.00123711,0.000194248,0.000241223,1.07356e-05,0.0,5.98271e-05,0.000418692,9.13089e-05,0.000131664,5.26499e-05,0.00250006,2.30278e-05,0.00121389,1.08633e-05,0.0
0.0,0.0,9.20597e-06,0.00230451,0.0,0.000249528,0.0,6.97509e-06,0.000593583,3.00901e-07,8.81719e-06,7.36759e-06,2.91761e-06,2.45125e-06,5.06334e-06,0.0,5.36648e-06,0.0,0.0,9.97898e-06,1.17771e-05,2.31968e-05,0.0,0.000342205,0.0,0.0,8.20935e-06,0.0,1.00933e-05,0.000344593,5.1496e-06,3.91154e-05,1.17898e-05,6.58119e-05,9.91625e-06,0.000305773,0.0,0.00014797,9.80702e-06,0.0,6.1268e-05,0.0,3.04625e-07,1.46704e-05,4.14036e-06,1.40969e-05,0.0,0.0,0.0,4.30077e-06,0.0,2.65432e-07,0.0,0.000549722,5.74999e-06,0.0,0.0,6.84336e-05,0.0,0.0,0.0,0.0,0.0,3.35908e-05,7.05767e-05,0.0,2.7606e-06,0.000107957,2.37272e-05,0.0,0.0,3.80799e-06,0.0,0.0,0.0,0.0,0.0,0.0,2.64091e-05,0.0,0.0,0.0,1.59745e-05,0.0,2.20634e-05,1.68568e-05,0.0,0.0,0.00102157,0.000272558,0.000467658,5.25296e-07,2.5554e-05,0.000275743,0.000333325,0.00141582,0.000112007,0.00138001,0.000698145,0.00123498,0.000193352,0.000241782,1.0436e-05,0.0,5.92159e-05,0.00041869,9.00793e-05,0.000131378,5.3229e-05,0.00250096,2.30267e-05,0.00121912,1.05987e-05,0.0
0.0,0.0,9.20691e-06,0.0023059,0.0,0.000248538,0.0,6.69608e-06,0.000596023,6.03412e-07,9.12061e-06,6.78242e-06,3.48733e-06,2.4515e-06,5.06334e-06,0.0,5.35803e-06,0.0,0.0,1.02633e-05,1.20625e-05,2.3183e-05,0.0,0.000343476,0.0,0.0,7.93141e-06,0.0,1.03786e-05,0.000342315,5.17449e-06,3.98986e-05,1.23937e-05,6.67345e-05,1.02006e-05,0.000307841,0.0,0.000151916,9.80702e-06,0.0,6.06743e-05,0.0,3.04625e-07,1.52699e-05,4.44126e-06,1.40969e-05,0.0,0.0,0.0,4.30077e-06,0.0,2.58053e-07,0.0,0.00055046,5.74999e-06,0.0,0.0,6.77002e-05,0.0,0.0,0.0,0.0,0.0,3.35908e-05,7.00977e-05,0.0,2.97296e-06,0.000107284,2.25275e-05,0.0,0.0,4.26344e-06,0.0,0.0,0.0,0.0,0.0,0.0,2.61853e-05,0.0,0.0,0.0,1.59745e-05,0.0,2.32924e-05,1.70998e-05,0.0,0.0,0.00101787,0.000274027,0.000468651,5.25296e-07,2.47538e-05,0.000274451,0.000332533,0.00141462,0.000113195,0.00137788,0.000702655,0.00123711,0.000195792,0.000237716,1.04385e-05,0.0,5.86396e-05,0.00041932,9.1002e-05,0.000129888,5.32326e-05,0.00249736,2.30333e-05,0.00121415,1.14712e-05,0.0
0.0,0.0,8.63135e-06,0.00230375,0.0,0.000248789,0.0,6.97509e-06,0.000592736,3.00901e-07,8.81678e-06,7.07816e-06,2.61222e-06,2.75772e-06,5.06334e-06,0.0,5.95363e-06,0.0,0.0,9.97603e-06,1.17771e-05,2.263e-05,0.0,0.000341409,0.0,0.0,8.20813e-06,0.0,1.03745e-05,0.00034201,4.2628e-06,3.81424e-05,1.20913e-05,6.61196e-05,9.91625e-06,0.000305767,0.0,0.0001495,1.01135e-05,0.0,6.24593e-05,0.0,3.04625e-07,1.49701e-05,4.14917e-06,1.40969e-05,0.0,0.0,0.0,4.12158e-06,0.0,2.65432e-07,0.0,0.000549905,5.51041e-06,0.0,0.0,6.86527e-05,0.0,0.0,0.0,0.0,0.0,3.35908e-05,7.03318e-05,0.0,2.7606e-06,0.000107977,2.27091e-05,0.0,0.0,3.84011e-06,1.35154e-07,0.0,0.0,0.0,0.0,0.0,2.64091e-05,0.0,0.0,0.0,1.59745e-05,0.0,2.27985e-05,1.68602e-05,0.0,0.0,0.00102376,0.000274475,0.000466666,5.25296e-07,2.47381e-05,0.000276,0.000334973,0.00141308,0.000111708,0.00137183,0.000700207,0.00123373,0.000193053,0.000241767,1.04336e-05,0.0,5.92221e-05,0.000417177,9.06942e-05,0.00013167,5.29433e-05,0.00249642,2.33068e-05,0.00121663,1.19844e-05,0.0
0.0,0.0,8.91866e-06,0.00230526,0.0,0.000248552,0.0,6.69608e-06,0.000596447,3.00901e-07,8.51295e-06,7.66583e-06,3.48733e-06,2.75772e-06,5.06334e-06,0.0,6.56085e-06,0.0,0.0,1.02633e-05,1.20503e-05,2.26444e-05,0.0,0.00034194,0.0,0.0,7.93141e-06,0.0,1.03786e-05,0.00034317,4.53926e-06,4.01368e-05,1.23943e-05,6.64276e-05,1.02006e-05,0.000305448,0.0,0.000148573,9.80702e-06,0.0,6.09695e-05,0.0,3.04625e-07,1.49701e-05,4.44126e-06,1.40969e-05,0.0,0.0,0.0,4.30077e-06,0.0,1.32716e-07,0.0,0.000550277,5.74999e-06,0.0,0.0,6.84159e-05,0.0,0.0,0.0,0.0,0.0,3.34072e-05,7.03371e-05,0.0,2.97296e-06,0.000108181,2.34387e-05,0.0,0.0,3.35257e-06,0.0,0.0,0.0,0.0,0.0,0.0,2.62234e-05,0.0,0.0,0.0,1.59745e-05,0.0,2.20649e-05,1.68568e-05,0.0,0.0,0.00101919,0.000274035,0.000468933,5.25296e-07,2.58342e-05,0.000276003,0.000332801,0.00141553,0.000113207,0.00138032,0.000701473,0.00123687,0.000193653,0.000241226,1.0436e-05,0.0,5.89055e-05,0.000419299,9.03872e-05,0.00013168,5.3815e-05,0.00250525,2.33164e-05,0.00121512,1.09149e-05,0.0
0.0,0.0,8.92056e-06,0.002304,0.0,0.000248538,0.0,6.69608e-06,0.00059514,6.02346e-07,8.81678e-06,6.78242e-06,2.90538e-06,2.4515e-06,5.06334e-06,0.0,5.35665e-06,0.0,0.0,1.02633e-05,1.20625e-05,2.34597e-05,0.0,0.000341691,0.0,0.0,7.935e-06,0.0,1.06598e-05,0.000344362,4.87043e-06,3.93588e-05,1.20913e-05,6.61187e-05,1.01985e-05,0.000306061,0.0,0.000152543,1.01135e-05,0.0,6.15672e-05,0.0,3.04625e-07,1.52693e-05,4.4418e-06,1.40969e-05,0.0,0.0,0.0,4.30077e-06,0.0,2.58053e-07,0.0,0.000549907,5.74999e-06,0.0,0.0,6.81742e-05,0.0,0.0,0.0,0.0,0.0,3.35908e-05,7.08044e-05,0.0,2.7606e-06,0.000108212,2.2806e-05,0.0,0.0,3.91187e-06,1.35154e-07,0.0,0.0,0.0,0.0,0.0,2.6371e-05,0.0,0.0,0.0,1.59745e-05,0.0,2.25525e-05,1.68602e-05,0.0,0.0,0.00102136,0.00027474,0.000467401,2.62648e-07,2.42271e-05,0.000274467,0.000334128,0.00141674,0.000112001,0.00137459,0.000700528,0.00123741,0.000194257,0.000237733,1.07356e-05,0.0,5.95422e-05,0.000417787,9.10009e-05,0.000131074,5.35243e-05,0.00249618,2.30215e-05,0.00121636,1.11549e-05,0.0
0.0,0.0,8.91866e-06,0.00230473,0.0,0.000249528,0.0,6.97509e-06,0.000591998,6.03412e-07,9.12102e-06,7.07665e-06,3.19315e-06,2.75772e-06,5.06334e-06,0.0,5.66183e-06,0.0,0.0,1.02633e-05,1.17771e-05,2.40182e-05,0.0,0.000343478,0.0,0.0,8.20576e-06,0.0,1.03224e-05,0.00034435,5.43945e-06,4.01784e-05,1.23937e-05,6.5505e-05,9.91625e-06,0.000306355,0.0,0.000148573,1.01135e-05,0.0,6.15665e-05,0.0,3.04625e-07,1.52699e-05,4.44126e-06,1.43073e-05,0.0,0.0,0.0,4.30077e-06,0.0,1.32716e-07,0.0,0.00055008,5.51041e-06,0.0,0.0,6.84187e-05,0.0,0.0,0.0,0.0,0.0,3.35908e-05,7.01009e-05,0.0,2.97296e-06,0.000107033,2.24274e-05,0.0,0.0,3.76198e-06,0.0,0.0,0.0,0.0,0.0,0.0,2.64091e-05,0.0,0.0,0.0,1.59745e-05,0.0,2.28018e-05,1.68619e-05,0.0,0.0,0.00101991,0.000274011,0.000468139,5.25296e-07,2.44681e-05,0.000276509,0.000334132,0.00141309,0.0001126,0.00137667,0.000702643,0.00123704,0.000196108,0.000242629,1.10336e-05,0.0,5.89295e-05,0.000418383,9.03874e-05,0.000130763,5.23565e-05,0.00250001,2.30385e-05,0.00121604,1.11826e-05,0.0
0.0,0.0,8.92056e-06,0.00230384,0.0,0.000248297,0.0,6.69608e-06,0.000594909,3.00901e-07,8.81678e-06,6.78242e-06,2.90852e-06,2.45125e-06,5.06334e-06,0.0,5.65966e-06,0.0,0.0,1.02633e-05,1.17771e-05,2.12549e-05,0.0,0.000341915,0.0,0.0,8.20813e-06,0.0,1.08099e-05,0.000344639,4.87021e-06,3.92912e-05,1.23943e-05,6.67342e-05,1.04898e-05,0.000305759,0.0,0.000147668,9.80702e-06,0.0,6.18607e-05,0.0,3.04625e-07,1.46704e-05,4.14036e-06,1.40969e-05,0.0,0.0,0.0,4.12158e-06,0.0,2.58053e-07,0.0,0.00054991,5.74999e-06,0.0,0.0,6.83943e-05,0.0,0.0,0.0,0.0,0.0,3.35908e-05,7.08094e-05,0.0,2.7606e-06,0.00010798,2.35975e-05,0.0,0.0,3.86121e-06,0.0,0.0,0.0,0.0,0.0,0.0,2.64091e-05,0.0,0.0,0.0,1.59745e-05,0.0,2.20649e-05,1.70947e-05,0.0,0.0,0.00101921,0.000274503,0.00046612,7.93346e-07,2.55538e-05,0.000275738,0.000334456,0.00141462,0.000113497,0.0013797,0.000700571,0.00123378,0.000193641,0.000240908,1.04385e-05,0.0,5.95286e-05,0.000418101,9.06944e-05,0.000132582,5.38134e-05,0.00249743,2.30215e-05,0.00121629,1.17474e-05,0.0
0.0,0.0,7.21514e-05,0.00417559,0.0,0.000227084,0.0,6.69608e-06,0.000624096,0.0,1.39868e-05,7.37388e-06,1.17249e-06,6.12535e-06,6.25471e-06,0.0,5.36047e-06,0.0,0.0,2.58577e-06,1.727e-05,3.16401e-05,0.0,0.000375474,0.0,0.0,1.881e-05,0.0,2.8536e-07,0.000362212,3.05649e-07,4.86355e-05,0.000132774,7.0118e-05,1.72892e-05,0.000342275,0.0,0.000169545,0.0,0.0,6.39179e-05,2.985e-07,6.09251e-07,1.61678e-05,1.20578e-06,0.0,0.0,0.0,0.0,3.76318e-06,0.0,4.00586e-07,0.0,0.000430638,0.0,0.0,0.0,4.47127e-05,0.0,0.0,0.0,0.0,0.0,4.38699e-05,4.65502e-05,0.0,0.0,0.000154907,3.80104e-06,0.0,0.0,4.25704e-06,1.35154e-07,0.0,8.9094e-06,0.0,0.0,0.0,3.63783e-05,0.0,0.0,0.0,3.81983e-05,0.0,6.24412e-05,1.22799e-05,1.50053e-05,0.0,0.00114848,0.000267473,0.000480602,5.25296e-07,3.00212e-05,0.000286149,0.000364376,0.00148051,0.000109047,0.00142113,0.000740226,0.00124346,0.000224141,0.000275413,1.16279e-05,0.0,9.92569e-05,0.000417156,8.82336e-05,0.00016416,5.70267e-05,0.00247824,2.35965e-05,0.00119493,1.79474e-05,0.0
0.0,0.0,7.30104e-05,0.00417375,0.0,0.000227091,0.0,6.97509e-06,0.00062577,0.0,1.3683e-05,7.95483e-06,1.16297e-06,6.73754e-06,5.95687e-06,0.0,6.24897e-06,0.0,0.0,2.87308e-06,1.69847e-05,3.08185e-05,0.0,0.000376001,0.0,0.0,1.82411e-05,0.0,2.8536e-07,0.000361543,5.71816e-07,4.70878e-05,0.000132774,6.98111e-05,1.81375e-05,0.000340771,0.0,0.000168334,0.0,0.0,6.65906e-05,2.985e-07,9.13876e-07,1.58694e-05,1.80867e-06,0.0,0.0,0.0,0.0,3.76318e-06,0.0,2.65432e-07,0.0,0.000431,0.0,0.0,0.0,4.47308e-05,0.0,0.0,0.0,0.0,0.0,4.40534e-05,4.65382e-05,0.0,0.0,0.000154915,3.292e-06,0.0,0.0,4.09294e-06,0.0,0.0,8.9094e-06,0.0,0.0,0.0,3.63082e-05,0.0,0.0,0.0,3.81758e-05,0.0,6.17157e-05,1.22799e-05,1.50053e-05,0.0,0.00114792,0.000268676,0.000477199,5.25296e-07,2.84171e-05,0.000286408,0.00036495,0.0014811,0.000109931,0.00141966,0.000739959,0.00124711,0.000222311,0.000275389,1.10328e-05,0.0,9.8935e-05,0.000413821,8.91569e-05,0.000164488,5.73192e-05,0.00247861,2.27595e-05,0.00119516,1.77038e-05,0.0
0.0,0.0,7.27251e-05,0.004175,0.0,0.000227081,0.0,6.69608e-06,0.000626203,3.01445e-07,1.3683e-05,7.37237e-06,5.75298e-07,6.43157e-06,6.25471e-06,0.0,5.06486e-06,0.0,0.0,2.58577e-06,1.727e-05,2.83686e-05,0.0,0.000374957,0.0,0.0,1.8804e-05,0.0,5.7072e-07,0.000364211,3.05649e-07,5.02871e-05,0.000133077,6.91949e-05,1.72892e-05,0.000340468,0.0,0.000168631,3.06697e-07,0.0,6.51019e-05,2.985e-07,9.13876e-07,1.58681e-05,1.50722e-06,0.0,0.0,0.0,0.0,3.76318e-06,0.0,1.32716e-07,0.0,0.000430627,0.0,0.0,0.0,4.49419e-05,0.0,0.0,0.0,0.0,0.0,4.40534e-05,4.67914e-05,0.0,0.0,0.000154919,3.26045e-06,0.0,0.0,4.56835e-06,0.0,0.0,8.9094e-06,0.0,0.0,0.0,3.66891e-05,0.0,0.0,0.0,3.84068e-05,0.0,6.24429e-05,1.22781e-05,1.47708e-05,0.0,0.00115011,0.00026747,0.000480331,2.62648e-07,2.97516e-05,0.000286921,0.000369477,0.00147898,0.000110837,0.00141814,0.000745695,0.00124165,0.000220786,0.000274202,1.13308e-05,0.0,9.98592e-05,0.000415955,8.85419e-05,0.000167768,5.70283e-05,0.00247554,2.27489e-05,0.0011934,1.85626e-05,0.0
0.0,0.0,7.24368e-05,0.00417138,0.0,0.000227084,0.0,6.69608e-06,0.000626295,0.0,1.39868e-05,7.37314e-06,1.72631e-06,7.04401e-06,6.25471e-06,0.0,6.55043e-06,0.0,0.0,2.58577e-06,1.75456e-05,3.13564e-05,0.0,0.000375208,0.0,0.0,1.85246e-05,0.0,2.8536e-07,0.000362455,0.0,5.0367e-05,0.00013278,6.91954e-05,1.75783e-05,0.00034349,0.0,0.000167434,0.0,0.0,6.56958e-05,0.0,9.13876e-07,1.58681e-05,1.20578e-06,0.0,0.0,0.0,0.0,3.58398e-06,0.0,2.65432e-07,0.0,0.000430821,0.0,0.0,0.0,4.44732e-05,0.0,0.0,0.0,0.0,0.0,4.40534e-05,4.65537e-05,0.0,0.0,0.000154672,3.80835e-06,0.0,0.0,4.08669e-06,1.35154e-07,0.0,8.9094e-06,0.0,0.0,0.0,3.61831e-05,0.0,0.0,0.0,3.81738e-05,0.0,6.17157e-05,1.22799e-05,1.50053e-05,0.0,0.00114583,0.000268162,0.000476965,7.94646e-07,2.86948e-05,0.000285897,0.000365455,0.00147989,0.000109642,0.00142447,0.000742108,0.0012425,0.00022414,0.000275086,1.10293e-05,0.0,9.86834e-05,0.000414728,8.9156e-05,0.000166286,5.7604e-05,0.00247702,2.33187e-05,0.00119536,1.82424e-05,0.0
0.0,0.0,7.27251e-05,0.00417564,0.0,0.000226857,0.0,6.69608e-06,0.000626889,0.0,1.3683e-05,7.07814e-06,8.69529e-07,6.12535e-06,5.95687e-06,0.0,5.35855e-06,0.0,0.0,2.87308e-06,1.727e-05,3.05406e-05,0.0,0.000375474,0.0,0.0,1.88087e-05,0.0,5.7072e-07,0.000361578,3.05649e-07,4.81007e-05,0.000132774,6.98107e-05,1.72892e-05,0.000339561,0.0,0.000169241,0.0,0.0,6.59999e-05,2.985e-07,9.13876e-07,1.58694e-05,1.50722e-06,0.0,0.0,0.0,0.0,3.76318e-06,0.0,1.32716e-07,0.0,0.000430629,2.39583e-07,0.0,0.0,4.44963e-05,0.0,0.0,0.0,0.0,0.0,4.38699e-05,4.63004e-05,0.0,0.0,0.000154688,3.00473e-06,0.0,0.0,4.37197e-06,0.0,0.0,9.14386e-06,0.0,0.0,0.0,3.66891e-05,0.0,0.0,0.0,3.84068e-05,0.0,6.24363e-05,1.22799e-05,1.50053e-05,0.0,0.00115,0.000268439,0.000478271,5.25296e-07,2.87014e-05,0.000286652,0.000364437,0.00148113,0.000109925,0.00141996,0.000739608,0.00124283,0.000223225,0.000273363,1.16327e-05,0.0,0.000100389,0.000417785,8.85414e-05,0.000165087,5.70267e-05,0.00247439,2.30374e-05,0.00119446,1.74142e-05,0.0
0.0,0.0,7.27251e-05,0.00417237,0.0,0.000227078,0.0,6.97509e-06,0.000625548,0.0,1.36826e-05,7.95562e-06,8.6874e-07,7.04401e-06,6.25471e-06,0.0,6.24955e-06,0.0,0.0,2.58577e-06,1.69847e-05,2.94469e-05,0.0,0.000375735,0.0,0.0,1.85186e-05,0.0,2.8536e-07,0.00036126,0.0,4.93145e-05,0.000133384,6.95033e-05,1.78585e-05,0.000341672,0.0,0.000168938,0.0,0.0,6.5109e-05,2.985e-07,6.09251e-07,1.58681e-05,1.50722e-06,0.0,0.0,0.0,0.0,3.76318e-06,0.0,2.65432e-07,0.0,0.000430452,0.0,0.0,0.0,4.47128e-05,0.0,0.0,0.0,0.0,0.0,4.40534e-05,4.63157e-05,0.0,0.0,0.000155145,3.26776e-06,0.0,0.0,4.4062e-06,1.35154e-07,0.0,8.9094e-06,0.0,0.0,0.0,3.64939e-05,0.0,0.0,0.0,3.81758e-05,0.0,6.2434e-05,1.22781e-05,1.47708e-05,0.0,0.00114771,0.000267221,0.000479772,5.25296e-07,3.05714e-05,0.000286668,0.000367322,0.00148051,0.000109942,0.00141877,0.00074359,0.00124463,0.000224147,0.00027569,1.10293e-05,0.0,9.80912e-05,0.000414414,8.85417e-05,0.000163865,5.70248e-05,0.00247727,2.30333e-05,0.00119334,1.82403e-05,0.0
0.0,0.0,7.27231e-05,0.00417634,0.0,0.000226843,0.0,6.69608e-06,0.00062581,0.0,1.3683e-05,7.37314e-06,1.16148e-06,6.43157e-06,5.95687e-06,0.0,4.76826e-06,0.0,0.0,2.58577e-06,1.727e-05,3.13901e-05,0.0,0.000375997,0.0,0.0,1.881e-05,0.0,2.8536e-07,0.000365715,5.9988e-07,4.8189e-05,0.000132774,6.98103e-05,1.72892e-05,0.000341957,0.0,0.000166809,0.0,0.0,6.56951e-05,2.985e-07,9.13876e-07,1.61672e-05,1.50722e-06,0.0,0.0,0.0,0.0,3.76318e-06,0.0,2.65432e-07,0.0,0.00043026,0.0,0.0,0.0,4.44891e-05,0.0,0.0,0.0,0.0,0.0,4.40534e-05,4.67794e-05,0.0,0.0,0.000154679,3.82039e-06,0.0,0.0,4.12369e-06,0.0,0.0,8.9094e-06,0.0,0.0,0.0,3.63468e-05,0.0,0.0,0.0,3.81983e-05,0.0,6.17109e-05,1.22799e-05,1.50053e-05,0.0,0.00114656,0.00026822,0.000479317,7.93346e-07,2.84132e-05,0.000287174,0.000365501,0.00147991,0.000110232,0.0014217,0.000740528,0.00124259,0.000220488,0.00027508,1.19299e-05,0.0,9.92465e-05,0.000416567,8.88494e-05,0.00016598,5.73208e-05,0.00247805,2.27542e-05,0.00119245,1.77326e-05,0.0
0.0,0.0,7.27251e-05,0.00417271,0.0,0.000227091,0.0,6.69608e-06,0.000624034,0.0,1.39868e-05,7.07814e-06,8.6874e-07,6.73754e-06,6.25471e-06,0.0,5.95422e-06,0.0,0.0,2.58577e-06,1.75456e-05,2.88967e-05,0.0,0.000374709,0.0,0.0,1.87965e-05,0.0,2.8536e-07,0.000361836,5.71816e-07,4.96164e-05,0.000132473,6.98105e-05,1.75783e-05,0.000341387,0.0,0.000167729,0.0,0.0,6.53998e-05,0.0,9.13876e-07,1.55702e-05,1.50722e-06,0.0,0.0,0.0,0.0,3.58398e-06,0.0,1.32716e-07,0.0,0.000430821,0.0,0.0,0.0,4.44681e-05,0.0,0.0,0.0,0.0,0.0,4.40534e-05,4.6083e-05,0.0,0.0,0.000154903,3.13507e-06,0.0,0.0,4.41541e-06,0.0,0.0,8.9094e-06,0.0,0.0,0.0,3.64916e-05,0.0,0.0,0.0,3.81758e-05,0.0,6.26856e-05,1.25143e-05,1.50053e-05,0.0,0.00115,0.000267949,0.000479537,2.62648e-07,2.8689e-05,0.00028513,0.00036572,0.00147928,0.000109939,0.00141966,0.000743908,0.00124651,0.000223218,0.000274235,1.07308e-05,0.0,9.98251e-05,0.000416555,8.94635e-05,0.000165083,5.67332e-05,0.00247647,2.27478e-05,0.00119408,1.88293e-05,0.0
0.0,0.0,7.27241e-05,0.00417566,0.0,0.000227322,0.0,6.69608e-06,0.000624633,3.01445e-07,1.39868e-05,7.95831e-06,1.44314e-06,6.73779e-06,5.95687e-06,0.0,5.94984e-06,0.0,0.0,2.87308e-06,1.727e-05,3.02625e-05,0.0,0.000376514,0.0,0.0,1.85308e-05,0.0,5.0536e-07,0.000364261,3.05649e-07,4.88323e-05,0.000133077,6.98105e-05,1.72892e-05,0.000340456,0.0,0.000168329,0.0,0.0,6.54029e-05,2.985e-07,9.13876e-07,1.61672e-05,1.20578e-06,0.0,0.0,0.0,0.0,3.76318e-06,0.0,2.65432e-07,0.0,0.000430819,0.0,0.0,0.0,4.47233e-05,0.0,0.0,0.0,0.0,0.0,4.38699e-05,4.63123e-05,0.0,0.0,0.000154457,3.67565e-06,0.0,0.0,4.33017e-06,1.35154e-07,0.0,8.9094e-06,0.0,0.0,0.0,3.59801e-05,0.0,0.0,0.0,3.86132e-05,0.0,6.17126e-05,1.20437e-05,1.47708e-05,0.0,0.00114427,0.000267484,0.000477753,5.25296e-07,3.0282e-05,0.000286657,0.000366257,0.00148081,0.00010994,0.00141936,0.000740894,0.00124008,0.000222017,0.000275371,1.16327e-05,0.0,0.000100129,0.000414717,8.85413e-05,0.000165971,5.78974e-05,0.00247579,2.33187e-05,0.00119811,1.76527e-05,0.0
0.0,0.0,7.24378e-05,0.00417687,0.0,0.000226843,0.0,6.97509e-06,0.000626295,0.0,1.33791e-05,7.36639e-06,1.72924e-06,6.43157e-06,6.25471e-06,0.0,5.96544e-06,0.0,0.0,2.58577e-06,1.69847e-05,3.08187e-05,0.0,0.000375229,0.0,0.0,1.87965e-05,0.0,2.8536e-07,0.000361231,6.05864e-07,4.92534e-05,0.000133082,6.95035e-05,1.75783e-05,0.000340479,0.0,0.000169249,0.0,0.0,6.54014e-05,2.985e-07,6.09251e-07,1.61678e-05,1.50722e-06,0.0,0.0,0.0,0.0,3.76318e-06,0.0,1.32716e-07,0.0,0.00043081,2.39583e-07,0.0,0.0,4.47218e-05,0.0,0.0,0.0,0.0,0.0,4.40534e-05,4.67829e-05,0.0,0.0,0.000154676,3.80829e-06,0.0,0.0,4.02943e-06,0.0,0.0,8.9094e-06,0.0,0.0,0.0,3.66749e-05,0.0,0.0,0.0,3.84068e-05,0.0,6.24461e-05,1.22799e-05,1.50053e-05,0.0,0.00115133,0.000268201,0.000478,5.25296e-07,2.84336e-05,0.000287173,0.000364142,0.0014802,0.000109932,0.00142596,0.000740844,0.00124556,0.000222307,0.000275104,1.10293e-05,0.0,9.92566e-05,0.000415353,8.82342e-05,0.00016417,5.70267e-05,0.00247807,2.30385e-05,0.00119286,1.8026e-05,0.0
0.0,0.0,4.31595e-06,0.0113804,0.0,0.000174682,0.000196367,6.69608e-06,0.000673111,6.02867e-07,6.38042e-06,9.14459e-06,1.45242e-06,1.22674e-06,5.95687e-06,0.0,4.76289e-06,0.0,0.0,1.11193e-05,1.61904e-05,3.5003e-05,0.0,0.000423227,0.0,0.0,2.7207e-05,0.0,1.68655e-06,0.000378547,4.14724e-06,4.95919e-05,0.000837562,7.59578e-05,2.60908e-05,0.000304232,0.0,0.00020047,3.06902e-07,0.0,4.78858e-05,0.0,0.0,1.82649e-05,1.80813e-06,1.052e-06,0.0,0.0,0.0,3.22558e-06,0.0,1.47678e-06,0.0,0.00031148,7.65599e-06,0.0,0.0,3.29398e-05,0.0,0.0,0.0,0.0,0.0,5.97723e-05,5.32064e-05,0.0,0.0,0.000104024,4.09994e-06,0.0,0.0,6.11934e-06,0.0,0.0,0.0,0.0,0.0,0.0,6.08391e-05,0.0,0.0,0.0,4.32086e-05,0.0,5.20548e-05,0.0,0.0,0.0,0.00120061,0.000237729,0.000494382,5.25296e-07,3.68861e-05,0.00030039,0.000368659,0.00152945,0.000108741,0.00146061,0.000803174,0.00133097,0.000274432,0.000376008,8.92029e-06,0.0,0.00037434,0.000391171,9.1616e-05,0.000135986,6.31508e-05,0.00248371,2.47329e-05,0.00123133,1.5936e-05,0.0
0.0,0.0,4.0316e-06,0.0113792,0.0,0.00017492,0.000196611,6.69608e-06,0.00066931,6.02346e-07,6.07659e-06,9.14382e-06,2.90121e-06,1.83966e-06,5.65903e-06,0.0,4.763e-06,0.0,0.0,1.0832e-05,1.61904e-05,3.28182e-05,0.0,0.000421961,0.0,0.0,2.7196e-05,0.0,1.29938e-06,0.000377699,4.75517e-06,4.98946e-05,0.000836644,7.6266e-05,2.6939e-05,0.000302392,0.0,0.000200159,0.0,0.0,4.78817e-05,0.0,0.0,1.82649e-05,2.10903e-06,1.052e-06,0.0,0.0,0.0,3.40478e-06,0.0,1.35144e-06,0.0,0.000311301,7.65599e-06,0.0,0.0,3.24958e-05,0.0,0.0,0.0,0.0,0.0,5.99558e-05,5.25049e-05,0.0,0.0,0.000103755,3.54971e-06,0.0,0.0,5.20864e-06,1.35154e-07,0.0,0.0,0.0,0.0,0.0,6.11878e-05,0.0,0.0,0.0,4.32086e-05,0.0,5.25491e-05,0.0,0.0,0.0,0.0012065,0.000236548,0.000494915,2.62648e-07,3.47616e-05,0.000300643,0.000370705,0.00152762,0.000109645,0.00146577,0.000805868,0.00132919,0.000273183,0.000374261,8.61896e-06,0.0,0.000376585,0.000392091,9.10012e-05,0.000137494,6.37394e-05,0.00247978,2.47339e-05,0.00123141,1.59261e-05,0.0
0.0,0.0,4.6042e-06,0.0113805,0.0,0.000174927,0.000196367,6.69608e-06,0.00066855,6.02867e-07,5.77276e-06,9.14459e-06,1.4605e-06,9.20274e-07,5.95687e-06,0.0,5.06308e-06,0.0,0.0,1.11193e-05,1.64648e-05,3.49885e-05,0.0,0.000422932,0.0,0.0,2.69306e-05,0.0,1.09553e-06,0.000378524,3.85785e-06,5.10159e-05,0.000837253,7.6266e-05,2.63799e-05,0.000303931,0.0,0.000201994,0.0,0.0,4.8482e-05,0.0,0.0,1.85646e-05,1.50668e-06,1.052e-06,0.0,0.0,0.0,3.22558e-06,0.0,1.07626e-06,0.0,0.000311119,7.41308e-06,0.0,0.0,3.36498e-05,0.0,0.0,0.0,0.0,0.0,5.95781e-05,5.29772e-05,0.0,0.0,0.000103546,4.22291e-06,0.0,0.0,5.72287e-06,0.0,0.0,0.0,0.0,0.0,0.0,6.05551e-05,0.0,0.0,0.0,4.32086e-05,0.0,5.27986e-05,0.0,0.0,0.0,0.0012024,0.000236974,0.000493061,5.25296e-07,3.52776e-05,0.000300388,0.000371018,0.00152914,0.000109046,0.00146391,0.000803738,0.00133069,0.000271374,0.000376571,8.92029e-06,0.0,0.000376907,0.000391492,9.06939e-05,0.000137185,6.34444e-05,0.0024871,2.53027e-05,0.00123433,1.53947e-05,0.0
0.0,0.0,4.31595e-06,0.0113812,0.0,0.00017419,0.000196611,6.97509e-06,0.000671519,0.0,6.07659e-06,9.42977e-06,1.44644e-06,1.83966e-06,5.95687e-06,0.0,4.46323e-06,0.0,0.0,1.05477e-05,1.6461e-05,3.28075e-05,0.0,0.000422716,0.0,0.0,2.7207e-05,0.0,1.31625e-06,0.000378541,4.74421e-06,5.08263e-05,0.000836945,7.5651e-05,2.63799e-05,0.000303017,0.0,0.000200774,0.0,0.0,4.81836e-05,0.0,0.0,1.82649e-05,2.10903e-06,1.052e-06,0.0,0.0,0.0,3.40478e-06,0.0,1.48409e-06,0.0,0.000311665,7.65599e-06,0.0,0.0,3.29575e-05,0.0,0.0,0.0,0.0,0.0,5.99558e-05,5.27205e-05,0.0,0.0,0.000103516,3.55213e-06,0.0,0.0,5.83485e-06,0.0,0.0,0.0,0.0,0.0,0.0,6.08391e-05,0.0,0.0,0.0,4.32086e-05,0.0,5.28093e-05,0.0,0.0,0.0,0.00120291,0.000237975,0.00049492,7.93346e-07,3.47692e-05,0.000300634,0.00036678,0.00153099,0.000109643,0.00146399,0.000801641,0.00132766,0.000270751,0.000374283,8.91746e-06,0.0,0.000375159,0.000393009,9.16162e-05,0.000137484,6.28619e-05,0.00248259,2.50183e-05,0.00123419,1.56904e-05,0.0
0.0,0.0,4.31595e-06,0.0113823,0.0,0.000174927,0.000196856,6.69608e-06,0.000669834,9.03246e-07,6.07659e-06,9.43882e-06,2.31134e-06,1.22674e-06,5.65903e-06,0.0,4.77868e-06,0.0,0.0,1.11193e-05,1.61904e-05,3.41921e-05,0.0,0.00042321,0.0,0.0,2.69216e-05,0.0,1.11583e-06,0.000377655,4.75943e-06,4.97078e-05,0.000836957,7.59585e-05,2.66499e-05,0.000303022,0.0,0.000199557,0.0,0.0,4.81782e-05,0.0,0.0,1.79651e-05,1.80813e-06,1.052e-06,0.0,0.0,0.0,3.22558e-06,0.0,1.20897e-06,0.0,0.000311115,7.65599e-06,0.0,0.0,3.27176e-05,0.0,0.0,0.0,0.0,0.0,5.97723e-05,5.22738e-05,0.0,0.0,0.000103313,4.09752e-06,0.0,0.0,6.1244e-06,1.35154e-07,0.0,0.0,0.0,0.0,0.0,6.10248e-05,0.0,0.0,0.0,4.32086e-05,0.0,5.32823e-05,0.0,0.0,0.0,0.00120477,0.000236771,0.00049414,2.62648e-07,3.58146e-05,0.00030117,0.00037103,0.00152822,0.000109341,0.00146392,0.000803124,0.00133131,0.000274127,0.000373635,8.92029e-06,0.0,0.000377494,0.000391176,9.10007e-05,0.000135998,6.31534e-05,0.00248344,2.44528e-05,0.00123106,1.62256e-05,0.0
0.0,0.0,4.31985e-06,0.0113803,0.0,0.000174435,0.000196367,6.69608e-06,0.000671789,3.01967e-07,6.07659e-06,9.14459e-06,2.31368e-06,1.53296e-06,5.95687e-06,0.0,5.35488e-06,0.0,0.0,1.0832e-05,1.59149e-05,3.41813e-05,0.0,0.000421938,0.0,0.0,2.69306e-05,0.0,1.11583e-06,0.000378563,4.4371e-06,5.01779e-05,0.000836332,7.59583e-05,2.63799e-05,0.00030211,0.0,0.000201376,0.0,0.0,4.78822e-05,0.0,0.0,1.85646e-05,2.10903e-06,1.052e-06,0.0,0.0,0.0,3.40478e-06,0.0,1.22357e-06,0.0,0.000311301,7.90374e-06,0.0,0.0,3.2954e-05,0.0,0.0,0.0,0.0,0.0,5.95781e-05,5.34392e-05,0.0,0.0,0.000104232,4.08053e-06,0.0,0.0,5.92535e-06,0.0,0.0,0.0,0.0,0.0,0.0,6.10877e-05,0.0,0.0,0.0,4.32086e-05,0.0,5.27969e-05,0.0,0.0,0.0,0.00120295,0.000236778,0.000495484,5.25296e-07,3.47454e-05,0.000300381,0.000370484,0.00152792,0.000109045,0.00146422,0.000804046,0.0013334,0.000274713,0.000376614,8.61699e-06,0.0,0.000376313,0.000393302,9.06939e-05,0.000135379,6.34426e-05,0.00248394,2.50183e-05,0.00123373,1.56641e-05,0.0
0.0,0.0,4.31595e-06,0.0113839,0.0,0.000174682,0.000196611,6.97509e-06,0.000670439,3.00901e-07,6.07659e-06,9.14382e-06,2.03022e-06,1.22697e-06,5.95687e-06,0.0,4.47057e-06,0.0,0.0,1.11193e-05,1.61904e-05,3.28038e-05,0.0,0.000422985,0.0,0.0,2.74813e-05,0.0,1.13314e-06,0.000378548,3.86712e-06,5.05745e-05,0.000837866,7.68811e-05,2.66589e-05,0.000303612,0.0,0.000202004,3.06902e-07,0.0,4.90744e-05,0.0,0.0,1.82649e-05,1.50668e-06,1.052e-06,0.0,0.0,0.0,3.22558e-06,0.0,1.20406e-06,0.0,0.000311301,7.65434e-06,0.0,0.0,3.31792e-05,0.0,0.0,0.0,0.0,0.0,5.99558e-05,5.22653e-05,0.0,0.0,0.000103322,3.27466e-06,0.0,0.0,5.07405e-06,0.0,0.0,0.0,0.0,0.0,0.0,6.06621e-05,0.0,0.0,0.0,4.32086e-05,0.0,5.25614e-05,0.0,0.0,0.0,0.00120397,0.000237252,0.000493868,5.25296e-07,3.60965e-05,0.000299874,0.000370125,0.00152945,0.000109343,0.00146273,0.000801957,0.0013325,0.00027291,0.000374515,9.21943e-06,0.0,0.00037809,0.000390267,9.13084e-05,0.000135989,6.40303e-05,0.00248378,2.50183e-05,0.00123386,1.6519e-05,0.0
0.0,0.0,4.31595e-06,0.0113785,0.0,0.000174682,0.000196367,6.69608e-06,0.000671561,6.02346e-07,6.07659e-06,9.13979e-06,2.0397e-06,1.53296e-06,5.65903e-06,0.0,4.16602e-06,0.0,0.0,1.05477e-05,1.61904e-05,3.47371e-05,0.0,0.000422476,0.0,0.0,2.66473e-05,0.0,1.36773e-06,0.000378506,4.74577e-06,5.02869e-05,0.000836338,7.56507e-05,2.63709e-05,0.000302707,0.0,0.000198337,0.0,0.0,4.75893e-05,0.0,0.0,1.82649e-05,2.10903e-06,1.052e-06,0.0,0.0,0.0,3.40478e-06,0.0,1.35629e-06,0.0,0.000311482,7.65599e-06,0.0,0.0,3.32025e-05,0.0,0.0,0.0,0.0,0.0,5.95781e-05,5.34426e-05,0.0,0.0,0.000103508,4.09272e-06,0.0,0.0,5.5147e-06,1.35154e-07,0.0,0.0,0.0,0.0,0.0,6.05015e-05,0.0,0.0,0.0,4.34151e-05,0.0,5.23128e-05,0.0,0.0,0.0,0.00120703,0.000238206,0.000493871,2.62648e-07,3.47623e-05,0.000300899,0.000369416,0.00152884,0.000109046,0.00146337,0.000809207,0.00132852,0.000271976,0.00037599,9.21529e-06,0.0,0.00037426,0.000392697,9.13088e-05,0.000137187,6.34426e-05,0.00248583,2.47329e-05,0.00123203,1.53681e-05,0.0
0.0,0.0,4.31595e-06,0.0113782,0.0,0.00017492,0.000196611,6.69608e-06,0.000670932,6.02867e-07,5.77276e-06,9.43207e-06,1.45536e-06,1.53344e-06,5.95687e-06,0.0,5.35546e-06,0.0,0.0,1.11193e-05,1.67464e-05,3.39058e-05,0.0,0.000422419,0.0,0.0,2.74903e-05,0.0,1.40119e-06,0.000376517,4.14724e-06,4.92074e-05,0.000836332,7.68809e-05,2.63799e-05,0.000302122,0.0,0.000202292,0.0,0.0,4.81787e-05,0.0,0.0,1.85646e-05,1.80813e-06,1.052e-06,0.0,0.0,0.0,3.22558e-06,0.0,1.33678e-06,0.0,0.000310931,7.65599e-06,0.0,0.0,3.27053e-05,0.0,0.0,0.0,0.0,0.0,5.99558e-05,5.32082e-05,0.0,0.0,0.000104019,3.82232e-06,0.0,0.0,5.87673e-06,0.0,0.0,0.0,0.0,0.0,0.0,6.10539e-05,0.0,0.0,0.0,4.34171e-05,0.0,5.22929e-05,0.0,0.0,0.0,0.00120033,0.00023797,0.000494605,5.25296e-07,3.55598e-05,0.00030012,0.000369476,0.00152885,0.000109038,0.00146483,0.000802821,0.00132554,0.000274109,0.000373136,8.61896e-06,0.0,0.000376621,0.000391179,9.03861e-05,0.000136897,6.25727e-05,0.00248137,2.47339e-05,0.00123507,1.59856e-05,0.0
0.0,0.0,4.31985e-06,0.0113843,0.0,0.000174927,0.000196856,6.69608e-06,0.000669753,3.00901e-07,6.07659e-06,9.14459e-06,2.59959e-06,1.22674e-06,5.95687e-06,0.0,5.0753e-06,0.0,0.0,1.0832e-05,1.61904e-05,3.30719e-05,0.0,0.000423765,0.0,0.0,2.71983e-05,0.0,1.12678e-06,0.000379117,4.46423e-06,5.04562e-05,0.000836649,7.65734e-05,2.66589e-05,0.000302115,0.0,0.000200167,0.0,0.0,4.84758e-05,0.0,0.0,1.82649e-05,1.80758e-06,1.052e-06,0.0,0.0,0.0,3.40478e-06,0.0,1.22357e-06,0.0,0.000311853,7.65599e-06,0.0,0.0,3.29432e-05,0.0,0.0,0.0,0.0,0.0,5.97723e-05,5.27443e-05,0.0,0.0,0.000103063,3.95272e-06,0.0,0.0,6.47812e-06,0.0,0.0,0.0,0.0,0.0,0.0,6.15505e-05,0.0,0.0,0.0,4.32086e-05,0.0,5.28076e-05,0.0,0.0,0.0,0.00120395,0.000237006,0.000492117,5.25296e-07,3.52788e-05,0.000301161,0.00037023,0.00153005,0.000109942,0.00146516,0.000801313,0.00133648,0.000271682,0.000375416,8.92029e-06,0.0,0.000375706,0.000392094,9.13091e-05,0.000136267,6.28635e-05,0.00248044,2.50183e-05,0.00123411,1.59557e-05,0.0
0.0,0.0,0.0,0.0144612,0.0,0.000156606,7.8026e-05,7.53309e-06,0.000692571,0.0,1.33783e-05,9.43882e-06,4.97227e-06,2.45125e-06,5.36118e-06,0.0,4.1641e-06,0.0,0.0,1.11193e-05,1.12082e-05,2.58952e-05,0.0,0.000466727,0.0,0.0,2.99348e-05,0.0,3.3393e-06,0.000418891,3.92047e-06,5.32638e-05,0.000977215,0.000121199,1.36775e-05,0.000360706,0.0,0.00020283,0.0,0.0,5.76244e-05,0.0,1.2185e-06,1.13891e-05,2.10957e-06,0.0,0.0,0.0,0.0,0.0,0.0,3.95698e-07,0.0,0.0,4.95505e-07,0.0,0.0,7.1066e-05,0.0,0.0,0.0,0.0,0.0,0.0,4.62016e-05,0.0,0.0,9.61552e-05,1.78914e-05,0.0,0.0,5.63027e-06,1.35154e-07,0.0,1.87566e-06,0.0,0.0,0.0,0.000452329,0.0,0.0,0.0,6.06472e-05,0.0,6.48822e-05,1.32327e-05,0.0,0.000389031,0.00128777,0.000263366,0.000509451,5.25296e-07,5.05516e-05,0.000339861,0.000480373,0.0015575,0.000101304,0.00146098,0.000811648,0.00132218,0.000301494,0.000304633,1.30973e-05,0.0,0.000442379,0.000422977,8.54662e-05,0.000130289,4.74079e-05,0.00247557,2.30492e-05,0.00117453,1.43214e-05,0.0
0.0,0.0,0.0,0.014459,0.0,0.000156853,7.8026e-05,7.8121e-06,0.000692134,0.0,1.33783e-05,9.14303e-06,5.55251e-06,2.75797e-06,5.65903e-06,0.0,4.4661e-06,0.0,0.0,1.05477e-05,1.17642e-05,2.70051e-05,0.0,0.000468288,0.0,0.0,3.04914e-05,0.0,3.89433e-06,0.000423289,3.63447e-06,5.11394e-05,0.000977521,0.000121506,1.39576e-05,0.000360703,0.0,0.000202532,3.06902e-07,0.0,5.73249e-05,0.0,9.13876e-07,1.13858e-05,2.10903e-06,0.0,0.0,0.0,0.0,0.0,0.0,7.86488e-07,0.0,0.0,7.43258e-07,0.0,0.0,7.05985e-05,0.0,0.0,0.0,0.0,0.0,0.0,4.66771e-05,0.0,0.0,9.54663e-05,1.75331e-05,0.0,0.0,6.34697e-06,0.0,0.0,1.64121e-06,0.0,0.0,0.0,0.000452035,0.0,0.0,0.0,6.08576e-05,0.0,6.39009e-05,1.29948e-05,0.0,0.000388576,0.00128985,0.000260962,0.000505325,5.31998e-07,5.21391e-05,0.000342425,0.000480586,0.00155629,0.000102799,0.00146218,0.00080979,0.00132246,0.000300885,0.000305251,1.37007e-05,0.0,0.000438493,0.000423266,8.60811e-05,0.000130876,4.65372e-05,0.00247724,2.36074e-05,0.00117369,1.29279e-05,0.0
0.0,0.0,0.0,0.0144601,0.0,0.00015685,7.8026e-05,7.8121e-06,0.000693469,0.0,1.36821e-05,9.43882e-06,4.69106e-06,2.14503e-06,5.36118e-06,0.0,4.76891e-06,0.0,0.0,1.11193e-05,1.14935e-05,2.53609e-05,0.0,0.000467497,0.0,0.0,2.99348e-05,0.0,3.61243e-06,0.00042093,4.21599e-06,5.30903e-05,0.0009769,0.000122737,1.39576e-05,0.000359471,0.0,0.000203139,0.0,0.0,5.85136e-05,0.0,1.2185e-06,1.13891e-05,1.80813e-06,0.0,0.0,0.0,0.0,0.0,0.0,6.63568e-07,0.0,0.0,4.95505e-07,0.0,0.0,7.01213e-05,0.0,0.0,0.0,0.0,0.0,0.0,4.6905e-05,0.0,0.0,9.54513e-05,1.80431e-05,0.0,0.0,6.53105e-06,0.0,0.0,1.87566e-06,0.0,0.0,0.0,0.0004527,0.0,0.0,0.0,6.06472e-05,0.0,6.55951e-05,1.29948e-05,0.0,0.000388804,0.00129275,0.000262174,0.000507182,5.25296e-07,5.05521e-05,0.000340635,0.00048332,0.00155658,0.000102196,0.00146187,0.000810975,0.00132,0.000301188,0.000304296,1.36937e-05,0.0,0.000440301,0.000423584,8.57741e-05,0.000131778,4.68227e-05,0.00246781,2.30515e-05,0.00117267,1.43726e-05,0.0
0.0,0.0,0.0,0.0144611,0.0,0.000156853,7.8026e-05,7.8121e-06,0.000691223,0.0,1.27702e-05,9.72707e-06,5.26636e-06,2.75772e-06,5.36118e-06,0.0,4.76169e-06,0.0,0.0,1.05477e-05,1.14935e-05,2.53333e-05,0.0,0.000466749,0.0,0.0,2.96581e-05,0.0,3.80933e-06,0.000419154,3.02939e-06,5.35614e-05,0.000976294,0.000120891,1.39565e-05,0.000361313,0.0,0.000200696,0.0,0.0,5.82191e-05,0.0,9.13876e-07,1.16823e-05,2.10903e-06,0.0,0.0,0.0,0.0,0.0,0.0,3.95698e-07,0.0,0.0,4.95505e-07,0.0,0.0,7.15035e-05,0.0,0.0,0.0,0.0,0.0,0.0,4.62051e-05,0.0,0.0,9.57059e-05,1.80434e-05,0.0,0.0,6.524e-06,1.35154e-07,0.0,1.87566e-06,0.0,0.0,0.0,0.000452713,0.0,0.0,0.0,6.08537e-05,0.0,6.41504e-05,1.29948e-05,0.0,0.000388576,0.00128745,0.000262406,0.00050769,5.25296e-07,5.21429e-05,0.000341911,0.000481933,0.00155873,0.000102199,0.00146104,0.000811635,0.00132216,0.000299354,0.000304106,1.31016e-05,0.0,0.000442638,0.000420214,8.60804e-05,0.000129971,4.68288e-05,0.00247627,2.36137e-05,0.00117777,1.43202e-05,0.0
0.0,0.0,0.0,0.0144583,0.0,0.00015685,7.77751e-05,7.8121e-06,0.000694138,0.0,1.36821e-05,9.14459e-06,5.25275e-06,2.4515e-06,5.65903e-06,0.0,5.06183e-06,0.0,0.0,1.11193e-05,1.17642e-05,2.67224e-05,0.0,0.000467996,0.0,0.0,2.99348e-05,0.0,4.10797e-06,0.000422092,4.23069e-06,5.29625e-05,0.000977515,0.000121506,1.36775e-05,0.000360985,0.0,0.000203742,0.0,0.0,5.79163e-05,0.0,1.2185e-06,1.10861e-05,1.80813e-06,0.0,0.0,0.0,0.0,0.0,0.0,6.53773e-07,0.0,0.0,4.95505e-07,0.0,0.0,7.08417e-05,0.0,0.0,0.0,0.0,0.0,0.0,4.73873e-05,0.0,0.0,9.61412e-05,1.71272e-05,0.0,0.0,5.93429e-06,0.0,0.0,1.87566e-06,0.0,0.0,0.0,0.000451644,0.0,0.0,0.0,6.06472e-05,0.0,6.43915e-05,1.32293e-05,0.0,0.000388576,0.00128931,0.000262418,0.00050456,5.25296e-07,5.02739e-05,0.000340884,0.000481978,0.00155567,0.0001019,0.001461,0.000814704,0.00132456,0.000302123,0.000304372,1.36984e-05,0.0,0.000441173,0.00042389,8.57747e-05,0.000129975,4.65337e-05,0.00247142,2.22017e-05,0.00117429,1.32195e-05,0.0
0.0,0.0,0.0,0.014461,0.0,0.000156609,7.8026e-05,7.8121e-06,0.000689947,0.0,1.33783e-05,9.72976e-06,5.26321e-06,2.4515e-06,5.36118e-06,0.0,4.76883e-06,0.0,0.0,1.0832e-05,1.14935e-05,2.61704e-05,0.0,0.000468033,0.0,0.0,3.02092e-05,0.0,3.53137e-06,0.000420926,4.18554e-06,5.23877e-05,0.000977825,0.000122121,1.36775e-05,0.000359189,0.0,0.000201304,3.06902e-07,0.0,5.76216e-05,0.0,1.2185e-06,1.13891e-05,2.10903e-06,0.0,0.0,0.0,0.0,0.0,0.0,3.95698e-07,0.0,0.0,7.43258e-07,0.0,0.0,7.059e-05,0.0,0.0,0.0,0.0,0.0,0.0,4.61948e-05,0.0,0.0,9.57078e-05,1.79081e-05,0.0,0.0,6.53639e-06,0.0,0.0,1.64121e-06,0.0,0.0,0.0,0.000453059,0.0,0.0,0.0,6.08596e-05,0.0,6.48551e-05,1.29948e-05,0.0,0.000389031,0.0012917,0.000262661,0.000508977,5.25296e-07,5.15917e-05,0.000341148,0.000483812,0.00155629,0.000101904,0.00145919,0.000810702,0.00132371,0.000301485,0.000303811,1.33952e-05,0.0,0.000443184,0.000422977,8.60816e-05,0.000130272,4.68227e-05,0.00247717,2.33294e-05,0.00117512,1.37553e-05,0.0
0.0,0.0,0.0,0.0144576,0.0,0.000157095,7.8026e-05,7.8121e-06,0.00069411,0.0,1.33783e-05,8.84959e-06,5.56681e-06,2.14503e-06,5.65903e-06,0.0,4.17141e-06,0.0,0.0,1.0835e-05,1.14935e-05,2.59023e-05,0.0,0.000467243,0.0,0.0,2.99348e-05,0.0,3.61243e-06,0.000419465,3.62258e-06,5.3047e-05,0.000976601,0.000121814,1.42378e-05,0.000361302,0.0,0.000203135,0.0,0.0,5.88134e-05,0.0,9.13876e-07,1.13858e-05,2.10903e-06,0.0,0.0,0.0,0.0,0.0,0.0,6.56222e-07,0.0,0.0,4.95505e-07,0.0,0.0,7.03558e-05,0.0,0.0,0.0,0.0,0.0,0.0,4.66739e-05,0.0,0.0,9.54591e-05,1.78861e-05,0.0,0.0,6.43508e-06,1.35154e-07,0.0,1.87566e-06,0.0,0.0,0.0,0.000452894,0.0,0.0,0.0,6.06452e-05,0.0,6.46344e-05,1.32327e-05,0.0,0.000388576,0.00128938,0.000261429,0.000506843,5.25296e-07,5.10868e-05,0.000341397,0.000481197,0.0015566,0.0001022,0.0014625,0.000811355,0.00132332,0.000301492,0.000305217,1.37007e-05,0.0,0.00044003,0.000420217,8.51585e-05,0.000131473,4.65397e-05,0.00247106,2.38927e-05,0.00117182,1.51793e-05,0.0
0.0,0.0,0.0,0.0144603,0.0,0.000156364,7.8026e-05,7.8121e-06,0.000690116,0.0,1.30741e-05,9.43882e-06,4.97392e-06,2.75772e-06,5.36118e-06,0.0,5.36109e-06,0.0,0.0,1.0832e-05,1.14788e-05,2.61703e-05,0.0,0.000467511,0.0,0.0,2.99348e-05,0.0,3.0603e-06,0.000420626,3.6228e-06,5.29231e-05,0.000976605,0.000122121,1.36775e-05,0.000358891,0.0,0.000200989,0.0,0.0,5.79171e-05,0.0,1.2185e-06,1.16855e-05,1.80813e-06,0.0,0.0,0.0,0.0,0.0,0.0,3.95698e-07,0.0,0.0,4.95505e-07,0.0,0.0,7.1055e-05,0.0,0.0,0.0,0.0,0.0,0.0,4.6441e-05,0.0,0.0,9.54602e-05,1.75759e-05,0.0,0.0,6.06484e-06,0.0,0.0,1.87566e-06,0.0,0.0,0.0,0.000451183,0.0,0.0,0.0,6.06472e-05,0.0,6.43899e-05,1.29948e-05,0.0,0.000389031,0.00129069,0.000262891,0.000508231,2.62648e-07,5.05267e-05,0.000340888,0.00048062,0.00155719,0.000101902,0.0014586,0.000810042,0.00132648,0.000297532,0.000304928,1.33987e-05,0.0,0.000441142,0.000423269,8.60814e-05,0.000129683,4.74086e-05,0.00247392,2.2486e-05,0.00117399,1.37815e-05,0.0
0.0,0.0,0.0,0.0144601,0.0,0.000157095,7.8026e-05,7.8121e-06,0.000693042,0.0,1.36821e-05,9.72628e-06,4.97541e-06,2.75797e-06,5.65903e-06,0.0,4.16511e-06,0.0,0.0,1.0835e-05,1.14935e-05,2.61826e-05,0.0,0.00046776,0.0,0.0,2.99404e-05,0.0,3.89433e-06,0.000421822,4.53409e-06,5.14336e-05,0.000977521,0.000122121,1.39565e-05,0.000361289,0.0,0.000202222,0.0,0.0,5.88098e-05,0.0,1.2185e-06,1.13858e-05,2.41047e-06,0.0,0.0,0.0,0.0,0.0,0.0,6.58681e-07,0.0,0.0,4.95505e-07,0.0,0.0,7.10833e-05,0.0,0.0,0.0,0.0,0.0,0.0,4.62033e-05,0.0,0.0,9.61553e-05,1.77371e-05,0.0,0.0,6.81073e-06,0.0,0.0,1.87566e-06,0.0,0.0,0.0,0.000453015,0.0,0.0,0.0,6.1066e-05,0.0,6.46122e-05,1.29948e-05,0.0,0.000388349,0.00128647,0.000261446,0.000505838,5.25296e-07,5.05496e-05,0.000340879,0.000482725,0.0015572,0.000102199,0.00146374,0.000810127,0.00131936,0.000304246,0.000302012,1.36943e-05,0.0,0.000441189,0.000422672,8.54657e-05,0.000129667,4.68272e-05,0.00247708,2.33294e-05,0.00117752,1.35143e-05,0.0
0.0,0.0,0.0,0.0144608,0.0,0.000156609,7.8026e-05,7.53309e-06,0.000692564,0.0,1.30745e-05,9.43882e-06,6.11834e-06,2.14503e-06,5.36118e-06,0.0,4.76826e-06,0.0,0.0,1.0832e-05,1.14935e-05,2.58852e-05,0.0,0.000467525,0.0,0.0,3.02092e-05,0.0,3.62466e-06,0.000419187,3.61769e-06,5.22028e-05,0.000977516,0.000121506,1.36775e-05,0.000361603,0.0,0.000203751,3.06902e-07,0.0,5.79178e-05,0.0,9.13876e-07,1.10893e-05,1.80813e-06,0.0,0.0,0.0,0.0,0.0,0.0,3.9079e-07,0.0,0.0,4.95505e-07,0.0,0.0,7.05573e-05,0.0,0.0,0.0,0.0,0.0,0.0,4.69066e-05,0.0,0.0,9.54645e-05,1.71035e-05,0.0,0.0,6.40382e-06,1.35154e-07,0.0,1.64121e-06,0.0,0.0,0.0,0.000452552,0.0,0.0,0.0,6.06472e-05,0.0,6.51317e-05,1.29948e-05,0.0,0.000388576,0.00129037,0.000262393,0.000507705,5.25296e-07,5.21438e-05,0.000341399,0.000480682,0.00155781,0.000102491,0.00146128,0.000812199,0.00132184,0.00030029,0.000306712,1.31016e-05,0.0,0.000438543,0.000423265,8.63891e-05,0.00013149,4.65354e-05,0.00247175,2.30505e-05,0.00117557,1.32006e-05,0.0
0.0,0.0,0.0,0.0124267,0.0,0.000135104,0.0,7.53309e-06,0.000726591,0.0,7.60076e-06,9.73456e-06,5.21972e-06,2.14725e-06,5.36118e-06,0.0,5.06403e-06,0.0,0.0,1.14037e-05,9.61386e-06,1.98208e-05,0.0,0.000506344,0.0,1.05612e-06,4.22199e-05,0.0,2.08259e-06,0.000431353,4.48425e-06,6.72105e-05,0.00282516,0.000158738,2.48399e-05,0.000297969,0.0,0.000213148,0.0,0.0,6.33149e-05,0.0,0.0,2.1258e-05,3.29932e-06,6.21882e-05,0.0,0.0,1.32887e-05,4.65917e-06,0.0,5.38178e-07,2.52086e-06,0.00289475,6.3246e-06,0.0,0.0,6.45431e-05,0.0,0.0,0.0,0.0,0.0,0.000131726,5.13748e-05,8.67067e-06,8.06946e-06,0.000187838,1.0012e-05,0.000270307,0.0,4.75819e-06,1.66745e-06,0.0,0.0,0.0,0.0,0.0,0.00125101,1.98e-06,0.0,0.0,4.13427e-05,0.0,4.44245e-05,7.50265e-06,0.0,0.00148455,0.00138825,0.000322667,0.000509063,5.25296e-07,6.55422e-05,0.000320183,0.000569292,0.0015795,0.000106398,0.00150972,0.000844002,0.00141173,0.000364883,0.00033888,9.24133e-06,0.0,0.000266889,0.00038039,8.26988e-05,0.000117364,5.12011e-05,0.00247392,2.41824e-05,0.00119139,1.61807e-05,0.0
0.0,0.0,0.0,0.0124266,0.0,0.000135104,0.0,7.25409e-06,0.000731867,0.0,7.60076e-06,1.00296e-05,5.52473e-06,1.53456e-06,5.06334e-06,0.0,5.05977e-06,0.0,0.0,1.14037e-05,9.34323e-06,1.95465e-05,0.0,0.000506337,0.0,7.92087e-07,4.19505e-05,0.0,1.37481e-06,0.000426686,3.06469e-06,6.26647e-05,0.00282854,0.000159969,2.45587e-05,0.000299764,0.0,0.000216194,0.0,0.0,6.33149e-05,0.0,0.0,2.06585e-05,3.60077e-06,6.24007e-05,0.0,0.0,1.3487e-05,4.65917e-06,0.0,8.01139e-07,2.29169e-06,0.00289415,6.3181e-06,0.0,0.0,6.56691e-05,0.0,0.0,0.0,0.0,0.0,0.000131909,5.09092e-05,8.87712e-06,8.28181e-06,0.00018764,1.07559e-05,0.00027008,0.0,4.95721e-06,1.87588e-06,0.0,0.0,0.0,0.0,0.0,0.00125,2.2e-06,0.0,0.0,4.11342e-05,0.0,4.51399e-05,7.50265e-06,0.0,0.00148432,0.00139122,0.000323636,0.000508872,5.25296e-07,6.50037e-05,0.000320704,0.000566379,0.00158192,0.000105493,0.001513,0.000849074,0.00141419,0.000367049,0.000336819,9.84243e-06,0.0,0.000266896,0.000383147,8.42369e-05,0.000115284,5.12056e-05,0.0024777,2.44668e-05,0.00119404,1.52768e-05,0.0
0.0,0.0,0.0,0.0124265,0.0,0.000134859,0.0,7.53309e-06,0.000728612,0.0,7.29693e-06,1.06122e-05,4.9554e-06,1.8418e-06,5.06334e-06,0.0,4.76629e-06,0.0,0.0,1.14037e-05,9.61386e-06,1.90122e-05,0.0,0.000505805,0.0,7.92087e-07,4.30434e-05,0.0,2.48377e-06,0.000428736,4.26078e-06,6.4377e-05,0.002827,0.000158738,2.45587e-05,0.000302164,0.0,0.000214666,0.0,0.0,6.41992e-05,0.0,0.0,2.09615e-05,3.29932e-06,6.21922e-05,0.0,0.0,1.32887e-05,4.47997e-06,0.0,2.70308e-07,2.29169e-06,0.00289468,6.07685e-06,0.0,0.0,6.50117e-05,0.0,0.0,0.0,0.0,0.0,0.000131726,5.13917e-05,8.67067e-06,8.28181e-06,0.000187876,1.02821e-05,0.000269563,0.0,4.89579e-06,1.66745e-06,0.0,0.0,0.0,0.0,0.0,0.00125082,1.98e-06,0.0,0.0,4.13427e-05,0.0,4.36926e-05,7.50265e-06,0.0,0.00148409,0.00138753,0.000323893,0.000510879,5.25296e-07,6.44921e-05,0.000320184,0.000569824,0.00158041,0.000105795,0.00151242,0.000845221,0.00141545,0.000366111,0.000339735,9.24133e-06,0.0,0.000264582,0.000380681,8.36215e-05,0.000117065,5.09138e-05,0.00247673,2.39023e-05,0.00119392,1.5887e-05,0.0
0.0,0.0,0.0,0.0124289,0.0,0.000134859,0.0,7.25409e-06,0.000730967,0.0,7.29429e-06,1.00255e-05,6.37743e-06,1.53365e-06,5.06334e-06,0.0,4.4593e-06,0.0,0.0,1.14037e-05,9.62859e-06,1.92576e-05,0.0,0.000507618,0.0,1.05612e-06,4.22199e-05,0.0,1.0958e-06,0.000428999,3.3459e-06,6.37572e-05,0.00282823,0.000158738,2.45598e-05,0.000298568,0.0,0.000214365,0.0,0.0,6.33122e-05,0.0,0.0,2.12541e-05,3.59579e-06,6.23967e-05,0.0,0.0,1.3487e-05,4.65917e-06,0.0,5.38178e-07,2.29169e-06,0.00289417,6.3181e-06,0.0,0.0,6.54326e-05,0.0,0.0,0.0,0.0,0.0,0.000131909,5.04168e-05,8.87712e-06,8.06946e-06,0.000187374,1.03239e-05,0.000270475,0.0,5.41731e-06,1.8026e-06,0.0,0.0,0.0,0.0,0.0,0.0012512,2.2e-06,0.0,0.0,4.13427e-05,0.0,4.51613e-05,7.50265e-06,0.0,0.00148432,0.00138689,0.000323394,0.000511172,5.25296e-07,6.39279e-05,0.000319677,0.000567997,0.00158132,0.000106688,0.0015094,0.000847662,0.00141107,0.000367352,0.000340033,8.93988e-06,0.0,0.000265729,0.000382833,8.39296e-05,0.000116492,5.0907e-05,0.00247697,2.44604e-05,0.00119051,1.58705e-05,0.0
0.0,0.0,0.0,0.012425,0.0,0.000135586,0.0,7.53309e-06,0.000727021,0.0,7.60076e-06,1.03178e-05,5.80074e-06,1.53456e-06,5.36118e-06,0.0,5.36259e-06,0.0,0.0,1.14037e-05,9.34323e-06,1.92841e-05,0.0,0.000506073,0.0,7.92087e-07,4.25034e-05,0.0,2.11177e-06,0.000427804,3.63519e-06,6.48352e-05,0.00282578,0.000158738,2.48388e-05,0.000302152,0.0,0.000217113,0.0,0.0,6.44999e-05,0.0,0.0,2.09615e-05,3.29987e-06,6.21922e-05,0.0,0.0,1.32887e-05,4.65917e-06,0.0,3.98115e-07,2.29169e-06,0.00289456,6.07685e-06,0.0,0.0,6.52304e-05,0.0,0.0,0.0,0.0,0.0,0.000131726,5.11437e-05,8.67067e-06,8.28181e-06,0.000188324,1.01664e-05,0.00026974,0.0,5.22795e-06,1.87588e-06,0.0,0.0,0.0,0.0,0.0,0.00124961,1.98e-06,0.0,0.0,4.11342e-05,0.0,4.48968e-05,7.2682e-06,0.0,0.00148432,0.00139038,0.000322928,0.000509332,2.62648e-07,6.63158e-05,0.000321208,0.000569062,0.0015804,0.000104902,0.0015157,0.000845128,0.00141334,0.000366421,0.000338031,9.24613e-06,0.0,0.000265156,0.000381305,8.30063e-05,0.000116464,5.12056e-05,0.00248159,2.41889e-05,0.00119846,1.55931e-05,0.0
0.0,0.0,0.0,0.012429,0.0,0.000134859,0.0,7.25409e-06,0.000729623,0.0,7.29693e-06,1.0323e-05,4.65728e-06,1.53456e-06,5.06334e-06,0.0,4.46396e-06,0.0,0.0,1.11193e-05,9.61386e-06,1.92638e-05,0.0,0.00050687,0.0,7.92087e-07,4.24905e-05,0.0,2.15953e-06,0.000427865,3.95431e-06,6.50677e-05,0.00282822,0.000159661,2.42797e-05,0.000298269,0.0,0.000214068,0.0,0.0,6.3312e-05,0.0,0.0,2.06585e-05,3.29932e-06,6.26051e-05,0.0,0.0,1.3487e-05,4.47997e-06,0.0,5.38178e-07,2.29169e-06,0.00289417,6.3181e-06,0.0,0.0,6.52316e-05,0.0,0.0,0.0,0.0,0.0,0.000131909,5.13851e-05,8.87712e-06,8.28181e-06,0.00018762,1.04589e-05,0.000270477,0.0,5.14253e-06,1.66745e-06,0.0,0.0,0.0,0.0,0.0,0.00125126,2.2e-06,0.0,0.0,4.11362e-05,0.0,4.41992e-05,7.50265e-06,0.0,0.00148432,0.0013891,0.000323157,0.000510122,5.25296e-07,6.37063e-05,0.000319931,0.000568523,0.00158223,0.000105791,0.00151271,0.000842184,0.00141481,0.000365816,0.000341192,9.54046e-06,0.0,0.000266614,0.000381911,8.36219e-05,0.000115289,5.09138e-05,0.00247159,2.41824e-05,0.00119234,1.50324e-05,0.0
0.0,0.0,0.0,0.0124265,0.0,0.000134859,0.0,7.53309e-06,0.000727253,0.0,6.99046e-06,9.73456e-06,6.09834e-06,1.84103e-06,5.06334e-06,0.0,5.96425e-06,0.0,0.0,1.14037e-05,9.34323e-06,1.95378e-05,0.0,0.000506565,0.0,7.92087e-07,4.22199e-05,0.0,1.92593e-06,0.000430497,3.91776e-06,6.32858e-05,0.00282761,0.000158738,2.45587e-05,0.000300051,0.0,0.000215284,0.0,0.0,6.45048e-05,0.0,0.0,2.09615e-05,3.29932e-06,6.21922e-05,0.0,0.0,1.32887e-05,4.65917e-06,0.0,6.65985e-07,2.29169e-06,0.00289375,6.07685e-06,0.0,0.0,6.52273e-05,0.0,0.0,0.0,0.0,0.0,0.000131726,5.16278e-05,8.67067e-06,8.06946e-06,0.000187419,1.08446e-05,0.000269917,0.0,4.73627e-06,1.8026e-06,0.0,0.0,0.0,0.0,0.0,0.00125107,1.98e-06,0.0,0.0,4.13427e-05,0.0,4.48986e-05,7.50265e-06,0.0,0.00148432,0.0013915,0.000323161,0.000508831,7.93346e-07,6.65839e-05,0.000320955,0.000567131,0.00158042,0.00010639,0.00151177,0.000849469,0.00141203,0.000369169,0.000334792,8.93988e-06,0.0,0.000265396,0.000381912,8.39287e-05,0.000117662,5.12011e-05,0.00247878,2.44668e-05,0.0011943,1.53035e-05,0.0
0.0,0.0,0.0,0.0124274,0.0,0.000135104,0.0,7.25409e-06,0.000732051,0.0,7.60076e-06,1.00296e-05,5.52309e-06,1.84078e-06,5.06334e-06,0.0,4.75904e-06,0.0,0.0,1.14037e-05,9.34323e-06,1.98304e-05,0.0,0.00050584,0.0,1.05612e-06,4.25034e-05,0.0,1.37481e-06,0.000428109,3.63212e-06,6.33556e-05,0.00282578,0.000158738,2.48388e-05,0.000300975,0.0,0.000215872,0.0,0.0,6.30114e-05,0.0,0.0,2.06585e-05,3.89723e-06,6.21922e-05,0.0,0.0,1.32887e-05,4.65917e-06,0.0,2.70308e-07,2.52086e-06,0.00289471,6.3181e-06,0.0,0.0,6.52101e-05,0.0,0.0,0.0,0.0,0.0,0.000131909,5.04285e-05,8.87712e-06,8.28181e-06,0.000188089,1.0454e-05,0.000269921,0.0,5.25169e-06,1.87588e-06,0.0,0.0,0.0,0.0,0.0,0.00125116,2.2e-06,0.0,0.0,4.13427e-05,0.0,4.4197e-05,7.50265e-06,0.0,0.00148432,0.0013856,0.000323635,0.000511719,5.25296e-07,6.34625e-05,0.00032018,0.000569002,0.00158009,0.000106093,0.00150857,0.000843055,0.00141756,0.000365504,0.000340351,9.5433e-06,0.0,0.000267515,0.00038252,8.39293e-05,0.000117689,5.09095e-05,0.00247682,2.41749e-05,0.00119513,1.55695e-05,0.0
0.0,0.0,0.0,0.0124253,0.0,0.000135104,0.0,7.53309e-06,0.000728126,0.0,7.29693e-06,1.0028e-05,5.5163e-06,1.53365e-06,5.06334e-06,0.0,4.76371e-06,0.0,0.0,1.14037e-05,9.61386e-06,1.98244e-05,0.0,0.000506593,0.0,7.92087e-07,4.22199e-05,0.0,2.36127e-06,0.000429638,3.65185e-06,6.44844e-05,0.00282822,0.000159353,2.45598e-05,0.000300082,0.0,0.00021377,0.0,0.0,6.39056e-05,0.0,0.0,2.15571e-05,3.29932e-06,6.21882e-05,0.0,0.0,1.3487e-05,4.47997e-06,0.0,5.38178e-07,2.29169e-06,0.00289431,6.07685e-06,0.0,0.0,6.49892e-05,0.0,0.0,0.0,0.0,0.0,0.000131909,5.11454e-05,8.67067e-06,8.28181e-06,0.000187614,1.0304e-05,0.000269938,0.0,4.98861e-06,1.66745e-06,0.0,0.0,0.0,0.0,0.0,0.00125074,1.98e-06,0.0,0.0,4.11342e-05,0.0,4.4922e-05,7.50265e-06,0.0,0.00148432,0.00139044,0.00032341,0.000507021,5.25296e-07,6.55196e-05,0.000319163,0.000569872,0.00158072,0.000104892,0.00151269,0.000844277,0.00141057,0.000365505,0.000341459,9.54046e-06,0.0,0.000263976,0.00038223,8.36214e-05,0.000115273,5.12056e-05,0.00247428,2.47511e-05,0.00119382,1.50604e-05,0.0
0.0,0.0,0.0,0.0124292,0.0,0.000135097,0.0,7.25409e-06,0.000731027,0.0,7.60076e-06,1.00296e-05,5.80594e-06,1.53456e-06,5.36118e-06,0.0,5.35628e-06,0.0,0.0,1.14037e-05,9.34323e-06,1.87166e-05,0.0,0.000507139,0.0,7.92087e-07,4.27738e-05,0.0,1.37481e-06,0.000429299,3.67363e-06,6.5212e-05,0.00282669,0.000159353,2.42797e-05,0.000299762,0.0,0.000215586,0.0,0.0,6.42077e-05,0.0,0.0,2.0362e-05,3.29987e-06,6.24007e-05,0.0,0.0,1.32887e-05,4.65917e-06,0.0,3.98115e-07,2.29169e-06,0.00289477,6.3181e-06,0.0,0.0,6.56916e-05,0.0,0.0,0.0,0.0,0.0,0.000131726,5.16127e-05,8.87712e-06,8.06946e-06,0.000187853,1.01863e-05,0.000270667,0.0,5.25121e-06,1.8026e-06,0.0,0.0,0.0,0.0,0.0,0.00125038,2.2e-06,0.0,0.0,4.13427e-05,0.0,4.46674e-05,7.2682e-06,0.0,0.00148432,0.00139191,0.00032363,0.000509872,5.25296e-07,6.47391e-05,0.000320179,0.000569556,0.00158101,0.000106392,0.00151094,0.000848519,0.00141478,0.000369178,0.000337158,8.64566e-06,0.0,0.000265442,0.000381602,8.39294e-05,0.000117679,5.12047e-05,0.00247525,2.39046e-05,0.00119129,1.58396e-05,0.0
0.0,0.0,0.0,0.013762,0.0,9.72661e-05,8.70567e-05,7.8121e-06,0.000757334,0.0,1.2161e-05,1.29679e-05,6.37646e-06,2.4536e-06,4.7655e-06,0.0,3.86966e-06,0.0,0.0,1.59151e-05,2.6412e-05,2.69131e-05,0.0,0.000555793,0.0,0.0,2.04527e-05,0.0,8.56081e-07,0.000456707,3.91009e-06,6.78845e-05,0.00435878,0.000126106,3.45873e-05,0.000316109,0.0,0.000253551,0.0,0.0,5.6489e-05,0.0,5.78053e-06,1.94585e-05,2.10903e-06,8.07556e-05,0.0,0.0,1.76521e-05,8.60155e-06,0.0,1.53853e-06,0.0,0.00259111,5.01775e-07,0.0,0.0,8.1404e-05,0.0,0.0,0.0,0.0,0.0,6.55295e-05,4.1856e-05,0.0,2.82431e-05,8.15973e-05,3.03515e-05,0.000322148,0.0,6.98091e-06,3.75176e-06,0.0,0.0,0.0,0.0,0.0,0.000100933,0.0,0.0,0.0,7.07925e-05,0.0,6.54019e-05,9.99151e-06,0.000221246,0.00112419,0.00149272,0.000344421,0.000545036,5.31998e-07,6.38607e-05,0.000344853,0.000593468,0.00163082,9.86673e-05,0.00153686,0.000875401,0.00136363,0.000392745,0.000318494,1.28214e-05,0.0,0.000286722,0.00040562,8.17737e-05,0.000128793,4.27396e-05,0.00246989,2.22124e-05,0.00109505,1.2961e-05,0.0
0.0,0.0,3.02943e-07,0.013763,0.0,9.72595e-05,8.70567e-05,8.0911e-06,0.000758044,0.0,1.21636e-05,1.23854e-05,6.6674e-06,2.76125e-06,4.7655e-06,0.0,5.35472e-06,0.0,0.0,1.59151e-05,2.6412e-05,2.57997e-05,0.0,0.000556064,0.0,0.0,2.0734e-05,0.0,5.7072e-07,0.000456485,4.77247e-06,6.8904e-05,0.00435909,0.000126105,3.37504e-05,0.000318826,0.0,0.000252644,0.0,0.0,5.70846e-05,0.0,5.78053e-06,1.91588e-05,2.41047e-06,8.07516e-05,0.0,0.0,1.76521e-05,8.24315e-06,0.0,1.55326e-06,0.0,0.00259148,2.50888e-07,0.0,0.0,8.11733e-05,0.0,0.0,0.0,0.0,0.0,6.55295e-05,4.18576e-05,0.0,2.80308e-05,8.23371e-05,3.00764e-05,0.000322091,0.0,7.00418e-06,3.54332e-06,0.0,0.0,0.0,0.0,0.0,0.000100926,0.0,0.0,0.0,7.07925e-05,0.0,6.5414e-05,9.99151e-06,0.000221015,0.00112396,0.00149557,0.000345377,0.000544531,5.25296e-07,6.3854e-05,0.00034408,0.000599533,0.00162929,9.83702e-05,0.00153868,0.0008766,0.00136367,0.000393669,0.000319135,1.22223e-05,0.0,0.00028647,0.000405912,8.08509e-05,0.000129712,4.24504e-05,0.00246579,2.25e-05,0.00110093,1.18627e-05,0.0
0.0,0.0,0.0,0.0137588,0.0,9.7504e-05,8.70567e-05,7.8121e-06,0.000761826,0.0,1.27713e-05,1.23887e-05,6.37646e-06,3.37442e-06,4.7655e-06,0.0,4.1668e-06,0.0,0.0,1.53485e-05,2.61364e-05,2.60775e-05,0.0,0.000556589,0.0,0.0,2.04639e-05,0.0,8.42234e-07,0.00045797,3.91268e-06,6.8506e-05,0.00435756,0.000127028,3.43095e-05,0.00031641,0.0,0.000252028,3.06902e-07,0.0,5.61911e-05,0.0,5.4763e-06,1.91607e-05,2.10903e-06,8.07516e-05,0.0,0.0,1.76521e-05,8.60155e-06,0.0,1.16005e-06,0.0,0.00259012,5.01775e-07,0.0,0.0,8.11738e-05,0.0,0.0,0.0,0.0,0.0,6.57131e-05,4.23298e-05,0.0,2.80308e-05,8.13872e-05,3.06627e-05,0.000322911,0.0,7.20483e-06,3.88691e-06,0.0,0.0,0.0,0.0,0.0,0.000100405,0.0,0.0,0.0,7.07734e-05,0.0,6.54307e-05,9.99151e-06,0.000221008,0.00112419,0.00149263,0.000345835,0.000543949,5.25296e-07,6.33584e-05,0.000344856,0.000595841,0.00162898,9.95656e-05,0.00153838,0.000874809,0.00136248,0.000392463,0.000322588,1.2822e-05,0.0,0.000287343,0.00040471,8.1466e-05,0.000130294,4.21527e-05,0.00246579,2.30568e-05,0.00109458,1.27221e-05,0.0
0.0,0.0,0.0,0.0137577,0.0,9.72595e-05,8.70567e-05,8.0911e-06,0.000756923,0.0,1.21632e-05,1.23854e-05,6.66182e-06,2.76125e-06,4.7655e-06,0.0,5.06629e-06,2.97843e-07,0.0,1.62024e-05,2.61413e-05,2.69131e-05,0.0,0.000556297,0.0,0.0,2.04572e-05,0.0,8.4859e-07,0.000454393,4.46861e-06,6.79181e-05,0.00435816,0.000126413,3.45873e-05,0.000315806,0.0,0.00025417,0.0,0.0,5.8571e-05,0.0,5.78053e-06,1.91588e-05,2.41047e-06,8.096e-05,0.0,0.0,1.76521e-05,8.60155e-06,0.0,1.54835e-06,0.0,0.00259175,2.50888e-07,0.0,0.0,8.07296e-05,0.0,0.0,0.0,0.0,0.0,6.55295e-05,4.1392e-05,0.0,2.82431e-05,8.18668e-05,3.02043e-05,0.000322892,0.0,6.71026e-06,3.75176e-06,0.0,0.0,0.0,0.0,0.0,0.000101238,0.0,0.0,0.0,7.07925e-05,0.0,6.49436e-05,9.99151e-06,0.000221248,0.00112373,0.00149422,0.00034515,0.000543752,5.25296e-07,6.62021e-05,0.000343814,0.000598161,0.00163141,9.86686e-05,0.0015369,0.00087901,0.00136483,0.000391234,0.000316465,1.22223e-05,0.0,0.000285559,0.000406821,8.17737e-05,0.000126706,4.27396e-05,0.00246149,2.22146e-05,0.00109368,1.24014e-05,0.0
0.0,0.0,0.0,0.0137655,0.0,9.7504e-05,8.70567e-05,8.0911e-06,0.000759367,0.0,1.18571e-05,1.23887e-05,6.6674e-06,3.6818e-06,4.7655e-06,0.0,3.57052e-06,0.0,0.0,1.59151e-05,2.6412e-05,2.6085e-05,0.0,0.00055581,0.0,0.0,2.04528e-05,0.0,2.8536e-07,0.000457623,3.90416e-06,7.08347e-05,0.0043597,0.000125798,3.37504e-05,0.000315822,0.0,0.000252333,0.0,0.0,5.67917e-05,0.0,5.78053e-06,1.91588e-05,2.41047e-06,8.05471e-05,0.0,0.0,1.76521e-05,8.42235e-06,0.0,1.02734e-06,0.0,0.00259281,5.01775e-07,0.0,0.0,8.18779e-05,0.0,0.0,0.0,0.0,0.0,6.55295e-05,4.23264e-05,0.0,2.80308e-05,8.16005e-05,3.07019e-05,0.000321903,0.0,7.79143e-06,3.54332e-06,0.0,0.0,0.0,0.0,0.0,0.000100396,0.0,0.0,0.0,7.07925e-05,0.0,6.51822e-05,9.99151e-06,0.000221015,0.00112396,0.00149352,0.000344187,0.00054577,5.30698e-07,6.38856e-05,0.000344087,0.000596072,0.00162837,9.8962e-05,0.00153658,0.000872043,0.00135971,0.000394581,0.000322305,1.25242e-05,0.0,0.000285032,0.000404701,8.20817e-05,0.000130895,4.24504e-05,0.00247026,2.24977e-05,0.00109934,1.21326e-05,0.0
0.0,0.0,6.05886e-07,0.0137615,0.0,9.72595e-05,8.70567e-05,7.8121e-06,0.000760435,0.0,1.24674e-05,1.29703e-05,6.37646e-06,2.76125e-06,5.06334e-06,0.0,4.1694e-06,0.0,0.0,1.56328e-05,2.61364e-05,2.66285e-05,0.0,0.000556588,0.0,0.0,2.07394e-05,0.0,1.03964e-06,0.00045415,4.76642e-06,6.73471e-05,0.00435754,0.00012672,3.43095e-05,0.000318834,0.0,0.000253544,3.06469e-07,0.0,5.70803e-05,0.0,5.4763e-06,1.91607e-05,2.10903e-06,8.096e-05,0.0,0.0,1.76521e-05,8.60155e-06,0.0,1.55326e-06,0.0,0.00259113,2.50888e-07,0.0,0.0,8.13793e-05,0.0,0.0,0.0,0.0,0.0,6.55295e-05,4.23417e-05,0.0,2.80308e-05,8.20894e-05,3.03491e-05,0.000322675,0.0,6.01906e-06,3.75176e-06,0.0,0.0,0.0,0.0,0.0,0.000100555,0.0,0.0,0.0,7.0567e-05,0.0,6.54245e-05,9.99151e-06,0.000221246,0.00112419,0.00149527,0.000346805,0.00054372,5.25296e-07,6.41023e-05,0.000344062,0.000593985,0.00162929,9.89667e-05,0.00153389,0.000876883,0.00136548,0.000395805,0.000318244,1.25201e-05,0.0,0.00028649,0.000406834,8.11581e-05,0.000129706,4.27396e-05,0.00246302,2.2779e-05,0.00109356,1.24014e-05,0.0
0.0,0.0,0.0,0.0137635,0.0,9.7504e-05,8.70567e-05,8.0911e-06,0.000758437,0.0,1.24674e-05,1.23862e-05,6.37646e-06,3.06795e-06,4.7655e-06,0.0,4.47041e-06,0.0,0.0,1.56308e-05,2.6412e-05,2.58164e-05,0.0,0.000557111,0.0,0.0,2.07384e-05,0.0,5.6323e-07,0.000458796,3.01731e-06,7.06304e-05,0.00435786,0.000126106,3.43083e-05,0.000316407,0.0,0.000251418,0.0,0.0,5.64878e-05,0.0,5.78053e-06,1.88623e-05,2.10957e-06,8.05471e-05,0.0,0.0,1.76521e-05,8.60155e-06,0.0,1.53853e-06,0.0,0.0025913,5.01775e-07,0.0,0.0,8.09729e-05,0.0,0.0,0.0,0.0,0.0,6.55295e-05,4.16147e-05,0.0,2.82431e-05,8.18668e-05,3.08024e-05,0.000322887,0.0,7.29583e-06,3.67848e-06,0.0,0.0,0.0,0.0,0.0,0.000100652,0.0,0.0,0.0,7.0999e-05,0.0,6.5417e-05,9.99151e-06,0.000221008,0.00112419,0.00149261,0.000345137,0.000543239,5.25296e-07,6.51897e-05,0.000345358,0.000600076,0.00162929,9.8373e-05,0.00153686,0.000872981,0.00136094,0.000391233,0.000320267,1.25242e-05,0.0,0.000284976,0.000407447,8.14669e-05,0.000128199,4.24504e-05,0.00246579,2.24925e-05,0.0010978,1.18664e-05,0.0
0.0,0.0,0.0,0.0137598,0.0,9.70149e-05,8.70567e-05,8.0911e-06,0.000759567,0.0,1.24674e-05,1.23894e-05,7.25343e-06,3.06772e-06,4.7655e-06,0.0,4.16371e-06,0.0,0.0,1.56328e-05,2.6412e-05,2.57996e-05,0.0,0.000555782,0.0,0.0,2.01772e-05,0.0,5.7072e-07,0.000456175,4.77569e-06,6.89395e-05,0.00435756,0.000126412,3.37504e-05,0.000314599,0.0,0.000251124,0.0,0.0,5.7088e-05,0.0,5.78053e-06,1.94585e-05,2.10903e-06,8.07516e-05,0.0,0.0,1.76521e-05,8.60155e-06,0.0,1.16249e-06,0.0,0.00259093,2.50888e-07,0.0,0.0,8.16492e-05,0.0,0.0,0.0,0.0,0.0,6.55295e-05,4.18558e-05,0.0,2.80308e-05,8.16005e-05,3.03589e-05,0.000322136,0.0,7.74654e-06,3.75176e-06,0.0,0.0,0.0,0.0,0.0,0.000100413,0.0,0.0,0.0,7.05841e-05,0.0,6.47039e-05,9.99151e-06,0.000221248,0.00112442,0.00149311,0.000344668,0.000545014,2.62648e-07,6.35969e-05,0.000344598,0.00059657,0.00162991,9.95603e-05,0.00153716,0.000880221,0.00136029,0.000394291,0.000320842,1.25194e-05,0.0,0.000287042,0.000403785,8.1466e-05,0.000130001,4.24453e-05,0.00246708,2.25e-05,0.00109553,1.24014e-05,0.0
0.0,0.0,3.02943e-07,0.0137623,0.0,9.72661e-05,8.70567e-05,7.8121e-06,0.000760068,0.0,1.2164e-05,1.29679e-05,6.66471e-06,2.7603e-06,4.7655e-06,0.0,4.1694e-06,0.0,0.0,1.62024e-05,2.58658e-05,2.71767e-05,0.0,0.000555804,0.0,0.0,2.07394e-05,0.0,1.06859e-06,0.000455877,3.30313e-06,6.86905e-05,0.00435908,0.000126413,3.45885e-05,0.00031943,0.0,0.000252336,0.0,0.0,5.76796e-05,0.0,5.4763e-06,1.91607e-05,2.41047e-06,8.07556e-05,0.0,0.0,1.76521e-05,8.42235e-06,0.0,1.41811e-06,0.0,0.00259113,5.01775e-07,0.0,0.0,8.09499e-05,0.0,0.0,0.0,0.0,0.0,6.55295e-05,4.21005e-05,0.0,2.82431e-05,8.23387e-05,3.03705e-05,0.000322479,0.0,6.35619e-06,3.54332e-06,0.0,0.0,0.0,0.0,0.0,0.000100559,0.0,0.0,0.0,7.07925e-05,0.0,6.56485e-05,9.99151e-06,0.000221015,0.00112396,0.00149496,0.000347031,0.000543485,5.25296e-07,6.4127e-05,0.000343818,0.000596852,0.00163049,9.83716e-05,0.00153839,0.000874466,0.00136336,0.000390025,0.000318821,1.22229e-05,0.0,0.00028503,0.0004056,8.2081e-05,0.000130608,4.27396e-05,0.00246959,2.27779e-05,0.00109724,1.21308e-05,0.0
0.0,0.0,0.0,0.0137608,0.0,9.7504e-05,8.70567e-05,8.0911e-06,0.000758256,0.0,1.24674e-05,1.20945e-05,6.95276e-06,2.76125e-06,4.7655e-06,0.0,4.77153e-06,2.97843e-07,0.0,1.59151e-05,2.6412e-05,2.58105e-05,0.0,0.000555814,0.0,0.0,2.04572e-05,0.0,5.6323e-07,0.000456156,5.37031e-06,7.05177e-05,0.00435755,0.000126413,3.40294e-05,0.000314923,0.0,0.000253549,0.0,0.0,5.64889e-05,0.0,5.78053e-06,1.94585e-05,2.41047e-06,8.07516e-05,0.0,0.0,1.76521e-05,8.60155e-06,0.0,1.16005e-06,0.0,0.00259264,2.50888e-07,0.0,0.0,8.13992e-05,0.0,0.0,0.0,0.0,0.0,6.57131e-05,4.25643e-05,0.0,2.80308e-05,8.11272e-05,3.005e-05,0.000323614,0.0,7.14447e-06,3.88691e-06,0.0,0.0,0.0,0.0,0.0,0.000100728,0.0,0.0,0.0,7.0567e-05,0.0,6.49451e-05,9.99151e-06,0.000221015,0.00112373,0.00149422,0.000344417,0.000543172,5.25296e-07,6.49309e-05,0.000344084,0.000595334,0.00163112,9.86659e-05,0.0015333,0.00087602,0.00136216,0.000394568,0.000317642,1.28214e-05,0.0,0.000285845,0.000405932,8.11588e-05,0.000130004,4.2157e-05,0.00246239,2.24925e-05,0.0010973,1.24535e-05,0.0
0.0,0.0,5.96385e-07,0.0182242,0.0,8.43653e-05,0.000127509,8.0911e-06,0.000789861,0.0,8.22505e-06,1.50335e-05,4.34433e-06,4.29606e-06,4.46765e-06,0.0,3.86396e-06,0.0,0.0,2.3826e-05,3.82871e-05,2.68462e-05,0.0,0.000584727,0.0,2.06441e-06,1.18643e-05,0.0,8.56081e-07,0.000491177,3.88207e-06,8.30004e-05,0.000560741,0.000154423,4.32552e-05,0.000372882,0.0,0.000206011,1.2226e-06,0.0,9.70209e-05,0.0,0.0,7.14771e-06,2.10903e-06,0.000131967,0.0,0.0,0.0,7.70555e-06,9.83403e-06,1.44025e-06,0.0,0.00133565,5.83493e-06,0.0,0.0,8.35652e-05,0.0,0.0,0.0,0.0,0.0,5.37819e-05,5.15273e-05,0.0,4.96909e-05,9.31945e-05,5.37692e-05,0.000169906,0.0,1.15641e-05,5.21077e-06,0.0,0.0,0.0,0.0,0.0,7.91021e-05,0.0,0.0,0.0,0.00014185,0.0,9.14743e-05,5.77875e-05,0.0,9.35348e-05,0.00158521,0.000306724,0.000546804,5.25296e-07,8.43806e-05,0.000353001,0.000715529,0.00165633,9.36232e-05,0.00157881,0.000900638,0.00141733,0.000434582,0.000281032,8.34653e-06,0.0,0.000347854,0.000409909,6.60883e-05,0.000177122,4.59546e-05,0.00255169,2.30687e-05,0.00108086,1.27512e-05,0.0
0.0,0.0,5.96385e-07,0.0182232,0.0,8.43586e-05,0.000127263,8.0911e-06,0.000786605,0.0,6.9957e-06,1.53325e-05,4.35651e-06,3.98959e-06,4.16981e-06,0.0,4.76948e-06,0.0,0.0,2.43956e-05,3.77361e-05,2.90367e-05,0.0,0.000583948,0.0,1.8482e-06,1.2421e-05,0.0,5.0536e-07,0.000488833,4.19592e-06,8.35335e-05,0.000560746,0.000154731,4.3531e-05,0.000367124,0.0,0.000204498,9.16948e-07,0.0,9.6125e-05,0.0,0.0,6.85059e-06,2.41047e-06,0.000131759,0.0,0.0,0.0,7.52636e-06,9.99524e-06,1.57297e-06,0.0,0.00133488,5.09357e-06,0.0,0.0,8.37635e-05,0.0,0.0,0.0,0.0,0.0,5.39655e-05,5.15143e-05,0.0,4.99032e-05,9.31997e-05,5.45599e-05,0.000171598,0.0,1.10351e-05,5.21077e-06,0.0,0.0,0.0,0.0,0.0,7.87042e-05,0.0,0.0,0.0,0.000141653,0.0,9.14808e-05,5.77893e-05,0.0,9.37657e-05,0.00158916,0.000306035,0.000547572,7.93346e-07,8.49041e-05,0.00035197,0.00071738,0.00165693,9.42191e-05,0.00157854,0.000901282,0.00141243,0.000434889,0.000282824,8.64138e-06,0.0,0.000347847,0.000411442,6.67027e-05,0.000179216,4.53678e-05,0.00254032,2.27832e-05,0.0010823,1.27477e-05,0.0
0.0,0.0,2.93442e-07,0.0182256,0.0,8.41207e-05,0.000127509,8.0911e-06,0.000787201,0.0,8.52887e-06,1.50368e-05,4.36395e-06,3.98984e-06,4.46765e-06,0.0,3.86896e-06,0.0,0.0,2.41083e-05,3.85627e-05,2.63051e-05,0.0,0.000585791,0.0,1.8482e-06,1.18676e-05,0.0,2.8536e-07,0.000490287,3.88729e-06,8.34111e-05,0.000561042,0.000153194,4.29708e-05,0.000368042,0.0,0.000207224,6.11299e-07,0.0,9.61294e-05,0.0,0.0,7.14771e-06,2.41047e-06,0.000131761,0.0,0.0,0.0,7.88475e-06,9.83403e-06,1.30998e-06,0.0,0.00133601,5.1032e-06,0.0,0.0,8.33101e-05,0.0,0.0,0.0,0.0,0.0,5.37819e-05,5.22224e-05,0.0,4.96909e-05,9.31999e-05,5.42329e-05,0.000168968,0.0,1.21017e-05,5.34593e-06,0.0,0.0,0.0,0.0,0.0,7.86138e-05,0.0,0.0,0.0,0.000141642,0.0,9.21744e-05,5.77875e-05,0.0,9.35348e-05,0.00158724,0.000305793,0.000546243,5.31998e-07,8.46689e-05,0.000351451,0.000718372,0.00165784,9.30295e-05,0.001574,0.000901264,0.00141158,0.000435478,0.000277236,8.94566e-06,0.0,0.000349317,0.0004148,6.73184e-05,0.000178025,4.5372e-05,0.00254781,2.27833e-05,0.00107773,1.35794e-05,0.0
0.0,0.0,5.96385e-07,0.0182296,0.0,8.43653e-05,0.000127263,7.8121e-06,0.00078971,0.0,7.30604e-06,1.53318e-05,4.0695e-06,4.29606e-06,4.46765e-06,0.0,3.56608e-06,0.0,0.0,2.3826e-05,3.80128e-05,2.79501e-05,0.0,0.000583918,0.0,2.06441e-06,1.13135e-05,0.0,2.8536e-07,0.000488817,4.18689e-06,8.25167e-05,0.000560746,0.00015473,4.35342e-05,0.000372575,0.0,0.000202969,1.22385e-06,0.0,9.64264e-05,0.0,0.0,7.14771e-06,2.41047e-06,0.000132176,0.0,0.0,0.0,7.52636e-06,9.83403e-06,1.44025e-06,0.0,0.00133617,5.09357e-06,0.0,0.0,8.3541e-05,0.0,0.0,0.0,0.0,0.0,5.39655e-05,5.17639e-05,0.0,4.96909e-05,9.29531e-05,5.46931e-05,0.000171048,0.0,1.13488e-05,5.4192e-06,0.0,0.0,0.0,0.0,0.0,7.97357e-05,0.0,0.0,0.0,0.00014185,0.0,9.12349e-05,5.77893e-05,0.0,9.37657e-05,0.00158737,0.000305769,0.000549381,5.25296e-07,8.5166e-05,0.00035224,0.000714232,0.00165662,9.30237e-05,0.00157343,0.000895462,0.00140908,0.000434265,0.000280474,8.64566e-06,0.0,0.000346994,0.000411736,6.67035e-05,0.000179531,4.56612e-05,0.00254752,2.27821e-05,0.00108368,1.331e-05,0.0
0.0,0.0,5.96385e-07,0.0182213,0.0,8.41207e-05,0.000127263,7.8121e-06,0.000785679,0.0,7.60723e-06,1.53274e-05,4.63863e-06,3.98959e-06,4.16981e-06,0.0,4.1687e-06,0.0,0.0,2.43956e-05,3.82958e-05,2.65784e-05,0.0,0.000585527,0.0,1.8482e-06,1.18664e-05,0.0,8.56081e-07,0.000493828,4.17471e-06,8.27876e-05,0.000561349,0.000153809,4.38078e-05,0.00036896,0.0,0.000202962,9.16948e-07,0.0,9.58288e-05,0.0,0.0,7.14771e-06,2.10957e-06,0.000131759,0.0,0.0,0.0,7.70555e-06,9.99524e-06,1.57297e-06,0.0,0.00133511,5.58404e-06,0.0,0.0,8.3305e-05,0.0,0.0,0.0,0.0,0.0,5.39655e-05,5.15123e-05,0.0,4.99032e-05,9.2969e-05,5.39032e-05,0.000169898,0.0,1.14442e-05,5.21077e-06,0.0,0.0,0.0,0.0,0.0,7.87536e-05,0.0,0.0,0.0,0.000141628,0.0,9.21911e-05,5.77875e-05,0.0,9.35348e-05,0.00158541,0.00030747,0.000543404,5.25296e-07,8.59861e-05,0.000350942,0.000716303,0.00165754,9.42178e-05,0.00157881,0.000900339,0.0014146,0.000434881,0.00028015,8.6437e-06,0.0,0.000348135,0.000409922,6.6088e-05,0.000177725,4.5663e-05,0.00254541,2.27843e-05,0.00108353,1.24802e-05,0.0
0.0,0.0,5.96385e-07,0.0182225,0.0,8.46032e-05,0.000127509,8.0911e-06,0.000789029,0.0,7.91735e-06,1.5331e-05,5.22374e-06,4.90962e-06,4.46765e-06,0.0,4.76069e-06,0.0,0.0,2.41083e-05,3.80128e-05,2.79431e-05,0.0,0.000584746,0.0,1.8482e-06,1.21376e-05,0.0,2.8536e-07,0.000488511,3.29111e-06,8.23774e-05,0.000561049,0.000154423,4.32509e-05,0.000370451,0.0,0.000205705,9.16948e-07,0.0,9.67235e-05,0.0,0.0,6.55275e-06,2.41047e-06,0.000131965,0.0,0.0,0.0,7.52636e-06,9.83403e-06,1.30508e-06,0.0,0.00133598,5.09357e-06,0.0,0.0,8.29004e-05,0.0,0.0,0.0,0.0,0.0,5.37819e-05,5.1757e-05,0.0,4.96909e-05,9.294e-05,5.44e-05,0.000170457,0.0,1.11887e-05,5.21077e-06,0.0,0.0,0.0,0.0,0.0,7.85854e-05,0.0,0.0,0.0,0.000141642,0.0,9.19617e-05,5.77893e-05,0.0,9.37657e-05,0.00158622,0.000306023,0.000548338,5.25296e-07,8.41163e-05,0.000352749,0.000718697,0.00165906,9.30277e-05,0.00157611,0.00089915,0.00141489,0.000434279,0.000279576,9.2448e-06,0.0,0.000348123,0.000412363,6.63958e-05,0.000178943,4.56612e-05,0.00254809,2.25043e-05,0.00108021,1.2746e-05,0.0
0.0,0.0,5.96385e-07,0.0182283,0.0,8.41207e-05,0.000127263,8.0911e-06,0.000790485,0.0,7.60987e-06,1.50335e-05,3.78679e-06,4.29606e-06,4.16981e-06,0.0,3.56982e-06,0.0,0.0,2.3826e-05,3.77398e-05,2.76726e-05,0.0,0.000584185,0.0,2.06441e-06,1.18721e-05,0.0,4.68916e-07,0.000490302,4.48599e-06,8.42859e-05,0.000560439,0.000153808,4.35353e-05,0.000371374,0.0,0.000206932,9.16948e-07,0.0,9.64238e-05,0.0,0.0,7.44555e-06,2.41047e-06,0.000131759,0.0,0.0,0.0,7.88475e-06,9.83403e-06,1.57787e-06,0.0,0.00133564,5.34446e-06,0.0,0.0,8.39905e-05,0.0,0.0,0.0,0.0,0.0,5.39655e-05,5.12831e-05,0.0,4.96909e-05,9.36611e-05,5.42495e-05,0.000170075,0.0,1.14392e-05,5.34593e-06,0.0,0.0,0.0,0.0,0.0,7.87536e-05,0.0,0.0,0.0,0.000141643,0.0,9.14663e-05,5.75531e-05,0.0,9.35348e-05,0.00158678,0.000305304,0.000545979,5.25296e-07,8.46761e-05,0.000350949,0.000716809,0.00165693,9.30296e-05,0.001577,0.000895471,0.00140915,0.000437617,0.000280181,8.34422e-06,0.0,0.000348749,0.000411737,6.73187e-05,0.000176222,4.56612e-05,0.00254747,2.27843e-05,0.0010823,1.35807e-05,0.0
0.0,0.0,5.96385e-07,0.0182235,0.0,8.43653e-05,0.000127509,8.0911e-06,0.00078617,0.0,7.60987e-06,1.56267e-05,3.7777e-06,3.98898e-06,4.46765e-06,0.0,5.36791e-06,0.0,0.0,2.46799e-05,3.80128e-05,2.65735e-05,0.0,0.000586293,0.0,1.8482e-06,1.21467e-05,0.0,2.8536e-07,0.000489731,3.89447e-06,8.35214e-05,0.00056135,0.000154116,4.29708e-05,0.000367456,0.0,0.000203585,9.16948e-07,0.0,9.6425e-05,0.0,0.0,7.14771e-06,2.41047e-06,0.00013238,0.0,0.0,0.0,7.70555e-06,9.99524e-06,1.5754e-06,0.0,0.00133505,5.0919e-06,0.0,0.0,8.33083e-05,0.0,0.0,0.0,0.0,0.0,5.39655e-05,5.19744e-05,0.0,4.96909e-05,9.27196e-05,5.40666e-05,0.00017087,0.0,1.112e-05,5.21077e-06,0.0,0.0,0.0,0.0,0.0,7.89007e-05,0.0,0.0,0.0,0.000141642,0.0,9.12382e-05,5.80237e-05,0.0,9.37657e-05,0.00158781,0.000305304,0.000546779,5.25296e-07,8.65359e-05,0.000352742,0.000716288,0.00165541,9.36198e-05,0.00157523,0.000900326,0.00141615,0.000433959,0.00027961,8.6437e-06,0.0,0.000347826,0.000412669,6.60883e-05,0.000181324,4.5372e-05,0.00254928,2.30687e-05,0.0010814,1.30166e-05,0.0
0.0,0.0,2.93442e-07,0.0182229,0.0,8.43653e-05,0.000127263,8.0911e-06,0.000785957,0.0,7.91471e-06,1.47441e-05,5.2092e-06,4.29668e-06,4.16981e-06,0.0,2.97219e-06,0.0,0.0,2.41083e-05,3.8286e-05,2.79468e-05,0.0,0.00058343,0.0,1.8482e-06,1.15843e-05,0.0,5.7072e-07,0.000489114,4.17606e-06,8.29754e-05,0.000560438,0.000154731,4.35299e-05,0.000371062,0.0,0.000206009,9.16948e-07,0.0,9.61266e-05,0.0,0.0,7.14771e-06,2.10903e-06,0.000131348,0.0,0.0,0.0,7.52636e-06,9.83403e-06,1.43779e-06,0.0,0.00133639,5.09357e-06,0.0,0.0,8.33101e-05,0.0,0.0,0.0,0.0,0.0,5.37819e-05,5.15277e-05,0.0,4.99032e-05,9.29603e-05,5.39197e-05,0.000169317,0.0,1.13836e-05,5.21077e-06,0.0,0.0,0.0,0.0,0.0,7.94373e-05,0.0,0.0,0.0,0.000141642,0.0,9.21844e-05,5.75531e-05,0.0,9.35348e-05,0.00158516,0.000307442,0.000546798,5.25296e-07,8.51827e-05,0.000351972,0.000716074,0.00165846,9.42185e-05,0.00157761,0.000898864,0.00141092,0.00043336,0.000281633,8.94283e-06,0.0,0.00034877,0.000411129,6.63955e-05,0.00017741,4.53678e-05,0.00254811,2.25053e-05,0.00107995,1.21902e-05,0.0
0.0,0.0,5.96385e-07,0.0182256,0.0,8.41207e-05,0.000127509,8.0911e-06,0.000791866,0.0,7.30604e-06,1.50368e-05,4.65074e-06,4.29606e-06,4.46765e-06,0.0,4.1694e-06,0.0,0.0,2.41083e-05,3.82981e-05,2.68437e-05,0.0,0.000585493,0.0,2.06441e-06,1.18687e-05,0.0,8.49724e-07,0.000489979,3.89447e-06,8.30841e-05,0.000561043,0.00015473,4.35353e-05,0.000369242,0.0,0.000203579,1.22385e-06,0.0,9.67255e-05,0.0,0.0,6.85059e-06,2.41047e-06,0.000131967,0.0,0.0,0.0,7.70555e-06,9.83403e-06,1.31244e-06,0.0,0.00133564,5.34446e-06,0.0,0.0,8.37895e-05,0.0,0.0,0.0,0.0,0.0,5.39655e-05,5.19914e-05,0.0,4.96909e-05,9.31927e-05,5.47126e-05,0.000171417,0.0,1.17575e-05,5.34593e-06,0.0,0.0,0.0,0.0,0.0,7.85661e-05,0.0,0.0,0.0,0.00014163,0.0,9.12471e-05,5.80237e-05,0.0,9.35348e-05,0.00159182,0.000305551,0.000546505,5.25296e-07,8.49177e-05,0.000351711,0.000717361,0.00165692,9.39193e-05,0.00157282,0.000902472,0.00141518,0.000434889,0.000278996,8.6485e-06,0.0,0.000348671,0.000412669,6.73184e-05,0.000179241,4.59546e-05,0.00254244,2.24967e-05,0.00108335,1.27469e-05,0.0
0.0,0.0,0.0,0.0119672,0.0,8.07636e-05,0.0,8.0911e-06,0.000830366,0.0,1.15601e-05,1.38628e-05,6.95193e-06,2.1498e-06,4.16981e-06,0.0,2.97742e-06,0.0,0.0,3.20723e-05,1.92738e-05,2.70613e-05,0.0,0.000751528,0.0,1.08252e-05,4.89828e-05,0.0,1.24369e-06,0.000489563,7.89002e-06,8.34429e-05,0.00275754,7.56495e-05,5.04747e-05,0.000446541,0.0,0.00023678,1.52907e-06,0.0,7.79174e-05,0.0,0.0,4.15051e-06,1.14418e-05,0.000718449,0.0,0.0,0.0,6.80956e-06,0.0,1.55323e-06,0.0,0.00102765,6.346e-06,0.0,0.0,0.000151345,0.0,0.0,0.0,0.0,0.0,2.55143e-05,4.93984e-05,0.0,0.000267566,7.35964e-05,6.52671e-05,4.66653e-05,0.0,1.08549e-05,0.0,0.0,0.0,0.0,0.0,0.0,4.75484e-05,0.0,0.0,0.0,2.35191e-05,0.0,9.98298e-05,0.000103174,0.0,0.0,0.00168089,0.000418219,0.000552625,2.62648e-07,0.000160813,0.000344568,0.000812576,0.00162892,9.24535e-05,0.00158921,0.000946986,0.00144955,0.000146362,0.00027677,8.34653e-06,0.0,0.000321516,0.000420028,7.46984e-05,0.000139315,4.39107e-05,0.00243352,2.25107e-05,0.00102519,1.17936e-05,0.0
0.0,0.0,3.02943e-07,0.0119673,0.0,8.07703e-05,0.0,8.0911e-06,0.000835943,0.0,1.06444e-05,1.35702e-05,5.7881e-06,2.45561e-06,3.87196e-06,0.0,2.08004e-06,0.0,0.0,3.26419e-05,1.92738e-05,2.54103e-05,0.0,0.000750223,0.0,1.08252e-05,4.92622e-05,0.0,1.00411e-06,0.000486628,9.3848e-06,8.60494e-05,0.00275631,7.62643e-05,5.07548e-05,0.000442921,0.0,0.000237695,1.2226e-06,0.0,7.85115e-05,0.0,0.0,4.15051e-06,1.20442e-05,0.000718447,0.0,0.0,0.0,6.80956e-06,0.0,1.81618e-06,0.0,0.00102896,6.10642e-06,0.0,0.0,0.000150634,0.0,0.0,0.0,0.0,0.0,2.55143e-05,5.05696e-05,0.0,0.000267354,7.36089e-05,6.57786e-05,4.68423e-05,0.0,1.16684e-05,0.0,0.0,0.0,0.0,0.0,0.0,4.7308e-05,0.0,0.0,0.0,2.32882e-05,0.0,9.98487e-05,0.00010341,0.0,0.0,0.00168247,0.000417032,0.000554361,5.25296e-07,0.000162668,0.000344052,0.000811769,0.00162741,9.33406e-05,0.00158921,0.00094883,0.00145128,0.000146052,0.000275862,7.74659e-06,0.0,0.000323759,0.000418799,7.40838e-05,0.000139915,4.47869e-05,0.00243336,2.19431e-05,0.00102569,1.12333e-05,0.0
0.0,0.0,0.0,0.0119752,0.0,8.05257e-05,0.0,8.0911e-06,0.000834986,0.0,1.15601e-05,1.38553e-05,7.80423e-06,2.45602e-06,4.47071e-06,0.0,2.97772e-06,0.0,0.0,3.17879e-05,1.9826e-05,2.59618e-05,0.0,0.000751753,0.0,1.08252e-05,4.87095e-05,0.0,1.52905e-06,0.000486317,7.56986e-06,8.40941e-05,0.00275938,7.74934e-05,5.07548e-05,0.000443813,0.0,0.000234348,1.2226e-06,0.0,7.91099e-05,0.0,0.0,4.15051e-06,1.17433e-05,0.00071783,0.0,0.0,0.0,6.98876e-06,0.0,1.42538e-06,0.0,0.00102767,6.346e-06,0.0,0.0,0.000151312,0.0,0.0,0.0,0.0,0.0,2.53307e-05,5.0102e-05,0.0,0.000267354,7.33593e-05,6.56797e-05,4.64861e-05,0.0,1.07538e-05,2.72735e-07,0.0,0.0,0.0,0.0,0.0,4.73988e-05,0.0,0.0,0.0,2.34946e-05,0.0,0.000100311,0.000103174,0.0,0.0,0.00168193,0.00041747,0.000556489,5.25296e-07,0.000161878,0.000343284,0.000814918,0.00162952,9.3646e-05,0.00158259,0.000951036,0.00145408,0.000146665,0.000276496,7.75087e-06,0.0,0.000320917,0.000421563,7.50061e-05,0.000139906,4.44917e-05,0.00243506,2.1941e-05,0.00102814,1.15554e-05,0.0
0.0,0.0,0.0,0.0119674,0.0,8.07703e-05,0.0,8.0911e-06,0.000836127,0.0,1.09516e-05,1.29794e-05,6.66342e-06,1.8423e-06,3.87196e-06,0.0,2.97742e-06,0.0,0.0,3.23545e-05,1.92738e-05,2.65128e-05,0.0,0.00075123,0.0,1.08252e-05,4.89873e-05,0.0,1.52905e-06,0.000490458,8.5029e-06,8.49647e-05,0.0027557,7.5957e-05,5.07548e-05,0.000445352,0.0,0.000234339,1.2226e-06,0.0,7.79144e-05,0.0,0.0,4.15051e-06,1.20447e-05,0.000718654,0.0,0.0,0.0,6.80956e-06,0.0,1.68346e-06,0.0,0.00102859,5.85867e-06,0.0,0.0,0.000150869,0.0,0.0,0.0,0.0,0.0,2.55143e-05,5.03383e-05,0.0,0.000267354,7.33914e-05,6.59637e-05,4.66653e-05,0.0,1.17898e-05,0.0,0.0,0.0,0.0,0.0,0.0,4.7766e-05,0.0,0.0,0.0,2.35191e-05,0.0,0.000100057,0.000103174,0.0,0.0,0.00168503,0.000418008,0.000553377,5.25296e-07,0.000162692,0.000344576,0.000811812,0.00162863,9.30474e-05,0.00158713,0.000944584,0.00145346,0.000146058,0.000277593,8.04803e-06,0.0,0.000325236,0.000420327,7.40845e-05,0.000137825,4.4496e-05,0.00242733,2.22274e-05,0.00102942,1.15027e-05,0.0
0.0,0.0,0.0,0.0119692,0.0,8.05191e-05,0.0,8.0911e-06,0.00083351,0.0,1.12555e-05,1.41526e-05,6.6577e-06,2.7634e-06,4.16981e-06,0.0,2.97166e-06,0.0,0.0,3.23596e-05,1.92738e-05,2.65006e-05,0.0,0.000751018,0.0,1.08252e-05,4.84303e-05,0.0,1.22411e-06,0.000488969,8.78312e-06,8.47948e-05,0.00276091,7.59561e-05,5.07548e-05,0.000440228,0.0,0.000238311,1.2226e-06,0.0,7.79236e-05,0.0,0.0,4.15051e-06,1.20442e-05,0.000718656,0.0,0.0,0.0,6.80956e-06,0.0,1.82352e-06,0.0,0.00102859,6.59689e-06,0.0,0.0,0.000151566,0.0,0.0,0.0,0.0,0.0,2.55143e-05,5.03416e-05,0.0,0.000267354,7.3814e-05,6.64507e-05,4.66653e-05,0.0,1.07922e-05,0.0,0.0,0.0,0.0,0.0,0.0,4.77385e-05,0.0,0.0,0.0,2.32882e-05,0.0,0.000100329,0.00010341,0.0,0.0,0.00168238,0.000417985,0.000553079,5.25296e-07,0.000161106,0.000343021,0.00081355,0.00162923,9.42422e-05,0.00158622,0.000950047,0.00145073,0.000145141,0.000276765,7.75139e-06,0.0,0.000321739,0.000419716,7.43912e-05,0.000137804,4.39107e-05,0.00243331,2.1663e-05,0.00102378,1.17932e-05,0.0
0.0,0.0,0.0,0.0119696,0.0,8.05257e-05,0.0,8.0911e-06,0.000836133,0.0,1.0949e-05,1.32752e-05,6.36203e-06,2.14852e-06,3.87196e-06,0.0,2.97742e-06,0.0,0.0,3.23545e-05,1.9826e-05,2.67942e-05,0.0,0.000752291,0.0,1.05612e-05,4.87061e-05,0.0,1.47286e-06,0.000486622,7.87914e-06,8.34823e-05,0.00275571,7.56492e-05,5.07526e-05,0.000448032,0.0,0.000236485,1.2226e-06,0.0,7.85136e-05,0.0,0.0,4.15051e-06,1.17433e-05,0.000718239,0.0,0.0,0.0,6.80956e-06,0.0,1.29022e-06,0.0,0.00102801,6.10642e-06,0.0,0.0,0.000150421,0.0,0.0,0.0,0.0,0.0,2.53307e-05,4.98628e-05,0.0,0.000267566,7.40892e-05,6.55216e-05,4.64861e-05,0.0,1.11175e-05,1.35154e-07,0.0,0.0,0.0,0.0,0.0,4.71041e-05,0.0,0.0,0.0,2.32882e-05,0.0,9.98489e-05,0.000102936,0.0,0.0,0.00168544,0.000417015,0.000552318,5.25296e-07,0.000161063,0.000344821,0.000812606,0.00162832,9.2749e-05,0.00158681,0.000951894,0.00145257,0.000146969,0.00027707,8.04803e-06,0.0,0.000321191,0.000420629,7.4391e-05,0.000141717,4.44917e-05,0.00243149,2.1941e-05,0.00102569,1.06711e-05,0.0
0.0,0.0,0.0,0.0119685,0.0,8.07703e-05,0.0,8.0911e-06,0.000834136,0.0,1.09516e-05,1.29794e-05,7.24022e-06,2.76335e-06,4.47071e-06,0.0,2.08737e-06,0.0,0.0,3.17879e-05,1.92738e-05,2.56922e-05,0.0,0.000750706,0.0,1.08252e-05,4.92694e-05,0.0,1.28947e-06,0.000488372,8.78546e-06,8.50073e-05,0.00275815,7.68791e-05,5.13139e-05,0.000440197,0.0,0.000236474,1.5295e-06,0.0,7.91028e-05,0.0,0.0,4.15051e-06,1.20442e-05,0.000718658,0.0,0.0,0.0,6.98876e-06,0.0,1.81375e-06,0.0,0.00102859,6.346e-06,0.0,0.0,0.000151307,0.0,0.0,0.0,0.0,0.0,2.55143e-05,4.98676e-05,0.0,0.000267354,7.31302e-05,6.60772e-05,4.68423e-05,0.0,1.12568e-05,0.0,0.0,0.0,0.0,0.0,0.0,4.75333e-05,0.0,0.0,0.0,2.37256e-05,0.0,0.000100529,0.000103174,0.0,0.0,0.00168497,0.000418201,0.000555408,5.25296e-07,0.000161335,0.00034431,0.000812552,0.00163106,9.4237e-05,0.0015877,0.000947948,0.0014522,0.000146361,0.000275859,8.04803e-06,0.0,0.000321769,0.000420031,7.43912e-05,0.000137213,4.4496e-05,0.00243625,2.19431e-05,0.00102647,1.12601e-05,0.0
0.0,0.0,3.02943e-07,0.0119666,0.0,8.05257e-05,0.0,7.8121e-06,0.000835899,0.0,1.15601e-05,1.41545e-05,6.67046e-06,2.14852e-06,4.16981e-06,0.0,2.68477e-06,0.0,0.0,3.23545e-05,1.92738e-05,2.53986e-05,0.0,0.000751527,0.0,1.08252e-05,4.84329e-05,0.0,1.42725e-06,0.000488411,8.48734e-06,8.57683e-05,0.00275845,7.59557e-05,5.07537e-05,0.000446259,0.0,0.000237092,1.2226e-06,0.0,7.76266e-05,0.0,0.0,4.15051e-06,1.14418e-05,0.000718034,0.0,0.0,0.0,6.80956e-06,0.0,1.55566e-06,0.0,0.00102842,6.10642e-06,0.0,0.0,0.000151109,0.0,0.0,0.0,0.0,0.0,2.55143e-05,5.08258e-05,0.0,0.000267566,7.33711e-05,6.60074e-05,4.66653e-05,0.0,1.17564e-05,0.0,0.0,0.0,0.0,0.0,0.0,4.76049e-05,0.0,0.0,0.0,2.32882e-05,0.0,9.98367e-05,0.000103408,0.0,0.0,0.00168299,0.000417015,0.000553114,5.25296e-07,0.000162958,0.000343791,0.000813588,0.00162648,9.27444e-05,0.00158594,0.000947625,0.00144893,0.000146368,0.000276766,7.75087e-06,0.0,0.000322889,0.000419107,7.46992e-05,0.00014082,4.42025e-05,0.00242935,2.19484e-05,0.00102862,1.20634e-05,0.0
0.0,0.0,0.0,0.0119699,0.0,8.05257e-05,0.0,8.0911e-06,0.000833272,0.0,1.09508e-05,1.35694e-05,7.22985e-06,2.14955e-06,3.87196e-06,0.0,3.27458e-06,0.0,0.0,3.23596e-05,1.95493e-05,2.62369e-05,0.0,0.000750976,0.0,1.08252e-05,4.84267e-05,0.0,1.56381e-06,0.000486876,7.89191e-06,8.34722e-05,0.00275693,7.74945e-05,5.04747e-05,0.000442611,0.0,0.000232818,1.2226e-06,0.0,7.91077e-05,0.0,0.0,3.85404e-06,1.20442e-05,0.000718245,0.0,0.0,0.0,6.80956e-06,0.0,1.42785e-06,0.0,0.00102804,6.09511e-06,0.0,0.0,0.000150879,0.0,0.0,0.0,0.0,0.0,2.53307e-05,5.01002e-05,0.0,0.000267354,7.3624e-05,6.54772e-05,4.64861e-05,0.0,1.09799e-05,1.35154e-07,0.0,0.0,0.0,0.0,0.0,4.74289e-05,0.0,0.0,0.0,2.35191e-05,0.0,9.98687e-05,0.00010341,0.0,0.0,0.00168088,0.000416787,0.000553915,7.93346e-07,0.000161078,0.000344058,0.000813047,0.00162954,9.33458e-05,0.00158708,0.000950652,0.00145253,0.000146053,0.000277321,7.74659e-06,0.0,0.000323523,0.000419418,7.46985e-05,0.000140524,4.41999e-05,0.00243005,2.222e-05,0.00102487,1.1526e-05,0.0
0.0,0.0,0.0,0.0119709,0.0,8.10082e-05,0.0,8.0911e-06,0.000832821,0.0,1.09498e-05,1.35643e-05,6.94147e-06,2.14877e-06,4.16981e-06,0.0,2.08168e-06,0.0,0.0,3.23545e-05,1.95505e-05,2.67786e-05,0.0,0.000752018,0.0,1.08252e-05,4.87141e-05,0.0,1.24369e-06,0.000487536,8.17835e-06,8.63279e-05,0.00275938,7.50338e-05,5.10349e-05,0.000444139,0.0,0.000237403,1.2226e-06,0.0,7.85115e-05,0.0,0.0,4.15051e-06,1.17433e-05,0.000718654,0.0,0.0,0.0,6.80956e-06,0.0,1.81371e-06,0.0,0.00102877,6.346e-06,0.0,0.0,0.000151314,0.0,0.0,0.0,0.0,0.0,2.55143e-05,5.00955e-05,0.0,0.000267566,7.38245e-05,6.69018e-05,4.66653e-05,0.0,1.16086e-05,0.0,0.0,0.0,0.0,0.0,0.0,4.75552e-05,0.0,0.0,0.0,2.32882e-05,0.0,0.000100285,0.000103174,0.0,0.0,0.00168198,0.000418706,0.000553361,5.25296e-07,0.000161073,0.000344304,0.000810741,0.0016268,9.27523e-05,0.00158743,0.00094886,0.0014507,0.000145143,0.00027708,8.6485e-06,0.0,0.000322931,0.000421555,7.43911e-05,0.000138089,4.47869e-05,0.00243026,2.19462e-05,0.00102569,1.12292e-05,0.0
0.0,0.0,6.1098e-07,9.43722e-05,0.0,6.78894e-05,0.0,8.0911e-06,0.000894807,3.02943e-07,8.20844e-06,1.73972e-05,6.08907e-06,2.45401e-06,3.57718e-06,0.0,2.37788e-06,0.0,0.0,5.44539e-05,2.53985e-05,2.102e-05,0.0,0.00074287,0.0,0.0,7.03367e-05,0.0,3.44572e-06,0.000497393,1.03766e-05,8.44238e-05,0.00131412,8.85663e-05,6.21804e-05,0.000399823,0.0,0.000243503,3.67094e-06,0.0,6.20941e-05,0.0,0.0,5.33774e-06,1.77667e-05,0.00358778,0.0,0.0,0.0,0.0,0.0,3.43053e-06,0.0,0.000742576,6.7823e-05,0.0,0.000121828,0.00011499,0.0,0.0,0.0,0.0,0.0,0.0,4.74674e-05,0.0,0.000290288,0.000154163,2.95379e-05,3.75466e-05,0.0,1.15025e-05,3.02977e-05,0.0,0.0,0.0,3.33396e-05,0.0,0.000119917,0.0,0.0,0.0,4.74203e-06,0.0,0.000178202,8.24094e-05,0.0,0.0,0.00174654,0.000519321,0.000560317,5.25296e-07,0.000146678,0.000372203,0.000936435,0.0016603,9.98256e-05,0.00160091,0.000955406,0.00146117,0.000150263,0.000246815,9.23999e-06,0.0,0.000386066,0.000381559,6.48579e-05,0.000115553,4.39091e-05,0.00250663,2.19484e-05,0.00100944,9.76639e-06,0.0
0.0,0.0,0.0,9.47862e-05,0.0,6.83785e-05,0.0,8.0911e-06,0.000898526,0.0,8.51582e-06,1.6805e-05,7.25256e-06,2.14699e-06,3.87502e-06,0.0,3.27285e-06,2.8536e-07,0.0,5.41645e-05,2.53899e-05,2.18511e-05,0.0,0.000740317,0.0,0.0,7.00623e-05,0.0,2.92077e-06,0.000501511,1.06416e-05,8.61323e-05,0.00131441,8.88731e-05,6.30174e-05,0.000395004,0.0,0.000243501,3.36401e-06,0.0,6.03084e-05,0.0,0.0,5.33774e-06,1.80682e-05,0.00358798,0.0,0.0,0.0,0.0,0.0,3.16019e-06,0.0,0.000742993,6.7823e-05,0.0,0.000121828,0.000115011,0.0,0.0,0.0,0.0,0.0,0.0,4.77171e-05,0.0,0.000290076,0.000153459,2.98442e-05,3.79094e-05,0.0,1.19739e-05,3.00873e-05,0.0,0.0,0.0,3.33396e-05,0.0,0.000120248,0.0,0.0,0.0,4.96219e-06,0.0,0.000175073,8.24094e-05,0.0,0.0,0.00174256,0.000518551,0.000561172,5.25296e-07,0.000145933,0.000374,0.000940268,0.00165818,9.8632e-05,0.00160518,0.000960298,0.00145383,0.000151183,0.000246784,9.23936e-06,0.0,0.000387609,0.000381578,6.48566e-05,0.000115249,4.33238e-05,0.00250126,2.19474e-05,0.00100755,9.76198e-06,0.0
0.0,0.0,3.02943e-07,9.5047e-05,0.0,6.78894e-05,0.0,8.0911e-06,0.000889966,3.02943e-07,7.90238e-06,1.76844e-05,6.37015e-06,1.84005e-06,3.57412e-06,0.0,2.38522e-06,0.0,0.0,5.41696e-05,2.56654e-05,2.2112e-05,0.0,0.000741797,0.0,0.0,7.03455e-05,0.0,3.40241e-06,0.000494472,1.12867e-05,8.48581e-05,0.00131258,8.82588e-05,6.24616e-05,0.000396806,0.0,0.000244722,2.7521e-06,0.0,6.1796e-05,0.0,0.0,4.44697e-06,1.77667e-05,0.00358777,0.0,0.0,0.0,0.0,0.0,3.16516e-06,0.0,0.000742989,6.7815e-05,0.0,0.000121828,0.000114769,0.0,0.0,0.0,0.0,0.0,0.0,4.72397e-05,0.0,0.0002905,0.000154407,2.95569e-05,3.75466e-05,0.0,1.10228e-05,3.04329e-05,0.0,0.0,0.0,3.31272e-05,0.0,0.000120405,0.0,0.0,0.0,5.19314e-06,0.0,0.000176744,8.24094e-05,0.0,0.0,0.00174266,0.000519561,0.000560889,5.25296e-07,0.000145366,0.000372708,0.000935886,0.00166,9.95345e-05,0.00160331,0.000961455,0.00145929,0.000150569,0.000247702,1.01376e-05,0.0,0.000387891,0.000381867,6.45498e-05,0.000116145,4.39048e-05,0.00250059,2.16694e-05,0.00100986,1.03004e-05,0.0
0.0,0.0,0.0,9.36754e-05,0.0,6.83718e-05,0.0,8.0911e-06,0.00089239,3.02943e-07,8.81997e-06,1.71022e-05,6.94455e-06,2.75968e-06,3.87502e-06,0.0,2.97735e-06,0.0,0.0,5.47362e-05,2.53985e-05,2.12978e-05,0.0,0.000741595,0.0,0.0,7.00523e-05,0.0,2.92077e-06,0.000498882,1.0995e-05,8.55196e-05,0.0013138,8.91803e-05,6.24605e-05,0.000396852,0.0,0.000245633,2.75084e-06,0.0,6.09078e-05,0.0,0.0,5.04128e-06,1.77667e-05,0.00358861,0.0,0.0,0.0,0.0,0.0,3.42315e-06,0.0,0.000742366,6.7823e-05,0.0,0.000121828,0.000116142,0.0,0.0,0.0,0.0,0.0,0.0,4.79516e-05,0.0,0.000290076,0.0001537,2.99362e-05,3.79094e-05,0.0,1.19995e-05,3.02977e-05,0.0,0.0,0.0,3.33396e-05,0.0,0.000120092,0.0,0.0,0.0,4.96759e-06,0.0,0.000176034,8.24094e-05,0.0,0.0,0.00173925,0.000519069,0.000560854,7.94646e-07,0.000144873,0.000373483,0.000937714,0.00165938,0.00010011,0.00159884,0.00095907,0.00145684,0.000152399,0.000245665,9.53849e-06,0.0,0.000384954,0.000382185,6.48571e-05,0.00011524,4.39091e-05,0.00250372,2.22328e-05,0.00100632,8.96102e-06,0.0
0.0,0.0,3.05331e-07,9.5032e-05,0.0,6.81339e-05,0.0,8.0911e-06,0.000893744,0.0,8.20844e-06,1.70992e-05,6.96132e-06,2.14699e-06,3.87502e-06,0.0,2.96934e-06,0.0,0.0,5.41696e-05,2.53899e-05,2.15623e-05,0.0,0.000740492,0.0,0.0,6.97921e-05,0.0,3.48514e-06,0.00050065,1.03553e-05,8.57106e-05,0.00131597,8.73359e-05,6.30174e-05,0.000395882,0.0,0.00024351,3.36499e-06,0.0,6.17918e-05,0.0,0.0,4.74344e-06,1.77667e-05,0.00358756,0.0,0.0,0.0,0.0,0.0,3.28562e-06,0.0,0.000742989,6.7823e-05,0.0,0.000121642,0.000114747,0.0,0.0,0.0,0.0,0.0,0.0,4.72364e-05,0.0,0.000290288,0.000153912,2.99888e-05,3.75466e-05,0.0,1.18789e-05,3.02977e-05,0.0,0.0,0.0,3.33396e-05,0.0,0.000120393,0.0,0.0,0.0,5.19314e-06,0.0,0.000176732,8.24094e-05,0.0,0.0,0.00174692,0.000519056,0.000561411,5.25296e-07,0.000145866,0.000372705,0.000938204,0.00165848,9.89409e-05,0.00160454,0.000956916,0.00145934,0.000150262,0.000246786,8.93792e-06,0.0,0.000387572,0.000381264,6.48574e-05,0.000115836,4.33238e-05,0.00249969,2.16631e-05,0.00100659,9.68941e-06,0.0
0.0,0.0,0.0,9.43611e-05,0.0,6.81339e-05,0.0,8.0911e-06,0.000894561,3.02943e-07,8.2066e-06,1.70983e-05,6.66667e-06,2.14754e-06,3.87502e-06,0.0,2.37978e-06,2.8536e-07,0.0,5.41666e-05,2.56752e-05,2.29456e-05,0.0,0.000742917,0.0,0.0,7.03367e-05,0.0,2.92077e-06,0.000497671,1.03839e-05,8.62613e-05,0.0013141,8.85656e-05,6.21815e-05,0.000397396,0.0,0.000243499,3.05823e-06,0.0,6.1497e-05,0.0,0.0,5.04128e-06,1.80682e-05,0.00358798,0.0,0.0,0.0,0.0,0.0,3.29781e-06,0.0,0.000742576,6.7823e-05,0.0,0.000122013,0.00011523,0.0,0.0,0.0,0.0,0.0,0.0,4.72601e-05,0.0,0.000290288,0.000153213,2.91037e-05,3.75466e-05,0.0,1.19402e-05,3.02225e-05,0.0,0.0,0.0,3.31272e-05,0.0,0.000119897,0.0,0.0,0.0,5.19314e-06,0.0,0.000175581,8.24094e-05,0.0,0.0,0.00174255,0.000517844,0.000560867,5.25296e-07,0.000144326,0.000373995,0.00093638,0.00165755,9.86289e-05,0.00160149,0.000959347,0.00145896,0.000149958,0.000247696,9.53849e-06,0.0,0.000384928,0.000381567,6.45497e-05,0.00011676,4.39048e-05,0.00250506,2.13893e-05,0.00100553,9.78577e-06,0.0
0.0,0.0,3.05331e-07,9.45887e-05,0.0,6.83785e-05,0.0,8.0911e-06,0.000893879,3.02943e-07,8.20885e-06,1.68058e-05,6.94737e-06,2.45346e-06,3.27628e-06,0.0,2.08608e-06,0.0,0.0,5.41696e-05,2.51132e-05,2.07519e-05,0.0,0.00073998,0.0,0.0,7.03367e-05,0.0,3.70048e-06,0.000498874,1.06818e-05,8.52716e-05,0.00131473,8.82586e-05,6.27384e-05,0.00039862,0.0,0.000242884,3.67091e-06,0.0,6.15033e-05,0.0,0.0,5.33774e-06,1.77667e-05,0.00358755,0.0,0.0,0.0,0.0,0.0,3.15291e-06,0.0,0.000742993,6.7815e-05,0.0,0.000121828,0.000114556,0.0,0.0,0.0,0.0,0.0,0.0,4.72279e-05,0.0,0.000290288,0.000154157,3.07146e-05,3.79094e-05,0.0,1.11527e-05,3.02977e-05,0.0,0.0,0.0,3.33396e-05,0.0,0.00012008,0.0,0.0,0.0,4.73664e-06,0.0,0.000176737,8.24094e-05,0.0,0.0,0.00174209,0.000520516,0.000559593,5.25296e-07,0.000145052,0.00037272,0.000933828,0.00165939,9.92288e-05,0.00160695,0.000959324,0.00145507,0.000152406,0.000247106,9.53999e-06,0.0,0.000388166,0.000381888,6.54721e-05,0.000114636,4.30347e-05,0.00249855,2.22328e-05,0.00101235,1.00326e-05,0.0
0.0,0.0,0.0,9.47934e-05,0.0,6.81273e-05,0.0,8.0911e-06,0.000894355,3.02943e-07,8.51227e-06,1.79823e-05,6.07856e-06,2.14652e-06,3.87502e-06,0.0,2.97613e-06,0.0,0.0,5.44519e-05,2.53899e-05,2.18424e-05,0.0,0.000742613,0.0,0.0,7.00712e-05,0.0,2.92077e-06,0.00049712,1.00664e-05,8.33389e-05,0.00131443,8.82581e-05,6.24605e-05,0.000395015,0.0,0.000246249,2.75084e-06,0.0,6.11997e-05,0.0,0.0,4.74344e-06,1.80682e-05,0.00358839,0.0,0.0,0.0,0.0,0.0,3.03729e-06,0.0,0.000742783,6.78117e-05,0.0,0.000121828,0.000115677,0.0,0.0,0.0,0.0,0.0,0.0,4.79481e-05,0.0,0.000290288,0.000153955,2.93862e-05,3.75466e-05,0.0,1.16692e-05,3.04353e-05,0.0,0.0,0.0,3.33396e-05,0.0,0.000120414,0.0,0.0,0.0,5.19314e-06,0.0,0.000176984,8.24094e-05,0.0,0.0,0.00174382,0.000519073,0.000562179,5.25296e-07,0.00014675,0.000373738,0.000937961,0.00165939,9.89331e-05,0.00159795,0.000956944,0.00146266,0.000149038,0.000245333,9.53849e-06,0.0,0.000387011,0.000382473,6.39342e-05,0.000114946,4.39048e-05,0.00250122,2.16631e-05,0.00100857,9.22956e-06,0.0
0.0,0.0,3.05331e-07,9.39176e-05,0.0,6.83785e-05,0.0,8.0911e-06,0.000894826,0.0,8.20844e-06,1.65115e-05,6.95976e-06,1.84052e-06,3.87502e-06,0.0,2.08875e-06,0.0,0.0,5.41696e-05,2.53985e-05,2.15611e-05,0.0,0.000741314,0.0,0.0,7.00523e-05,0.0,3.62927e-06,0.000498299,1.09707e-05,8.68013e-05,0.00131288,8.88734e-05,6.32964e-05,0.000396534,0.0,0.000243196,3.36499e-06,0.0,6.1197e-05,0.0,0.0,4.74481e-06,1.77667e-05,0.00358777,0.0,0.0,0.0,0.0,0.0,3.42071e-06,0.0,0.000742783,6.7823e-05,0.0,0.000121642,0.000115232,0.0,0.0,0.0,0.0,0.0,0.0,4.74742e-05,0.0,0.000290076,0.000153912,2.96637e-05,3.7728e-05,0.0,1.2055e-05,3.04329e-05,0.0,0.0,0.0,3.31272e-05,0.0,0.000120438,0.0,0.0,0.0,4.96759e-06,0.0,0.000176268,8.24094e-05,0.0,0.0,0.00174314,0.000518588,0.000560358,5.25296e-07,0.000146699,0.000371942,0.000936344,0.00165756,9.89299e-05,0.00160364,0.000961795,0.0014554,0.000151489,0.000247389,9.53849e-06,0.0,0.000386147,0.000382182,6.48574e-05,0.000116452,4.44892e-05,0.00250187,2.22328e-05,0.00100406,9.73838e-06,0.0
0.0,0.0,0.0,9.50322e-05,0.0,6.78894e-05,0.0,7.8121e-06,0.000889748,3.02943e-07,7.90238e-06,1.70992e-05,6.67368e-06,2.14652e-06,3.57412e-06,0.0,2.97631e-06,2.8536e-07,0.0,5.44489e-05,2.56654e-05,2.21277e-05,0.0,0.000742122,0.0,0.0,7.00676e-05,0.0,2.92077e-06,0.000499463,1.06916e-05,8.46279e-05,0.00131442,8.88731e-05,6.19025e-05,0.000397425,0.0,0.000243194,3.05761e-06,0.0,6.15005e-05,0.0,0.0,5.0399e-06,1.77667e-05,0.00358756,0.0,0.0,0.0,0.0,0.0,3.03001e-06,0.0,0.000742572,6.7823e-05,0.0,0.000122013,0.000115216,0.0,0.0,0.0,0.0,0.0,0.0,4.72465e-05,0.0,0.000290288,0.000153936,2.92436e-05,3.7728e-05,0.0,1.13186e-05,3.00873e-05,0.0,0.0,0.0,3.33396e-05,0.0,0.000120234,0.0,0.0,0.0,5.19314e-06,0.0,0.000176025,8.26439e-05,0.0,0.0,0.00174283,0.000518809,0.000560648,5.25296e-07,0.000145114,0.000373741,0.000937727,0.00166,9.98263e-05,0.00160392,0.000956591,0.00145897,0.000150571,0.000247723,9.53653e-06,0.0,0.000386994,0.000380044,6.51648e-05,0.000113733,4.33281e-05,0.00250218,2.16694e-05,0.00100743,9.46826e-06,0.0
0.0,0.0,1.19684e-06,0.0246189,0.0,0.000306386,0.0,8.37122e-06,0.000888707,3.02943e-07,1.58202e-05,0.0,0.0,5.21221e-06,8.95083e-06,0.0,0.0,0.0,0.0,5.90207e-05,2.295e-05,3.47211e-05,0.0,0.000788899,0.0,0.0,8.00491e-05,0.0,2.29154e-06,0.000536114,5.59554e-05,9.50124e-05,0.0288892,0.000511647,2.8536e-07,0.00066864,0.0,0.000576215,4.28369e-06,0.0,0.000153934,0.0,7.03584e-05,1.09706e-05,2.63053e-05,0.00476588,0.0,0.0,0.0,2.68798e-06,0.0,2.73788e-06,0.000813662,0.00181566,6.97469e-06,0.0,0.0,0.00014243,0.0,0.0,0.0,0.0,0.0,0.0,3.43894e-05,0.0,0.000223821,0.000163409,8.92055e-07,0.000118081,2.8088e-05,7.70599e-06,4.38985e-05,6.32902e-05,0.0,0.0,6.28568e-05,0.0,0.000132154,0.0,0.0,1.628e-05,9.71164e-05,0.0,0.000110445,0.000101874,0.0,0.0,0.00185531,0.000542029,0.000575204,5.25296e-07,0.000165974,0.000364298,0.000979555,0.00162864,7.91064e-05,0.00166079,0.000994442,0.00146808,0.000121845,0.000253252,9.83282e-06,0.0,0.000473273,0.000388312,7.62358e-05,0.000113101,5.09218e-05,0.0023989,0.0,0.000959541,6.05036e-06,0.0
0.0,0.0,1.18566e-06,0.0246183,0.0,0.000306911,0.0,8.0911e-06,0.000890724,0.0,1.61283e-05,0.0,0.0,5.21173e-06,9.24867e-06,0.0,0.0,0.0,0.0,5.90176e-05,2.32354e-05,3.49991e-05,0.0,0.000789183,0.0,0.0,8.25395e-05,0.0,2.28951e-06,0.000538164,5.6269e-05,9.29e-05,0.0288916,0.000511032,5.7072e-07,0.000661688,0.0,0.000575612,4.589e-06,0.0,0.000152148,0.0,7.0663e-05,1.03776e-05,2.63147e-05,0.00476484,0.0,0.0,0.0,2.86718e-06,0.0,2.73298e-06,0.000812605,0.00181549,6.97783e-06,0.0,0.0,0.000141043,0.0,0.0,0.0,0.0,0.0,0.0,3.46475e-05,0.0,0.000223821,0.000163856,4.53154e-07,0.000118081,2.78776e-05,8.6489e-06,4.37634e-05,6.35264e-05,0.0,0.0,6.28568e-05,0.0,0.000131752,0.0,0.0,1.628e-05,9.7103e-05,0.0,0.000108625,0.000102107,0.0,0.0,0.00186,0.000539868,0.000575694,2.62648e-07,0.00016654,0.000364838,0.000978849,0.00162895,7.94097e-05,0.00166442,0.000996909,0.00147181,0.000123368,0.000249763,1.04257e-05,0.0,0.000475332,0.000389243,7.53135e-05,0.000110692,5.15087e-05,0.00239923,0.0,0.000960373,5.78497e-06,0.0
0.0,0.0,8.80326e-07,0.0246169,0.0,0.000305388,0.0,8.09221e-06,0.000890285,3.02943e-07,1.52117e-05,0.0,0.0,5.51843e-06,8.64992e-06,0.0,0.0,0.0,0.0,5.84511e-05,2.295e-05,3.49966e-05,0.0,0.000787372,0.0,0.0,8.22608e-05,0.0,2.18757e-06,0.000538182,5.56916e-05,9.52296e-05,0.0288922,0.000512569,2.8536e-07,0.000666568,0.0,0.000575609,3.05649e-06,0.0,0.000154822,0.0,7.00541e-05,1.09706e-05,2.66062e-05,0.00476607,0.0,0.0,0.0,2.68798e-06,0.0,2.86322e-06,0.000813229,0.00181513,6.72694e-06,0.0,0.0,0.000141933,0.0,0.0,0.0,0.0,0.0,0.0,3.46425e-05,0.0,0.000223821,0.000163853,8.53464e-07,0.000118081,2.78737e-05,7.16631e-06,4.37634e-05,6.35247e-05,2.34458e-07,0.0,6.28568e-05,0.0,0.000131884,0.0,0.0,1.606e-05,9.71255e-05,0.0,0.000108803,0.00010211,0.0,0.0,0.00185656,0.000540105,0.000575437,5.25296e-07,0.000168106,0.000364041,0.000976393,0.00163108,7.91106e-05,0.00166533,0.000995066,0.00147141,0.000122757,0.000255,9.52658e-06,0.0,0.000474767,0.000390465,7.65432e-05,0.000111275,5.09234e-05,0.00239532,0.0,0.000960311,6.32099e-06,0.0
0.0,0.0,8.92214e-07,0.0246198,0.0,0.000307684,0.0,8.37122e-06,0.000885648,3.02943e-07,1.61287e-05,0.0,0.0,4.90551e-06,9.24867e-06,0.0,0.0,0.0,0.0,5.87353e-05,2.295e-05,3.47211e-05,0.0,0.000788679,0.0,0.0,8.19759e-05,0.0,2.24577e-06,0.000538437,5.68817e-05,9.41488e-05,0.0288861,0.000511647,2.8536e-07,0.000667423,0.0,0.000571649,4.58946e-06,0.0,0.000152752,0.0,7.0663e-05,1.03776e-05,2.57129e-05,0.00476525,0.0,0.0,0.0,2.86718e-06,0.0,3.12864e-06,0.000813247,0.00181587,6.72694e-06,0.0,0.0,0.000141727,0.0,0.0,0.0,0.0,0.0,0.0,3.48888e-05,0.0,0.000224034,0.000163417,8.75552e-07,0.000118081,2.78776e-05,8.43881e-06,4.38985e-05,6.35264e-05,0.0,0.0,6.28568e-05,0.0,0.000131485,0.0,0.0,1.628e-05,9.73438e-05,0.0,0.000108585,0.00010187,0.0,0.0,0.00185557,0.000540116,0.000574177,2.62648e-07,0.000166034,0.000364055,0.000979678,0.00162863,7.9411e-05,0.00166528,0.000991718,0.00147542,0.000122155,0.000249792,9.83152e-06,0.0,0.000474141,0.000386783,7.65435e-05,0.000110396,5.12152e-05,0.00239872,0.0,0.000955746,6.05036e-06,0.0
0.0,0.0,1.18566e-06,0.0246143,0.0,0.000306891,0.0,8.0911e-06,0.000889236,0.0,1.55164e-05,0.0,0.0,5.5182e-06,8.95083e-06,0.0,0.0,0.0,0.0,5.9303e-05,2.295e-05,3.49966e-05,0.0,0.000788373,0.0,0.0,8.14277e-05,0.0,2.57654e-06,0.000536116,5.47316e-05,9.35956e-05,0.0288935,0.000512877,2.8536e-07,0.00066682,0.0,0.000576828,3.67057e-06,0.0,0.000153036,0.0,7.03584e-05,1.12677e-05,2.66062e-05,0.00476524,0.0,0.0,0.0,2.68798e-06,0.0,2.60764e-06,0.000813221,0.00181492,6.97783e-06,0.0,0.0,0.0001422,0.0,0.0,0.0,0.0,0.0,0.0,3.4391e-05,0.0,0.000223821,0.000163862,8.70134e-07,0.000118081,2.78737e-05,7.41406e-06,4.39009e-05,6.35247e-05,2.34458e-07,0.0,6.28568e-05,0.0,0.000132325,0.0,0.0,1.606e-05,9.68945e-05,0.0,0.000109749,0.000102345,0.0,0.0,0.00185845,0.00054203,0.000576247,5.25296e-07,0.000166029,0.000364822,0.000979376,0.00163109,7.97043e-05,0.00166229,0.000998377,0.00146898,0.000123366,0.000252364,9.83282e-06,0.0,0.000472973,0.000388928,7.59286e-05,0.000110689,5.12152e-05,0.00239533,0.0,0.000960599,6.05036e-06,0.0
0.0,0.0,1.18495e-06,0.0246205,0.0,0.000306169,0.0,8.09221e-06,0.000888511,3.02943e-07,1.61275e-05,0.0,0.0,5.21221e-06,8.65233e-06,0.0,0.0,0.0,0.0,5.8448e-05,2.295e-05,3.4731e-05,0.0,0.000788393,0.0,0.0,8.17186e-05,0.0,2.29154e-06,0.000537565,5.65745e-05,9.37663e-05,0.0288874,0.000512568,2.8536e-07,0.000666257,0.0,0.000575603,5.51124e-06,0.0,0.000155421,0.0,7.0663e-05,1.06741e-05,2.60138e-05,0.00476609,0.0,0.0,0.0,2.86718e-06,0.0,2.99594e-06,0.000812839,0.00181624,6.97783e-06,0.0,0.0,0.000141245,0.0,0.0,0.0,0.0,0.0,0.0,3.46392e-05,0.0,0.000223821,0.000162938,5.93152e-07,0.0001179,2.78776e-05,8.27129e-06,4.37634e-05,6.30593e-05,0.0,0.0,6.30692e-05,0.0,0.000131559,0.0,0.0,1.628e-05,9.71255e-05,0.0,0.000107864,0.000101872,0.0,0.0,0.00185285,0.000539626,0.000575469,2.62648e-07,0.00016842,0.000363527,0.000979563,0.00163078,7.94069e-05,0.00166533,0.000996591,0.00147238,0.000122147,0.000249788,1.01265e-05,0.0,0.000475318,0.000386183,7.56209e-05,0.000111587,5.09234e-05,0.00239711,0.0,0.000957631,5.78497e-06,0.0
0.0,0.0,8.92214e-07,0.0246188,0.0,0.000305629,0.0,8.37122e-06,0.000888262,3.02943e-07,1.58241e-05,0.0,0.0,5.21173e-06,9.24867e-06,0.0,0.0,0.0,0.0,5.87384e-05,2.32354e-05,3.49891e-05,0.0,0.000788951,0.0,0.0,8.17177e-05,0.0,2.52909e-06,0.000538171,5.60015e-05,9.40656e-05,0.0288922,0.00051134,2.8536e-07,0.000666208,0.0,0.000572873,3.66914e-06,0.0,0.000152446,0.0,7.00541e-05,1.1267e-05,2.60144e-05,0.00476524,0.0,0.0,0.0,2.68798e-06,0.0,2.73051e-06,0.000813225,0.00181586,6.72694e-06,0.0,0.0,0.000141493,0.0,0.0,0.0,0.0,0.0,0.0,3.44012e-05,0.0,0.000224034,0.000164111,4.2671e-07,0.0001179,2.76633e-05,7.81453e-06,4.40361e-05,6.37574e-05,2.34458e-07,0.0,6.28568e-05,0.0,0.000131454,0.0,0.0,1.628e-05,9.71164e-05,0.0,0.000111409,0.000102108,0.0,0.0,0.00186002,0.000540816,0.000574661,5.25296e-07,0.000167031,0.00036432,0.000976476,0.00162894,7.91171e-05,0.0016644,0.000995358,0.00146993,0.000123372,0.00025294,9.82802e-06,0.0,0.000473304,0.000389846,7.65435e-05,0.000110997,5.15062e-05,0.00240101,0.0,0.000956585,6.05036e-06,0.0
0.0,0.0,1.18566e-06,0.0246156,0.0,0.000307436,0.0,8.0911e-06,0.000889155,0.0,1.55176e-05,0.0,0.0,5.51843e-06,8.65233e-06,0.0,0.0,0.0,0.0,5.90197e-05,2.295e-05,3.49966e-05,0.0,0.000789217,0.0,0.0,8.25361e-05,0.0,1.7666e-06,0.000536996,5.56546e-05,9.34316e-05,0.0288922,0.000513492,2.8536e-07,0.000665031,0.0,0.000575303,4.5913e-06,0.0,0.000152448,0.0,7.0663e-05,1.00798e-05,2.69071e-05,0.00476504,0.0,0.0,0.0,2.68798e-06,0.0,3.12867e-06,0.000813662,0.00181586,6.97783e-06,0.0,0.0,0.00014267,0.0,0.0,0.0,0.0,0.0,0.0,3.4887e-05,0.0,0.000223821,0.000163417,5.93152e-07,0.000118081,2.8088e-05,8.15192e-06,4.37634e-05,6.35247e-05,0.0,0.0,6.28568e-05,0.0,0.000132508,0.0,0.0,1.606e-05,9.7103e-05,0.0,0.000107879,0.000101872,0.0,0.0,0.00185448,0.000539416,0.000575731,2.62648e-07,0.000166242,0.000364556,0.000979804,0.00162986,7.91063e-05,0.0016671,0.000996002,0.00147058,0.000122766,0.000252098,1.01272e-05,0.0,0.000475065,0.000388626,7.62355e-05,0.000110383,5.15087e-05,0.00239622,0.0,0.00096166,6.05036e-06,0.0
0.0,0.0,8.90281e-07,0.0246203,0.0,0.000306866,0.0,8.09221e-06,0.000888083,3.02943e-07,1.55186e-05,0.0,0.0,4.90551e-06,8.94777e-06,0.0,0.0,0.0,0.0,5.9303e-05,2.295e-05,3.47285e-05,0.0,0.00078787,0.0,0.0,8.19739e-05,0.0,3.03445e-06,0.000539035,5.53474e-05,9.31069e-05,0.0288886,0.000511954,2.8536e-07,0.000665019,0.0,0.000574087,3.66905e-06,0.0,0.000153339,0.0,7.03584e-05,1.06741e-05,2.60138e-05,0.00476546,0.0,0.0,0.0,2.86718e-06,0.0,2.34219e-06,0.000812603,0.00181511,6.72694e-06,0.0,0.0,0.000141264,0.0,0.0,0.0,0.0,0.0,0.0,3.53458e-05,0.0,0.000223821,0.000164077,8.79865e-07,0.000118081,2.76633e-05,7.60346e-06,4.37634e-05,6.3292e-05,0.0,0.0,6.28568e-05,0.0,0.000131371,0.0,0.0,1.628e-05,9.73529e-05,0.0,0.000109503,0.00010187,0.0,0.0,0.00185967,0.000539875,0.000576967,2.62648e-07,0.000167361,0.000363803,0.00097701,0.00163109,8.00037e-05,0.0016614,0.000992938,0.001476,0.000121844,0.00025008,1.01313e-05,0.0,0.000473262,0.000387705,7.5929e-05,0.000112786,5.09261e-05,0.00239677,0.0,0.000958988,6.05036e-06,0.0
0.0,0.0,1.18566e-06,0.0246181,0.0,0.000306434,0.0,8.37122e-06,0.000889423,3.02943e-07,1.58206e-05,0.0,0.0,5.51843e-06,8.65233e-06,0.0,0.0,0.0,0.0,5.8448e-05,2.295e-05,3.47211e-05,0.0,0.000789699,0.0,0.0,8.14331e-05,0.0,2.18974e-06,0.000537005,5.6875e-05,9.46906e-05,0.0288941,0.000512262,2.8536e-07,0.000668027,0.0,0.000574385,4.28508e-06,0.0,0.000153929,0.0,7.0663e-05,1.09706e-05,2.63053e-05,0.00476546,0.0,0.0,0.0,2.68798e-06,0.0,2.99594e-06,0.000813229,0.00181568,6.97469e-06,0.0,0.0,0.000142167,0.0,0.0,0.0,0.0,0.0,0.0,3.39442e-05,0.0,0.000223821,0.00016318,5.83421e-07,0.000118081,2.8088e-05,8.20224e-06,4.40239e-05,6.37591e-05,2.34458e-07,0.0,6.28568e-05,0.0,0.000132513,0.0,0.0,1.606e-05,9.73345e-05,0.0,0.000108802,0.000102345,0.0,0.0,0.0018569,0.000541058,0.000573425,5.25296e-07,0.000169195,0.000364813,0.000979083,0.00162986,7.88167e-05,0.00166257,0.000993214,0.00146871,0.000123059,0.000254401,9.23158e-06,0.0,0.000475922,0.000388019,7.59276e-05,0.000111597,5.063e-05,0.00240344,0.0,0.000957577,5.78497e-06,0.0
0.0,0.0,0.0,0.0148807,0.0,0.000249712,0.0,1.17337e-05,0.000967809,0.0,1.50706e-05,1.14923e-06,1.61208e-05,3.98255e-06,8.05945e-06,0.0,2.90067e-07,0.0,0.0,1.59238e-05,1.51241e-05,1.85338e-05,0.0,0.000820199,0.0,0.0,8.24379e-05,0.0,2.70735e-05,0.00135693,3.46421e-05,2.97876e-06,0.0306344,0.000160863,2.80116e-07,0.000699749,0.0,0.000582561,3.36618e-06,0.0,0.000152962,0.0,0.0,1.8423e-05,0.000120892,0.00088834,0.0,0.0,0.0,1.31751e-05,2.43433e-05,3.06121e-06,0.00150884,0.000760063,2.27658e-05,0.0,0.0,9.34271e-05,0.0,0.0,0.0,0.0,0.0,0.0,3.12375e-05,0.0,0.000314497,4.65591e-05,1.91015e-05,0.000486,0.0,1.02951e-05,0.0,6.32516e-05,1.87566e-06,0.0,0.0,0.0,0.000107874,0.0,0.0,2.266e-05,1.82628e-05,0.0,0.00019623,0.000105214,0.0,0.0,0.00201049,0.000428415,0.00321659,0.0,0.000193462,0.000369597,0.000723686,0.00161754,8.39712e-05,0.00174797,0.00105207,0.00152972,0.000163742,0.0002557,8.03886e-06,0.0,0.000525713,0.00038223,5.13217e-05,9.71996e-05,4.50786e-05,0.00275521,4.00183e-05,0.000941868,0.000105153,0.0
0.0,0.0,3.03398e-07,0.0148753,0.0,0.000247956,0.0,1.17337e-05,0.000968154,3.02943e-07,1.41454e-05,8.61924e-07,1.63977e-05,3.98207e-06,8.35795e-06,0.0,2.90067e-07,0.0,0.0,1.62082e-05,1.54095e-05,1.77258e-05,0.0,0.000819171,0.0,5.29419e-07,8.24759e-05,0.0,2.68058e-05,0.00135664,3.52935e-05,2.78878e-06,0.0306359,0.000160555,2.80116e-07,0.000696198,0.0,0.000583477,2.75294e-06,0.0,0.000151179,0.0,0.0,1.87161e-05,0.000120591,0.000889182,0.0,0.0,0.0,1.28211e-05,2.4182e-05,2.78623e-06,0.00150883,0.000760042,2.27545e-05,0.0,0.0,9.34628e-05,0.0,0.0,0.0,0.0,0.0,0.0,3.12459e-05,0.0,0.000314284,4.633e-05,1.9681e-05,0.000486513,0.0,1.08838e-05,0.0,6.32533e-05,1.87566e-06,0.0,0.0,0.0,0.000107066,0.0,0.0,2.244e-05,1.87004e-05,0.0,0.000197364,0.000105214,0.0,0.0,0.00201168,0.000427645,0.00322133,0.0,0.000195071,0.000369854,0.000722869,0.00161542,8.397e-05,0.00174641,0.00105026,0.00152415,0.000163131,0.000256272,8.03458e-06,0.0,0.000529761,0.000383456,5.07071e-05,9.95985e-05,4.44976e-05,0.00276907,4.05766e-05,0.000942369,0.000103703,0.0
0.0,0.0,3.03398e-07,0.0148816,0.0,0.000248484,0.0,1.17337e-05,0.000969338,0.0,1.50702e-05,1.14923e-06,1.58443e-05,3.67608e-06,7.75855e-06,0.0,0.0,0.0,0.0,1.59238e-05,1.51241e-05,1.82619e-05,0.0,0.000820671,0.0,0.0,8.21855e-05,0.0,2.65206e-05,0.00135722,3.46415e-05,2.78878e-06,0.0306353,0.000161784,2.80116e-07,0.00069885,0.0,0.000582557,3.36672e-06,0.0,0.000151182,0.0,0.0,1.87161e-05,0.000121186,0.000887925,0.0,0.0,0.0,1.29959e-05,2.43433e-05,3.20361e-06,0.00150886,0.000759873,2.25068e-05,0.0,0.0,9.3883e-05,0.0,0.0,0.0,0.0,0.0,0.0,3.21956e-05,0.0,0.000314284,4.67987e-05,1.89975e-05,0.000486352,0.0,1.04544e-05,0.0,6.32551e-05,1.64121e-06,0.0,0.0,0.0,0.000107698,0.0,0.0,2.266e-05,1.82628e-05,0.0,0.000195996,0.000105214,0.0,0.0,0.0020104,0.00042935,0.00322409,0.0,0.000194511,0.000370094,0.000721593,0.00161572,8.39745e-05,0.0017491,0.0010487,0.00152482,0.000162517,0.000255398,8.03886e-06,0.0,0.00052742,0.000384065,5.07069e-05,9.83952e-05,4.44976e-05,0.00277078,3.97131e-05,0.00094186,0.000105175,0.0
0.0,0.0,3.03398e-07,0.0148763,0.0,0.000249455,0.0,1.20127e-05,0.000967559,3.02943e-07,1.47633e-05,8.61924e-07,1.58354e-05,3.67585e-06,7.76161e-06,0.0,2.90067e-07,0.0,0.0,1.62082e-05,1.51241e-05,1.79939e-05,0.0,0.000819134,0.0,5.3344e-07,8.24524e-05,0.0,2.70725e-05,0.00135635,3.46782e-05,2.54753e-06,0.0306341,0.000160248,2.80116e-07,0.000698594,0.0,0.000582253,2.75369e-06,0.0,0.00015296,0.0,0.0,1.81232e-05,0.000120892,0.000888557,0.0,0.0,0.0,1.29959e-05,2.43433e-05,3.3048e-06,0.00150905,0.000760249,2.30054e-05,0.0,0.0,9.29479e-05,0.0,0.0,0.0,0.0,0.0,0.0,3.05341e-05,0.0,0.000314709,4.633e-05,1.98254e-05,0.000485819,0.0,1.10831e-05,0.0,6.32533e-05,1.87566e-06,0.0,0.0,0.0,0.000107332,0.0,0.0,2.244e-05,1.82403e-05,0.0,0.000197589,0.00010545,0.0,0.0,0.00201339,0.000427646,0.00321472,0.0,0.000196706,0.000369598,0.00072443,0.00161785,8.42714e-05,0.00175004,0.00105446,0.00152324,0.000162822,0.00025684,8.03886e-06,0.0,0.000527151,0.000383767,5.07068e-05,9.78107e-05,4.4496e-05,0.00276683,4.17203e-05,0.000940456,0.000103753,0.0
0.0,0.0,3.03398e-07,0.0148834,0.0,0.000248976,0.0,1.17337e-05,0.000966837,3.02943e-07,1.41444e-05,1.14923e-06,1.63977e-05,3.67585e-06,8.05945e-06,0.0,2.90067e-07,0.0,0.0,1.59238e-05,1.51241e-05,1.82619e-05,0.0,0.000820205,0.0,2.64029e-07,8.30263e-05,0.0,2.67555e-05,0.00135664,3.46434e-05,2.56878e-06,0.0306368,0.000161785,2.80116e-07,0.000698864,0.0,0.000583786,3.05784e-06,0.0,0.000151474,0.0,0.0,1.84197e-05,0.00012087,0.000888547,0.0,0.0,0.0,1.31751e-05,2.4182e-05,3.05875e-06,0.00150819,0.000759859,2.25037e-05,0.0,0.0,9.43787e-05,0.0,0.0,0.0,0.0,0.0,0.0,3.10062e-05,0.0,0.000314284,4.633e-05,1.89571e-05,0.000486175,0.0,1.04816e-05,0.0,6.30189e-05,1.87566e-06,0.0,0.0,0.0,0.000107749,0.0,0.0,2.266e-05,1.82628e-05,0.0,0.000197856,0.000105214,0.0,0.0,0.00200986,0.00042841,0.00321693,0.0,0.000193991,0.000369595,0.000723442,0.00161755,8.3972e-05,0.00174617,0.00104842,0.00152913,0.000164361,0.000258013,8.03458e-06,0.0,0.000528065,0.000380694,5.03992e-05,9.89885e-05,4.44976e-05,0.0027609,4.11453e-05,0.000942619,0.000105417,0.0
0.0,0.0,3.03398e-07,0.0148766,0.0,0.000249001,0.0,1.20138e-05,0.000971099,0.0,1.63022e-05,1.14923e-06,1.58344e-05,4.28877e-06,7.75855e-06,0.0,2.90067e-07,0.0,0.0,1.62082e-05,1.51241e-05,1.79977e-05,0.0,0.00081887,0.0,5.29419e-07,8.27373e-05,0.0,2.62856e-05,0.00135662,3.43343e-05,2.78878e-06,0.0306378,0.000160247,2.80116e-07,0.000699474,0.0,0.000581333,3.0603e-06,0.0,0.000151776,0.0,0.0,1.84183e-05,0.000121186,0.000888549,0.0,0.0,0.0,1.29959e-05,2.43433e-05,3.05643e-06,0.00150884,0.0007608,2.27707e-05,0.0,0.0,9.34342e-05,0.0,0.0,0.0,0.0,0.0,0.0,3.10013e-05,0.0,0.000314284,4.67987e-05,1.91281e-05,0.000486336,0.0,1.05332e-05,0.0,6.3486e-05,1.87566e-06,0.0,0.0,0.0,0.000107199,0.0,0.0,2.244e-05,1.84713e-05,0.0,0.000197143,0.000105214,0.0,0.0,0.0020143,0.000428873,0.00322005,0.0,0.000195842,0.000370108,0.000720498,0.00161603,8.39745e-05,0.00174456,0.00104964,0.00152478,0.000161912,0.000258032,8.03886e-06,0.0,0.000527683,0.000383466,5.1014e-05,9.9901e-05,4.47868e-05,0.00276175,4.00031e-05,0.000944006,0.000104009,0.0
0.0,0.0,0.0,0.0148828,0.0,0.000249721,0.0,1.17337e-05,0.0009669,3.02943e-07,1.50672e-05,8.61924e-07,1.6684e-05,3.06317e-06,8.36142e-06,0.0,0.0,0.0,0.0,1.59238e-05,1.51241e-05,1.82619e-05,0.0,0.000820458,0.0,2.64029e-07,8.21927e-05,0.0,2.67016e-05,0.00135694,3.59083e-05,2.78878e-06,0.0306344,0.000160555,2.80116e-07,0.000697658,0.0,0.000582864,2.44519e-06,0.0,0.000151476,0.0,0.0,1.84197e-05,0.000120892,0.000888761,0.0,0.0,0.0,1.29959e-05,2.4182e-05,3.06368e-06,0.00150904,0.000760057,2.30054e-05,0.0,0.0,9.3447e-05,0.0,0.0,0.0,0.0,0.0,0.0,3.17216e-05,0.0,0.000314497,4.633e-05,1.93745e-05,0.000486337,0.0,1.07661e-05,0.0,6.32533e-05,1.87566e-06,0.0,0.0,0.0,0.000107867,0.0,0.0,2.266e-05,1.84713e-05,0.0,0.000196191,0.000105214,0.0,0.0,0.00200994,0.000427187,0.00321883,0.0,0.000195076,0.000371135,0.000723899,0.0016148,8.42732e-05,0.00175573,0.00105205,0.0015251,0.000162818,0.000256555,8.33655e-06,0.0,0.000527773,0.000382833,5.03997e-05,9.77911e-05,4.47886e-05,0.00277026,4.00078e-05,0.000943383,0.000105958,0.0
0.0,0.0,3.03398e-07,0.0148794,0.0,0.000248696,0.0,1.17337e-05,0.000967109,0.0,1.4763e-05,1.14923e-06,1.61198e-05,3.98255e-06,8.05945e-06,0.0,2.90067e-07,0.0,0.0,1.62082e-05,1.51241e-05,1.79939e-05,0.0,0.000819115,0.0,2.6539e-07,8.24598e-05,0.0,2.70402e-05,0.00135634,3.43329e-05,2.78878e-06,0.0306359,0.000161785,2.80116e-07,0.000697061,0.0,0.000583477,3.06107e-06,0.0,0.000152072,0.0,0.0,1.87194e-05,0.000120884,0.000887931,0.0,0.0,0.0,1.28211e-05,2.43433e-05,3.18902e-06,0.00150886,0.000759673,2.25068e-05,0.0,0.0,9.34323e-05,0.0,0.0,0.0,0.0,0.0,0.0,3.14785e-05,0.0,0.000314284,4.67829e-05,1.91303e-05,0.000486354,0.0,1.0295e-05,0.0,6.3486e-05,1.87566e-06,0.0,0.0,0.0,0.000107697,0.0,0.0,2.244e-05,1.8481e-05,0.0,0.000195753,0.000105214,0.0,0.0,0.00201147,0.000428618,0.00322309,0.0,0.000195104,0.000369328,0.000723973,0.00161694,8.337e-05,0.0017443,0.00105206,0.00152787,0.000163749,0.000254814,8.03886e-06,0.0,0.000527731,0.000383164,5.03992e-05,9.81003e-05,4.4496e-05,0.00276328,4.14356e-05,0.000940343,0.00010547,0.0
0.0,0.0,3.03398e-07,0.0148799,0.0,0.000248711,0.0,1.20127e-05,0.000967096,3.02943e-07,1.35325e-05,8.61924e-07,1.58269e-05,3.67585e-06,8.05945e-06,0.0,2.90067e-07,0.0,0.0,1.59238e-05,1.51241e-05,1.79939e-05,0.0,0.000819942,0.0,0.0,8.2466e-05,0.0,2.62832e-05,0.00135693,3.59074e-05,2.78878e-06,0.0306362,0.00016117,2.80116e-07,0.000701283,0.0,0.00058256,3.05914e-06,0.0,0.000151771,0.0,0.0,1.87161e-05,0.000121171,0.000888962,0.0,0.0,0.0,1.31751e-05,2.43433e-05,2.79101e-06,0.00150861,0.000760249,2.27545e-05,0.0,0.0,9.34221e-05,0.0,0.0,0.0,0.0,0.0,0.0,3.10099e-05,0.0,0.000314497,4.65696e-05,1.95529e-05,0.000485994,0.0,1.0958e-05,0.0,6.30189e-05,1.87566e-06,0.0,0.0,0.0,0.000107064,0.0,0.0,2.266e-05,1.84713e-05,0.0,0.000196449,0.000105214,0.0,0.0,0.00200865,0.00042861,0.00321808,0.0,0.00019532,0.000370113,0.00072133,0.00161694,8.48715e-05,0.0017464,0.00105051,0.00152877,0.000162525,0.00025916,7.73741e-06,0.0,0.000527976,0.000381621,5.13214e-05,9.8704e-05,4.44976e-05,0.00276239,4.11402e-05,0.000942386,0.000103434,0.0
0.0,0.0,3.03398e-07,0.0148788,0.0,0.00024949,0.0,1.17337e-05,0.000970185,3.02943e-07,1.62985e-05,1.14923e-06,1.64061e-05,3.98207e-06,7.76267e-06,0.0,2.90067e-07,0.0,0.0,1.59238e-05,1.51241e-05,1.82619e-05,0.0,0.000819894,0.0,2.6805e-07,8.27442e-05,0.0,2.67579e-05,0.00135664,3.43329e-05,2.56878e-06,0.0306372,0.000160862,0.0,0.000698277,0.0,0.000582864,2.44645e-06,0.0,0.000152074,0.0,0.0,1.84197e-05,0.000120591,0.000888342,0.0,0.0,0.0,1.29959e-05,2.4182e-05,3.32417e-06,0.00150904,0.000759873,2.2515e-05,0.0,0.0,9.36859e-05,0.0,0.0,0.0,0.0,0.0,0.0,3.14768e-05,0.0,0.000314497,4.633e-05,1.88123e-05,0.000486337,0.0,1.03365e-05,0.0,6.3486e-05,1.87566e-06,0.0,0.0,0.0,0.000107373,0.0,0.0,2.244e-05,1.82628e-05,0.0,0.000197841,0.000105214,0.0,0.0,0.00201359,0.000428393,0.00321988,0.0,0.00019531,0.000369849,0.000722364,0.00161693,8.33769e-05,0.00174792,0.00104875,0.00152356,0.000163129,0.000255416,8.03752e-06,0.0,0.000526875,0.00038468,5.07069e-05,9.87009e-05,4.44976e-05,0.00276843,4.05836e-05,0.000938489,0.000104013,0.0
2.94231e-07,0.0,8.90281e-07,0.047515,0.0,0.000170672,8.23759e-05,3.38192e-05,0.000673646,3.01445e-07,1.28985e-05,4.82263e-05,0.000108972,1.83918e-06,0.0,0.0,0.0,0.0,0.0,2.28074e-05,2.07195e-05,2.4583e-05,0.0,0.000621051,0.0,1.83053e-06,0.000139914,0.0,9.58332e-07,0.0,0.0,1.32e-06,0.00412929,0.000269374,3.62705e-06,0.0,0.0,5.45364e-05,7.34531e-06,0.0,0.0,0.0,0.0,0.0,6.45491e-06,2.62623e-05,0.0,0.0,0.0,4.47997e-06,1.53153e-05,5.9074e-06,0.00362897,0.00382057,0.0,0.0,0.00267378,8.37227e-05,0.0,0.0,0.0,0.0,0.0,1.33996e-05,0.000100241,0.0,0.0,0.00993539,3.97417e-05,0.00179527,0.0,1.17083e-05,1.2089e-05,2.28731e-05,6.64591e-06,0.0,0.0,0.0,0.000177233,0.0,0.0,1.738e-05,2.941e-05,0.0,0.000367141,9.30567e-05,0.0,0.0,0.000825346,5.31237e-05,0.00226501,5.25296e-07,6.40603e-05,0.000350179,0.000581597,0.00165078,7.17035e-05,0.00172117,0.00105762,0.00155148,5.91132e-05,0.000224425,1.27445e-05,0.0,0.00164821,0.000379203,5.65523e-05,9.50642e-05,4.56655e-05,0.00246521,0.000753855,0.00672558,0.000231007,0.0
0.0,0.0,1.18372e-06,0.0475048,0.0,0.000170914,8.23759e-05,3.38191e-05,0.00067369,0.0,1.35137e-05,4.82263e-05,0.000108413,2.14608e-06,0.0,0.0,0.0,0.0,0.0,2.22357e-05,2.01673e-05,2.48473e-05,0.0,0.000620536,0.0,1.5504e-06,0.000140458,0.0,9.99956e-07,0.0,0.0,1.1e-06,0.00412837,0.000270297,3.34804e-06,0.0,0.0,5.42285e-05,7.03661e-06,0.0,0.0,0.0,0.0,0.0,6.16147e-06,2.62623e-05,0.0,0.0,0.0,4.47997e-06,1.51541e-05,5.76731e-06,0.00362916,0.00382024,0.0,0.0,0.00267449,8.32585e-05,0.0,0.0,0.0,0.0,0.0,1.33996e-05,0.00010072,0.0,0.0,0.00993567,3.97346e-05,0.00179485,0.0,1.21016e-05,1.18806e-05,2.28749e-05,6.41674e-06,0.0,0.0,0.0,0.000175181,0.0,0.0,1.716e-05,2.92035e-05,0.0,0.000367657,9.30567e-05,0.0,0.0,0.000828304,5.2876e-05,0.00226224,5.25296e-07,6.46319e-05,0.000349162,0.000582382,0.0016529,7.13971e-05,0.00171931,0.00105984,0.00155393,6.00269e-05,0.000223259,1.27475e-05,0.0,0.00165112,0.000380111,5.6552e-05,9.35618e-05,4.53779e-05,0.00246305,0.000753577,0.00672503,0.000229569,0.0
0.0,0.0,1.48755e-06,0.0475133,0.0,0.000170419,8.18772e-05,3.41025e-05,0.000675432,3.01967e-07,1.25955e-05,4.82263e-05,0.000108976,2.14565e-06,0.0,0.0,0.0,0.0,0.0,2.25231e-05,2.01673e-05,2.48598e-05,0.0,0.00062182,2.08431e-07,1.04278e-06,0.000141001,0.0,9.58332e-07,0.0,0.0,1.1e-06,0.00412593,0.000269682,3.62705e-06,0.0,0.0,5.45364e-05,5.80907e-06,0.0,0.0,0.0,0.0,0.0,6.45491e-06,2.60539e-05,0.0,0.0,0.0,4.30077e-06,1.53153e-05,5.38148e-06,0.00362874,0.00382155,0.0,0.0,0.00267432,8.34971e-05,0.0,0.0,0.0,0.0,0.0,1.33996e-05,0.000100482,0.0,0.0,0.00993701,3.99032e-05,0.00179575,0.0,1.19879e-05,1.2089e-05,2.28749e-05,6.64591e-06,0.0,0.0,0.0,0.000177286,0.0,0.0,1.738e-05,2.96409e-05,0.0,0.000367191,9.28206e-05,0.0,0.0,0.000826973,5.3365e-05,0.00227002,5.25296e-07,6.43309e-05,0.000350185,0.000582933,0.00165321,7.17106e-05,0.00172291,0.00106004,0.00154625,5.94149e-05,0.00022444,1.30395e-05,0.0,0.00164968,0.0003789,5.68597e-05,9.38787e-05,4.56671e-05,0.00246037,0.000753591,0.00672628,0.000229564,0.0
0.0,0.0,8.90281e-07,0.0475133,0.0,0.000169926,8.23759e-05,3.41088e-05,0.000675911,3.01445e-07,1.28995e-05,4.82254e-05,0.000108981,1.83918e-06,0.0,0.0,0.0,0.0,0.0,2.22357e-05,2.0444e-05,2.45792e-05,0.0,0.000620013,0.0,2.07985e-06,0.000140175,0.0,7.18749e-07,0.0,0.0,1.79534e-06,0.00412592,0.000269374,3.34804e-06,0.0,0.0,5.51482e-05,6.73121e-06,0.0,0.0,0.0,0.0,0.0,5.86803e-06,2.62623e-05,0.0,0.0,0.0,4.47997e-06,1.53153e-05,5.90493e-06,0.00362897,0.0038198,0.0,0.0,0.00267414,8.32636e-05,0.0,0.0,0.0,0.0,0.0,1.33996e-05,0.000100005,0.0,0.0,0.00993337,3.947e-05,0.00179524,0.0,1.16762e-05,1.2089e-05,2.31058e-05,6.64591e-06,0.0,0.0,0.0,0.00017621,0.0,0.0,1.738e-05,2.96301e-05,0.0,0.000366884,9.30567e-05,0.0,0.0,0.000825889,5.2876e-05,0.00226165,5.25296e-07,6.40727e-05,0.000350436,0.000583466,0.00165199,7.08058e-05,0.00172143,0.00105459,0.00155149,6.00281e-05,0.000224395,1.2446e-05,0.0,0.00164993,0.000380725,5.62449e-05,9.50545e-05,4.53737e-05,0.00246367,0.000753023,0.00672456,0.000230457,0.0
2.41254e-07,0.0,1.18372e-06,0.0475084,0.0,0.000171166,8.23759e-05,3.35369e-05,0.000676339,0.0,1.28985e-05,4.82263e-05,0.00010869,1.83918e-06,0.0,0.0,0.0,0.0,0.0,2.25201e-05,2.04428e-05,2.45792e-05,0.0,0.000621043,0.0,1.04254e-06,0.000139078,0.0,9.58332e-07,0.0,0.0,1.1e-06,0.00412899,0.000270604,3.62705e-06,0.0,0.0,5.42288e-05,6.73012e-06,0.0,0.0,0.0,0.0,0.0,6.45491e-06,2.62623e-05,0.0,0.0,0.0,4.30077e-06,1.51541e-05,5.76731e-06,0.00362976,0.00381984,0.0,0.0,0.00267394,8.39526e-05,0.0,0.0,0.0,0.0,0.0,1.33996e-05,0.00010072,0.0,0.0,0.00993805,3.98842e-05,0.00179559,0.0,1.17306e-05,1.18806e-05,2.28749e-05,6.64591e-06,0.0,0.0,0.0,0.0001761,0.0,0.0,1.716e-05,2.92035e-05,0.0,0.000366779,9.30567e-05,0.0,0.0,0.000827485,5.31172e-05,0.00226883,2.62648e-07,6.4619e-05,0.000349922,0.000582157,0.0016523,7.14061e-05,0.00171844,0.00105798,0.00155149,5.91124e-05,0.000225004,1.2751e-05,0.0,0.00164968,0.000378892,5.7474e-05,9.32716e-05,4.53779e-05,0.00246673,0.000754707,0.00672609,0.000231277,0.0
0.0,0.0,1.18372e-06,0.047508,0.0,0.000170914,8.26267e-05,3.38213e-05,0.000673026,0.0,1.22879e-05,4.7939e-05,0.000108694,2.45255e-06,0.0,0.0,0.0,0.0,0.0,2.25231e-05,2.01673e-05,2.48473e-05,0.0,0.000620278,0.0,2.59596e-06,0.000140716,0.0,7.18749e-07,0.0,0.0,1.1e-06,0.00412684,0.000269374,3.62705e-06,0.0,0.0,5.45361e-05,6.42335e-06,0.0,0.0,0.0,0.0,0.0,6.16147e-06,2.62623e-05,0.0,0.0,0.0,4.47997e-06,1.53153e-05,5.77468e-06,0.00362856,0.00382065,0.0,0.0,0.00267432,8.34971e-05,0.0,0.0,0.0,0.0,0.0,1.33996e-05,0.000100241,0.0,0.0,0.00993489,3.99031e-05,0.00179523,0.0,1.21666e-05,1.2089e-05,2.28749e-05,6.41674e-06,0.0,0.0,0.0,0.00017674,0.0,0.0,1.76e-05,2.941e-05,0.0,0.000367193,9.28206e-05,0.0,0.0,0.000827492,5.2876e-05,0.0022613,5.25296e-07,6.40732e-05,0.000350694,0.000582129,0.00165169,7.22937e-05,0.00171723,0.00106189,0.00154748,6.03294e-05,0.00022412,1.2446e-05,0.0,0.0016494,0.000378594,5.65525e-05,9.50627e-05,4.53737e-05,0.00246211,0.000753568,0.00672382,0.000229603,0.0
0.0,0.0,8.90281e-07,0.0475103,0.0,0.000170942,8.23759e-05,3.38224e-05,0.000673932,0.0,1.35137e-05,4.82263e-05,0.000108695,1.83918e-06,0.0,0.0,0.0,0.0,0.0,2.22357e-05,2.0444e-05,2.48574e-05,0.0,0.000621022,0.0,1.28777e-06,0.000139359,0.0,9.58332e-07,0.0,0.0,1.1e-06,0.00412715,0.000270297,3.34804e-06,0.0,0.0,5.4536e-05,6.73055e-06,0.0,0.0,0.0,0.0,0.0,6.44128e-06,2.62623e-05,0.0,0.0,0.0,4.30077e-06,1.51541e-05,5.63953e-06,0.00362891,0.00382151,0.0,0.0,0.00267412,8.32636e-05,0.0,0.0,0.0,0.0,0.0,1.33996e-05,0.00010072,0.0,0.0,0.00993592,3.94867e-05,0.00179562,0.0,1.15736e-05,1.2089e-05,2.26352e-05,6.64591e-06,0.0,0.0,0.0,0.000175693,0.0,0.0,1.738e-05,2.92035e-05,0.0,0.000367848,9.30567e-05,0.0,0.0,0.00082752,5.31323e-05,0.0022665,5.25296e-07,6.46178e-05,0.000350699,0.000583211,0.0016526,7.02134e-05,0.00172653,0.00105585,0.00155668,5.9424e-05,0.000223833,1.3046e-05,0.0,0.00164906,0.000380425,5.56298e-05,9.32671e-05,4.53779e-05,0.00246304,0.000754162,0.00672467,0.000227536,0.0
0.0,0.0,1.48755e-06,0.0475138,0.0,0.000170916,8.23759e-05,3.38224e-05,0.000674742,6.0289e-07,1.29044e-05,4.82263e-05,0.00010869,2.14565e-06,0.0,0.0,0.0,0.0,0.0,2.25231e-05,2.01673e-05,2.45792e-05,0.0,0.000620801,0.0,1.82253e-06,0.000140171,0.0,1.50759e-06,0.0,3.07586e-07,1.32e-06,0.00412807,0.000269681,3.62705e-06,0.0,0.0,5.45364e-05,6.42568e-06,0.0,0.0,0.0,0.0,0.0,5.86803e-06,2.60539e-05,0.0,0.0,0.0,4.47997e-06,1.53153e-05,5.6395e-06,0.00362872,0.00381984,0.0,0.0,0.00267414,8.37227e-05,0.0,0.0,0.0,0.0,0.0,1.3216e-05,0.00010025,0.0,0.0,0.00993733,3.98817e-05,0.00179481,0.0,1.2592e-05,1.18806e-05,2.28749e-05,6.64591e-06,0.0,0.0,0.0,0.000176546,0.0,0.0,1.716e-05,2.96409e-05,0.0,0.000367162,9.30567e-05,0.0,0.0,0.000826948,5.2876e-05,0.00226744,5.25296e-07,6.40577e-05,0.000349158,0.000582399,0.0016526,7.14049e-05,0.00171785,0.00105673,0.00155115,5.97192e-05,0.000223847,1.2741e-05,0.0,0.0016514,0.000380724,5.68592e-05,9.3566e-05,4.59589e-05,0.00246043,0.00075302,0.0067233,0.000229594,0.0
0.0,0.0,1.18372e-06,0.0475047,0.0,0.000170913,8.23759e-05,3.3817e-05,0.000675723,3.01967e-07,1.22831e-05,4.82263e-05,0.00010898,2.14608e-06,0.0,0.0,0.0,0.0,0.0,2.22357e-05,2.04428e-05,2.45792e-05,0.0,0.000621051,0.0,1.05612e-06,0.000139906,0.0,7.18749e-07,0.0,0.0,1.1e-06,0.00412745,0.00026999,3.62705e-06,0.0,0.0,5.48436e-05,5.80868e-06,0.0,0.0,0.0,0.0,0.0,6.45491e-06,2.62623e-05,0.0,0.0,0.0,4.30077e-06,1.53153e-05,5.77468e-06,0.00362896,0.00381923,0.0,0.0,0.00267432,8.32725e-05,0.0,0.0,0.0,0.0,0.0,1.33996e-05,0.000100715,0.0,0.0,0.009934,3.97489e-05,0.00179543,0.0,1.16347e-05,1.2089e-05,2.28766e-05,6.64591e-06,0.0,0.0,0.0,0.000176636,0.0,0.0,1.738e-05,2.94216e-05,0.0,0.000366501,9.28206e-05,0.0,0.0,0.00082648,5.33715e-05,0.00226689,5.25296e-07,6.4619e-05,0.000350685,0.000580262,0.0016526,7.1702e-05,0.00172051,0.00105793,0.00154995,6.00291e-05,0.000224706,1.3046e-05,0.0,0.00164853,0.000378895,5.71669e-05,9.38659e-05,4.50845e-05,0.002467,0.000754995,0.00672595,0.000229874,0.0
2.94231e-07,0.0,1.18372e-06,0.0475112,0.0,0.000170938,8.23759e-05,3.38254e-05,0.000673905,0.0,1.3206e-05,4.8799e-05,0.000108977,1.83918e-06,0.0,0.0,0.0,0.0,0.0,2.25201e-05,2.0444e-05,2.45792e-05,0.0,0.000621047,0.0,1.5504e-06,0.000140451,0.0,9.58332e-07,0.0,3.07655e-07,1.28571e-06,0.00412624,0.000269989,3.34804e-06,0.0,0.0,5.39213e-05,7.34563e-06,0.0,0.0,0.0,0.0,0.0,6.44047e-06,2.62623e-05,0.0,0.0,0.0,4.47997e-06,1.51541e-05,5.63706e-06,0.00362893,0.00382083,0.0,0.0,0.00267469,8.41627e-05,0.0,0.0,0.0,0.0,0.0,1.33996e-05,0.00010072,0.0,0.0,0.0099387,4.00799e-05,0.00179524,0.0,1.1684e-05,1.18806e-05,2.31058e-05,6.41674e-06,0.0,0.0,0.0,0.000176228,0.0,0.0,1.738e-05,2.941e-05,0.0,0.000368152,9.30567e-05,0.0,0.0,0.000826951,5.26217e-05,0.00226359,2.62648e-07,6.46319e-05,0.000349417,0.000583453,0.00165138,7.1108e-05,0.00172323,0.00105949,0.00154963,5.97187e-05,0.000222392,1.2151e-05,0.0,0.00165112,0.000380123,5.65525e-05,9.44677e-05,4.59581e-05,0.00246179,0.000753591,0.00672513,0.000229026,0.0
1.89718e-06,0.0,3.03398e-07,0.0444359,0.0,7.39756e-05,9.83479e-05,2.55738e-05,0.000594487,1.81076e-06,1.06593e-05,4.0469e-05,0.000106711,1.84164e-06,0.0,0.0,2.6922e-06,0.0,0.0,5.98938e-05,1.86865e-05,8.86484e-06,0.0,0.000190904,0.0,0.00481816,0.000213923,0.0,0.0,0.00139139,9.1291e-06,2.30627e-06,0.00666401,0.000268778,8.52304e-05,2.17901e-05,0.0,6.99334e-06,1.10102e-05,0.0,0.0,0.0,1.2778e-05,0.0,2.72949e-05,0.00226341,0.00135024,0.0,0.0,4.12158e-06,0.0,2.38921e-06,0.00303968,0.00144981,0.0,0.0,0.0,0.000367031,0.0,0.0,0.0,0.0,0.000158071,0.0,6.51252e-05,0.0,0.000204497,8.11095e-05,5.02583e-05,0.000254412,0.0,7.29581e-06,0.0,1.45364e-05,0.0,0.0,0.0,0.0,0.000221448,0.0,0.0,1.408e-05,0.000109812,0.0,0.000438144,0.000100851,6.04582e-05,0.0,0.00114142,5.77092e-05,0.00247942,5.25296e-07,2.64528e-06,0.000364081,0.00060013,0.00165775,6.30689e-05,0.00169797,0.00109263,0.00100743,9.41343e-05,0.000248589,6.0289e-07,0.0,0.0,0.000367004,4.794e-05,9.35587e-05,1.75638e-06,0.00255237,0.0,0.0,0.000120343,0.0
1.06666e-06,0.0,3.03398e-07,0.0444301,0.0,7.39724e-05,9.83479e-05,2.47283e-05,0.000595349,1.20735e-06,1.03497e-05,4.07563e-05,0.000106421,2.45536e-06,0.0,0.0,2.6922e-06,0.0,0.0,5.96094e-05,1.87012e-05,8.86868e-06,0.0,0.000190641,0.0,0.00481798,0.000214186,0.0,0.0,0.00139082,8.51091e-06,2.76753e-06,0.00666217,0.000269085,8.55205e-05,2.2097e-05,0.0,7.91387e-06,1.10125e-05,0.0,0.0,0.0,1.2778e-05,0.0,2.67053e-05,0.00226424,0.00134985,0.0,0.0,4.30077e-06,0.0,2.41834e-06,0.00303927,0.00144998,0.0,0.0,0.0,0.00036767,0.0,0.0,0.0,0.0,0.000158266,0.0,6.51203e-05,0.0,0.000204285,8.15937e-05,4.98966e-05,0.000254249,0.0,6.92789e-06,0.0,1.47708e-05,0.0,0.0,0.0,0.0,0.000221068,0.0,0.0,1.43e-05,0.000110041,0.0,0.000437631,0.000100615,6.02186e-05,0.0,0.00114303,5.77092e-05,0.00248437,5.25296e-07,3.18904e-06,0.000363042,0.000601394,0.00165653,6.36609e-05,0.00170095,0.00109869,0.0010059,9.38306e-05,0.000246586,3.01445e-07,0.0,0.0,0.00036793,4.7325e-05,9.23542e-05,1.75638e-06,0.00254967,0.0,0.0,0.000121168,0.0
5.8248e-07,0.0,3.03398e-07,0.0444378,0.0,7.37278e-05,9.83479e-05,2.58572e-05,0.000596926,1.50931e-06,1.06562e-05,4.01827e-05,0.000106712,1.84164e-06,0.0,0.0,2.6922e-06,0.0,0.0,6.01781e-05,1.89718e-05,8.86484e-06,0.0,0.000192202,0.0,0.00482042,0.000215272,0.0,0.0,0.00139023,1.00178e-05,2.52627e-06,0.00666155,0.000268471,8.55196e-05,2.2097e-05,0.0,7.60298e-06,1.07046e-05,0.0,0.0,0.0,1.2778e-05,0.0,2.70023e-05,0.00226299,0.00135044,0.0,0.0,4.30077e-06,0.0,2.40135e-06,0.00304156,0.0014498,0.0,0.0,0.0,0.000367907,0.0,0.0,0.0,0.0,0.000158071,0.0,6.53665e-05,0.0,0.000204285,8.13524e-05,5.10294e-05,0.000254773,0.0,7.20032e-06,0.0,1.47708e-05,0.0,0.0,0.0,0.0,0.000221294,0.0,0.0,1.43e-05,0.000110248,0.0,0.000438366,0.000100851,6.06926e-05,0.0,0.00114154,5.72287e-05,0.00247643,5.25296e-07,4.28947e-06,0.000362777,0.000597445,0.00165653,6.30683e-05,0.00169676,0.00109418,0.00100251,9.38247e-05,0.000248269,6.0289e-07,0.0,0.0,0.000368223,4.7325e-05,9.23484e-05,1.75638e-06,0.00254859,0.0,0.0,0.000120605,0.0
8.05773e-07,0.0,3.03398e-07,0.044426,0.0,7.42201e-05,9.85988e-05,2.47261e-05,0.000595159,1.50931e-06,1.06527e-05,4.10436e-05,0.000106993,2.45536e-06,0.0,0.0,2.99133e-06,0.0,0.0,6.0176e-05,1.84158e-05,8.86484e-06,0.0,0.000190608,0.0,0.00481949,0.000213644,0.0,0.0,0.00139081,8.51091e-06,2.30627e-06,0.00666339,0.000268778,8.52304e-05,2.2097e-05,0.0,7.60589e-06,1.16231e-05,0.0,0.0,0.0,1.2778e-05,0.0,2.69987e-05,0.00226403,0.00135004,0.0,0.0,4.30077e-06,0.0,2.5486e-06,0.00303969,0.00144998,0.0,0.0,0.0,0.000367016,0.0,0.0,0.0,0.0,0.000158266,0.0,6.48824e-05,0.0,0.000204497,8.15937e-05,5.04101e-05,0.000254231,0.0,7.69591e-06,0.0,1.47708e-05,0.0,0.0,0.0,0.0,0.000221552,0.0,0.0,1.408e-05,0.000109596,0.0,0.000436515,0.000100615,6.04582e-05,0.0,0.00114589,5.74765e-05,0.00247987,5.25296e-07,2.64528e-06,0.00036382,0.000602211,0.00165836,6.21703e-05,0.00170071,0.00109476,0.00100834,9.41358e-05,0.000247441,3.01445e-07,0.0,0.0,0.000366707,4.794e-05,9.2645e-05,2.04555e-06,0.00255539,0.0,0.0,0.000121503,0.0
1.62899e-06,0.0,6.06795e-07,0.0444361,0.0,7.37278e-05,9.83479e-05,2.50136e-05,0.000598373,1.20735e-06,1.12678e-05,4.07563e-05,0.000106711,2.45536e-06,0.0,0.0,2.6922e-06,0.0,0.0,5.93242e-05,1.89718e-05,8.59679e-06,0.0,0.000191429,0.0,0.00481767,0.00021532,0.0,0.0,0.0013917,9.11761e-06,2.30627e-06,0.00666278,0.000269392,8.58097e-05,2.23934e-05,0.0,7.60378e-06,9.78411e-06,0.0,0.0,0.0,1.2778e-05,0.0,2.70015e-05,0.00226299,0.00135024,0.0,0.0,4.30077e-06,0.0,2.27354e-06,0.00304068,0.00144978,0.0,0.0,0.0,0.000367903,0.0,0.0,0.0,0.0,0.000157877,0.0,6.48791e-05,0.0,0.000204285,8.13524e-05,4.99084e-05,0.00025443,0.0,6.61382e-06,0.0,1.47708e-05,0.0,0.0,0.0,0.0,0.00022129,0.0,0.0,1.43e-05,0.000109604,0.0,0.000440248,0.000100851,6.02186e-05,0.0,0.00114118,5.72305e-05,0.00248348,2.62648e-07,2.93211e-06,0.000363556,0.000597156,0.00165561,6.39659e-05,0.00170127,0.0010969,0.00100313,9.41351e-05,0.000248886,6.0289e-07,0.0,0.0,0.000367626,4.76323e-05,9.44579e-05,1.75638e-06,0.00254659,0.0,0.0,0.0001203,0.0
8.01002e-07,0.0,3.03398e-07,0.0444305,0.0,7.42201e-05,9.83479e-05,2.52885e-05,0.000592916,1.81076e-06,1.00408e-05,4.0469e-05,0.000106426,1.84164e-06,0.0,0.0,2.6922e-06,0.0,0.0,6.04604e-05,1.87012e-05,8.86484e-06,0.0,0.000192736,0.0,0.00481825,0.000213349,0.0,0.0,0.00138814,9.41097e-06,2.76753e-06,0.00666309,0.000268471,8.58004e-05,2.17901e-05,0.0,7.29435e-06,1.13188e-05,0.0,0.0,0.0,1.2778e-05,0.0,2.69971e-05,0.002263,0.00135004,0.0,0.0,4.30077e-06,0.0,2.53401e-06,0.0030397,0.00144997,0.0,0.0,0.0,0.000367469,0.0,0.0,0.0,0.0,0.000158266,0.0,6.51286e-05,0.0,0.000204285,8.13508e-05,5.073e-05,0.000254591,0.0,7.72828e-06,0.0,1.45364e-05,0.0,0.0,0.0,0.0,0.000221795,0.0,0.0,1.408e-05,0.000110017,0.0,0.000435812,0.000100851,6.06926e-05,0.0,0.00114361,5.74615e-05,0.00247567,5.25296e-07,3.47257e-06,0.000363036,0.000601435,0.00165806,6.27666e-05,0.00170008,0.00109504,0.00100929,9.35304e-05,0.000248003,3.01445e-07,0.0,0.0,0.000367613,4.70178e-05,9.2046e-05,2.04982e-06,0.00255366,0.0,0.0,0.000118596,0.0
1.35537e-06,0.0,6.07227e-07,0.0444324,0.0,7.39657e-05,9.83479e-05,2.52937e-05,0.000596751,1.50931e-06,1.09603e-05,4.07563e-05,0.000106707,2.45536e-06,0.0,0.0,2.6922e-06,0.0,0.0,5.96094e-05,1.86865e-05,8.86484e-06,0.0,0.000191405,0.0,0.00481865,0.000214753,0.0,0.0,0.00139347,8.51091e-06,2.5794e-06,0.00666217,0.000269392,8.49395e-05,2.2097e-05,0.0,7.30072e-06,1.13183e-05,0.0,0.0,0.0,1.2778e-05,0.0,2.67105e-05,0.00226403,0.00135004,0.0,0.0,4.30077e-06,0.0,2.27354e-06,0.00304009,0.00144963,0.0,0.0,0.0,0.00036724,0.0,0.0,0.0,0.0,0.000158071,0.0,6.51203e-05,0.0,0.000204497,8.13524e-05,5.08496e-05,0.000254591,0.0,6.89603e-06,0.0,1.47708e-05,0.0,0.0,0.0,0.0,0.000221286,0.0,0.0,1.408e-05,0.000109812,0.0,0.000438386,0.000100615,6.04582e-05,0.0,0.00114191,5.77092e-05,0.00248228,5.25296e-07,3.1903e-06,0.000362788,0.000599278,0.00165622,6.3063e-05,0.00169825,0.00109782,0.000999742,9.47387e-05,0.000247736,6.0289e-07,0.0,0.0,0.000367315,4.79395e-05,9.35522e-05,2.04555e-06,0.00254933,0.0,0.0,0.00012291,0.0
1.34814e-06,0.0,3.03398e-07,0.0444321,0.0,7.39724e-05,9.83479e-05,2.44482e-05,0.000595569,1.50931e-06,1.06562e-05,4.10427e-05,0.000106711,2.14786e-06,0.0,0.0,2.6922e-06,0.0,0.0,5.98938e-05,1.87012e-05,8.86868e-06,0.0,0.000191181,0.0,0.00481997,0.000213943,0.0,0.0,0.0013896,8.82333e-06,2.52627e-06,0.00666217,0.000269085,8.58097e-05,2.2097e-05,0.0,7.91387e-06,1.10096e-05,0.0,0.0,0.0,1.2778e-05,0.0,2.69971e-05,0.0022634,0.00135044,0.0,0.0,4.30077e-06,0.0,2.5486e-06,0.00304027,0.00144979,0.0,0.0,0.0,0.000367692,0.0,0.0,0.0,0.0,0.000158266,0.0,6.53665e-05,0.0,0.000204285,8.15937e-05,5.00764e-05,0.00025407,0.0,7.065e-06,0.0,1.47708e-05,0.0,0.0,0.0,0.0,0.000221261,0.0,0.0,1.43e-05,0.000109812,0.0,0.000438763,0.000100615,6.04582e-05,0.0,0.00114302,5.74765e-05,0.00247877,5.25296e-07,3.18904e-06,0.000364077,0.000599307,0.00165806,6.33698e-05,0.00170094,0.00109235,0.00100745,9.32192e-05,0.000247706,6.0289e-07,0.0,0.0,0.000368545,4.7325e-05,9.23454e-05,1.75638e-06,0.00255406,0.0,0.0,0.000118876,0.0
1.10525e-06,0.0,6.07227e-07,0.044433,0.0,7.39756e-05,9.83479e-05,2.50073e-05,0.000594904,1.20735e-06,1.03481e-05,4.07563e-05,0.000106712,2.14914e-06,0.0,0.0,2.6922e-06,0.0,0.0,6.01731e-05,1.89718e-05,8.86484e-06,0.0,0.000191653,0.0,0.00482029,0.000212533,0.0,0.0,0.00138996,9.41431e-06,2.71625e-06,0.00666278,0.000268778,8.52304e-05,2.2097e-05,0.0,6.99382e-06,1.03984e-05,0.0,0.0,0.0,1.2778e-05,0.0,2.67011e-05,0.00226382,0.00134985,0.0,0.0,4.30077e-06,0.0,2.54375e-06,0.00304054,0.00144937,0.0,0.0,0.0,0.000367683,0.0,0.0,0.0,0.0,0.000158071,0.0,6.51203e-05,0.0,0.000204285,8.15937e-05,5.04125e-05,0.000254773,0.0,7.32796e-06,0.0,1.47708e-05,0.0,0.0,0.0,0.0,0.000221752,0.0,0.0,1.43e-05,0.000109596,0.0,0.00043822,0.000100851,6.0453e-05,0.0,0.00114204,5.74615e-05,0.00247952,2.62648e-07,2.91337e-06,0.000362776,0.000599,0.00165622,6.27691e-05,0.00169947,0.00109692,0.00100558,9.35249e-05,0.00024801,3.01445e-07,0.0,0.0,0.00036731,4.76327e-05,9.35541e-05,1.75638e-06,0.00255067,0.0,0.0,0.000119764,0.0
1.89905e-06,0.0,3.03398e-07,0.0444354,0.0,7.39724e-05,9.83479e-05,2.52937e-05,0.000595602,1.81076e-06,1.12678e-05,4.07563e-05,0.000106707,2.14786e-06,0.0,0.0,2.6922e-06,0.0,0.0,5.98938e-05,1.87012e-05,8.86484e-06,0.0,0.000190643,1.81385e-07,0.00481889,0.000214477,0.0,2.70629e-07,0.00139022,8.51091e-06,2.30627e-06,0.00666217,0.000268778,8.52304e-05,2.2097e-05,0.0,6.99334e-06,1.10096e-05,0.0,0.0,0.0,1.2778e-05,0.0,2.67036e-05,0.0022632,0.00135024,0.0,0.0,4.30077e-06,0.0,2.2614e-06,0.00304053,0.00145019,0.0,0.0,0.0,0.000367923,0.0,0.0,0.0,0.0,0.000158266,0.0,6.48791e-05,0.0,0.000204285,8.11095e-05,5.06954e-05,0.00025441,0.0,7.00917e-06,0.0,1.45364e-05,0.0,0.0,0.0,0.0,0.000221664,0.0,0.0,1.408e-05,0.000110248,0.0,0.000438832,0.000100615,6.04582e-05,0.0,0.00114428,5.72455e-05,0.00247919,5.25296e-07,2.94879e-06,0.000363566,0.000601164,0.00165744,6.30689e-05,0.00169827,0.00109384,0.00100561,9.4744e-05,0.000247747,6.0289e-07,0.0,0.0,0.000369753,4.7325e-05,9.17492e-05,1.75638e-06,0.00254999,0.0,0.0,0.000120323,0.0
0.0,0.0,2.06324e-06,0.0427719,0.0,5.83529e-05,0.00011591,3.37797e-05,0.000731134,6.03412e-07,3.05712e-06,3.9058e-05,0.000105245,1.53517e-06,0.0,0.0,8.95594e-06,0.0,0.0,0.0,2.50385e-05,1.70324e-05,0.0,0.000302428,0.000106257,0.00576643,0.000334557,0.0,9.30879e-05,0.00131761,1.71478e-05,2.26847e-06,0.00654025,9.66179e-05,8.31924e-05,0.0,4.53441e-06,2.75747e-06,1.8045e-05,0.0,3.58722e-05,0.0,9.77847e-05,0.0,3.51384e-05,0.00145089,0.0,0.0,0.0,0.0,0.0,7.67348e-06,0.00687749,0.000288816,0.0,0.0,0.0669155,0.000154803,0.0,0.0,0.0,0.0,0.0,0.0,9.0804e-05,0.0,0.000213841,0.00839854,5.92517e-05,0.00652922,0.0,6.31919e-06,0.0,1.40675e-05,0.0,0.0,1.21078e-05,0.0,0.000297947,0.0,0.0,0.0,0.00025329,0.0,0.000403254,0.000122344,0.0,0.0,0.00142786,6.6083e-05,0.00264485,5.25296e-07,0.000252939,0.000400136,0.000682927,0.00154522,6.19129e-05,0.00176881,0.00108662,0.00105336,0.000365039,0.000229383,3.01445e-07,5.37855e-05,0.0,0.000351444,4.64055e-05,8.84355e-05,1.37218e-05,0.00257777,2.7787e-07,2.79004e-07,0.000126853,0.0
0.0,0.0,2.07442e-06,0.0427662,0.0,5.83462e-05,0.000115659,3.3503e-05,0.000730489,6.03412e-07,2.75306e-06,3.99251e-05,0.000105254,1.53415e-06,0.0,0.0,8.95465e-06,0.0,0.0,0.0,2.44948e-05,1.75685e-05,0.0,0.000300098,0.000106686,0.00576738,0.000333807,0.0,9.25501e-05,0.00131763,1.7423e-05,2.39503e-06,0.00653809,9.63102e-05,8.25997e-05,0.0,4.53441e-06,3.06326e-06,1.89664e-05,0.0,3.58722e-05,0.0,9.74801e-05,0.0,3.5431e-05,0.0014511,0.0,0.0,0.0,0.0,0.0,7.68562e-06,0.00687878,0.000288816,0.0,0.0,0.0669149,0.00015481,0.0,0.0,0.0,0.0,0.0,0.0,9.03333e-05,0.0,0.000213416,0.00839758,5.98894e-05,0.00653106,0.0,6.59138e-06,0.0,1.3833e-05,0.0,0.0,1.21078e-05,0.0,0.000298198,0.0,0.0,0.0,0.000253072,0.0,0.000401563,0.000122107,0.0,0.0,0.00142566,6.53883e-05,0.00264501,5.25296e-07,0.000253731,0.000400138,0.000682893,0.001544,6.10218e-05,0.00176857,0.00108632,0.00105494,0.000365346,0.000230228,0.0,5.40747e-05,0.0,0.000347467,4.64065e-05,8.72587e-05,1.40195e-05,0.00257467,2.7787e-07,1.11282e-06,0.000128909,0.0
0.0,0.0,1.77061e-06,0.0427768,0.0,5.83529e-05,0.000115659,3.37841e-05,0.000729191,3.01967e-07,3.67097e-06,3.9058e-05,0.000104683,1.53517e-06,0.0,0.0,8.95594e-06,0.0,0.0,0.0,2.45099e-05,1.7298e-05,0.0,0.00030191,0.000106648,0.00577083,0.000334248,0.0,9.33322e-05,0.00131875,1.68402e-05,1.32e-06,0.00653932,9.66179e-05,8.29015e-05,0.0,4.53441e-06,2.44998e-06,1.86573e-05,0.0,3.55758e-05,0.0,9.77847e-05,0.0,3.57252e-05,0.00145068,0.0,0.0,0.0,0.0,0.0,8.22599e-06,0.00687834,0.000288816,0.0,0.0,0.0669158,0.000154803,0.0,0.0,0.0,0.0,0.0,0.0,9.05644e-05,0.0,0.000213841,0.00839808,5.90951e-05,0.00652784,0.0,6.1523e-06,0.0,1.40675e-05,0.0,0.0,1.21078e-05,0.0,0.000297815,0.0,0.0,0.0,0.000253273,0.0,0.000404154,0.000122344,0.0,0.0,0.00142807,6.53716e-05,0.00265163,5.25296e-07,0.000253499,0.000400389,0.000682132,0.00154645,6.1616e-05,0.00176791,0.00108514,0.00106075,0.000365646,0.000230236,3.01445e-07,5.37855e-05,0.0,0.000352035,4.6406e-05,8.72414e-05,1.37235e-05,0.00257787,2.7787e-07,2.79004e-07,0.000127961,0.0
0.0,0.0,1.7698e-06,0.0427653,0.0,5.83368e-05,0.000115659,3.34975e-05,0.0007303,1.20682e-06,3.36817e-06,3.96387e-05,0.000105811,1.53517e-06,0.0,0.0,8.95465e-06,0.0,0.0,0.0,2.47654e-05,1.70261e-05,0.0,0.000300603,0.000106874,0.00576707,0.000333491,0.0,9.30911e-05,0.00131703,1.65161e-05,2.74992e-06,0.00653871,9.66179e-05,8.26003e-05,0.0,4.53441e-06,2.75588e-06,1.83516e-05,0.0,3.58722e-05,0.0,9.77847e-05,0.0,3.57288e-05,0.00145131,0.0,0.0,0.0,0.0,0.0,7.68562e-06,0.0068779,0.000288816,0.0,0.0,0.0669139,0.000155021,0.0,0.0,0.0,0.0,0.0,0.0,9.03216e-05,0.0,0.000213628,0.00839662,5.94012e-05,0.00652763,0.0,6.32663e-06,0.0,1.3833e-05,0.0,0.0,1.21078e-05,0.0,0.000298211,0.0,0.0,0.0,0.000252625,0.0,0.000403695,0.000121871,0.0,0.0,0.00142854,6.53801e-05,0.00263911,5.25296e-07,0.000253212,0.000400392,0.000681584,0.00154491,6.07167e-05,0.00176374,0.00108509,0.00105279,0.000363818,0.000229077,3.01445e-07,5.37855e-05,0.0,0.000352666,4.67131e-05,8.75469e-05,1.3726e-05,0.00257849,2.7787e-07,1.11511e-06,0.000127752,0.0
0.0,0.0,2.06324e-06,0.0427695,0.0,5.81084e-05,0.00011591,3.43453e-05,0.000731594,3.01967e-07,3.05701e-06,3.96316e-05,0.000104683,1.84037e-06,0.0,0.0,8.95594e-06,0.0,0.0,0.0,2.44948e-05,1.70261e-05,0.0,0.000300843,0.000105623,0.00576724,0.000334336,0.0,9.38351e-05,0.00131909,1.68286e-05,1.89729e-06,0.0065378,9.66179e-05,8.29015e-05,0.0,4.53441e-06,2.75747e-06,1.83508e-05,0.0,3.58722e-05,0.0,9.77847e-05,0.0,3.60187e-05,0.00145006,0.0,0.0,0.0,0.0,0.0,7.81828e-06,0.0068777,0.000288816,0.0,0.0,0.0669153,0.000155044,0.0,0.0,0.0,0.0,0.0,0.0,9.08006e-05,0.0,0.000213841,0.00839829,5.92654e-05,0.00652804,0.0,6.46609e-06,0.0,1.40675e-05,0.0,0.0,1.21078e-05,0.0,0.000298108,0.0,0.0,0.0,0.000253296,0.0,0.00040326,0.000122344,0.0,0.0,0.00142622,6.56343e-05,0.00264854,5.25296e-07,0.000253497,0.000400646,0.000684791,0.00154431,6.10258e-05,0.00177058,0.00108541,0.00105891,0.000365957,0.00023024,3.01445e-07,5.40747e-05,0.0,0.000349904,4.67137e-05,8.90457e-05,1.40195e-05,0.00258088,2.7787e-07,2.76715e-07,0.00012829,0.0
0.0,0.0,1.7698e-06,0.0427712,0.0,5.85908e-05,0.000115659,3.37852e-05,0.000731595,6.03412e-07,3.06065e-06,3.90651e-05,0.000105529,1.53517e-06,0.0,0.0,8.95465e-06,0.0,0.0,0.0,2.47654e-05,1.73016e-05,0.0,0.000301658,0.000107279,0.00577019,0.000334263,0.0,9.2554e-05,0.00131821,1.65476e-05,2.67739e-06,0.00653963,9.63102e-05,8.26105e-05,0.0,4.53441e-06,2.14274e-06,1.86579e-05,0.0,3.55758e-05,0.0,9.77847e-05,0.0,3.51375e-05,0.00145131,0.0,0.0,0.0,0.0,0.0,7.96306e-06,0.00687898,0.000288816,0.0,0.0,0.0669151,0.000154786,0.0,0.0,0.0,0.0,0.0,0.0,9.05557e-05,0.0,0.000213628,0.00839735,5.95648e-05,0.00653002,0.0,6.26559e-06,0.0,1.3833e-05,0.0,0.0,1.21078e-05,0.0,0.000297275,0.0,0.0,0.0,0.000252837,0.0,0.000403657,0.000122107,0.0,0.0,0.00142619,6.53733e-05,0.0026433,5.25296e-07,0.000253497,0.000400396,0.000682626,0.00154492,6.10176e-05,0.00176614,0.00108571,0.00105828,0.000364125,0.000229642,0.0,5.37855e-05,0.0,0.000351443,4.6406e-05,8.66506e-05,1.34326e-05,0.00257335,2.7787e-07,8.34993e-07,0.000129131,0.0
0.0,0.0,2.07363e-06,0.0427706,0.0,5.8099e-05,0.000115659,3.32144e-05,0.000729594,6.03412e-07,3.363e-06,3.96316e-05,0.000104967,1.53415e-06,0.0,0.0,8.95594e-06,0.0,0.0,0.0,2.42344e-05,1.73004e-05,0.0,0.00030034,0.000106049,0.00576535,0.000333804,0.0,9.33322e-05,0.00131877,1.71005e-05,1.89898e-06,0.0065381,9.66179e-05,8.26123e-05,0.0,4.53441e-06,2.75747e-06,1.89655e-05,0.0,3.58722e-05,0.0,9.74801e-05,0.0,3.5431e-05,0.00145089,0.0,0.0,0.0,0.0,0.0,7.94855e-06,0.00687877,0.000289022,0.0,0.0,0.0669145,0.000154812,0.0,0.0,0.0,0.0,0.0,0.0,9.0332e-05,0.0,0.000213841,0.00839781,5.89499e-05,0.00652837,0.0,6.43947e-06,0.0,1.40675e-05,0.0,0.0,1.21078e-05,0.0,0.000298048,0.0,0.0,0.0,0.000253062,0.0,0.000402575,0.000122107,0.0,0.0,0.00142896,6.5852e-05,0.00264483,5.25296e-07,0.000253457,0.000400396,0.000682084,0.001544,6.1317e-05,0.00176582,0.00108668,0.00105127,0.000364424,0.000229089,3.01445e-07,5.40747e-05,0.0,0.000350206,4.6406e-05,8.84478e-05,1.43113e-05,0.00257778,2.7787e-07,2.80116e-07,0.000126555,0.0
0.0,0.0,2.06324e-06,0.0427657,0.0,5.81084e-05,0.000115659,3.37797e-05,0.000731572,6.03412e-07,3.36298e-06,3.9058e-05,0.000104969,1.53517e-06,0.0,0.0,8.95465e-06,0.0,0.0,0.0,2.44948e-05,1.7298e-05,0.0,0.000301949,0.00010622,0.00576788,0.000334314,0.0,9.19991e-05,0.00131701,1.68551e-05,2.0863e-06,0.00653871,9.66179e-05,8.29015e-05,0.0,4.53441e-06,2.75588e-06,1.89635e-05,0.0,3.58722e-05,0.0,9.77847e-05,0.0,3.63105e-05,0.0014511,0.0,0.0,0.0,0.0,0.0,7.8328e-06,0.00687775,0.000288816,0.0,0.0,0.0669145,0.000155019,0.0,0.0,0.0,0.0,0.0,0.0,9.05592e-05,0.0,0.000213628,0.00839687,5.95625e-05,0.00652754,0.0,6.30693e-06,0.0,1.3833e-05,0.0,0.0,1.21078e-05,0.0,0.000298183,0.0,0.0,0.0,0.000252826,0.0,0.00040369,0.000122344,0.0,0.0,0.00142774,6.53801e-05,0.00264404,5.25296e-07,0.000253773,0.000400387,0.000682161,0.00154644,6.16184e-05,0.00176973,0.00108875,0.00105768,0.000365957,0.000229673,3.01445e-07,5.37855e-05,0.0,0.000351746,4.6406e-05,8.57591e-05,1.34326e-05,0.00258065,0.0,8.34993e-07,0.000127428,0.0
0.0,0.0,1.7698e-06,0.0427776,0.0,5.85908e-05,0.000115659,3.32229e-05,0.000731182,6.03412e-07,3.67687e-06,3.96387e-05,0.000105525,1.84164e-06,0.0,0.0,9.25378e-06,0.0,0.0,0.0,2.47654e-05,1.6758e-05,0.0,0.000300838,0.00010687,0.00577029,0.000332665,0.0,9.36132e-05,0.00131761,1.71005e-05,1.60825e-06,0.00653841,9.66179e-05,8.23076e-05,0.0,4.53441e-06,2.44998e-06,1.80438e-05,0.0,3.55758e-05,0.0,9.77847e-05,0.0,3.51375e-05,0.00145089,0.0,0.0,0.0,0.0,0.0,7.94855e-06,0.00687788,0.000288816,0.0,0.0,0.0669151,0.000154594,0.0,0.0,0.0,0.0,0.0,0.0,9.08074e-05,0.0,0.000213841,0.00839831,5.92607e-05,0.00653031,0.0,6.17167e-06,0.0,1.3833e-05,0.0,0.0,1.21078e-05,0.0,0.000297424,0.0,0.0,0.0,0.000253311,0.0,0.000404639,0.000122107,0.0,0.0,0.00142757,6.48911e-05,0.00264783,7.87944e-07,0.000252927,0.000400138,0.000682675,0.00154492,6.10209e-05,0.00176729,0.00108085,0.00105831,0.000364426,0.000230545,3.01445e-07,5.40747e-05,0.0,0.000350517,4.6406e-05,8.90358e-05,1.3726e-05,0.00257242,2.7787e-07,8.35835e-07,0.000130068,0.0
0.0,0.0,2.07444e-06,0.0427625,0.0,5.83529e-05,0.00011591,3.43443e-05,0.000729199,3.01967e-07,3.36371e-06,3.93443e-05,0.000104969,1.22768e-06,0.0,0.0,8.65681e-06,0.0,0.0,0.0,2.45099e-05,1.72941e-05,0.0,0.000301653,0.000106261,0.00576704,0.000336519,0.0,9.33271e-05,0.00131761,1.65476e-05,2.48752e-06,0.00653902,9.63102e-05,8.29032e-05,2.96465e-07,4.53441e-06,2.75588e-06,1.86577e-05,0.0,3.58722e-05,0.0,9.77847e-05,0.0,3.60187e-05,0.00145089,0.0,0.0,0.0,0.0,0.0,7.81589e-06,0.00687857,0.000288816,0.0,0.0,0.0669147,0.000155254,0.0,0.0,0.0,0.0,0.0,0.0,9.07937e-05,0.0,0.000213416,0.00839758,5.95625e-05,0.0065273,0.0,6.32663e-06,0.0,1.40675e-05,0.0,0.0,1.21078e-05,0.0,0.00029884,0.0,0.0,0.0,0.000253051,0.0,0.000402068,0.000122344,0.0,0.0,0.00142642,6.53866e-05,0.0026432,5.25296e-07,0.000253756,0.000401421,0.00068342,0.0015443,6.10178e-05,0.00176286,0.00108849,0.00105461,0.000365949,0.000227912,3.01445e-07,5.37855e-05,0.0,0.000351746,4.6406e-05,8.695e-05,1.40195e-05,0.00257974,2.7787e-07,5.55989e-07,0.000126261,0.0
0.0,0.0,0.0,0.000583028,0.0,0.000158249,9.30793e-05,3.01744e-05,0.000821884,9.04857e-07,0.0,1.00649e-05,5.1224e-06,7.04879e-06,0.0,0.0,0.0,0.0,0.0,0.000272977,0.000659182,4.98936e-05,0.0,0.000542911,7.78098e-06,0.00103527,0.000310422,0.0,7.22253e-06,0.000893072,4.54501e-06,1.74043e-05,0.01289,3.38495e-06,0.000158615,3.50801e-05,0.0,7.34269e-06,3.06469e-07,0.0,0.0,0.0,0.000114234,0.0,5.17845e-05,0.00031848,0.0,0.0,0.0,2.68798e-06,0.0,6.5669e-06,0.0280345,0.000865549,1.73427e-06,0.0,0.00680507,0.000120414,0.0,0.0,0.0,0.0,0.0,0.0,6.21048e-05,0.0,2.44207e-05,0.00340835,6.0502e-05,0.0404627,0.0,3.86203e-06,0.0,0.0,1.91094e-05,0.0,0.0,0.0,0.000649508,8.79999e-07,0.0,0.0,0.000200646,1.70053e-05,0.000886111,0.000150646,4.04418e-05,0.0,0.00171604,8.09834e-05,0.00271721,1.31324e-06,2.27188e-05,0.000384804,0.000656167,0.00157475,5.32988e-05,0.00176978,0.00107103,0.00111867,0.000410685,0.000219845,0.0,0.0,5.83597e-07,0.000337683,4.61024e-05,8.54203e-05,2.50934e-05,0.00264637,3.07903e-06,0.0,0.000151749,0.0
2.61247e-07,0.0,3.04239e-07,0.000582516,0.0,0.000159748,9.30793e-05,3.01754e-05,0.000820275,3.01967e-07,0.0,1.00649e-05,4.83704e-06,6.74232e-06,0.0,0.0,0.0,0.0,0.0,0.000272972,0.000657838,5.01646e-05,0.0,0.000545567,7.41537e-06,0.00103864,0.000310189,0.0,6.9988e-06,0.000893948,4.5845e-06,1.69216e-05,0.0128931,3.38495e-06,0.000159168,3.50801e-05,0.0,7.64863e-06,0.0,0.0,0.0,0.0,0.000114234,0.0,5.20654e-05,0.000318482,0.0,0.0,0.0,2.68798e-06,0.0,6.99885e-06,0.0280326,0.00086518,1.98202e-06,0.0,0.00680602,0.000120196,0.0,0.0,0.0,0.0,0.0,0.0,6.18721e-05,0.0,2.42084e-05,0.00340789,6.08104e-05,0.0404634,0.0,3.96523e-06,0.0,0.0,1.88784e-05,0.0,0.0,0.0,0.000650873,6.6e-07,0.0,0.0,0.000199755,1.67691e-05,0.000883816,0.000151353,4.02039e-05,0.0,0.00171888,8.14556e-05,0.0027093,1.84394e-06,2.35466e-05,0.000385826,0.000657525,0.001572,5.24034e-05,0.00176161,0.00107139,0.00112173,0.000412502,0.000217524,3.01445e-07,0.0,5.83597e-07,0.000337997,4.61019e-05,8.54147e-05,2.50934e-05,0.00264932,3.07903e-06,5.64364e-07,0.000151098,0.0
0.0,0.0,3.04625e-07,0.000583276,0.0,0.000158982,9.33302e-05,3.07357e-05,0.000818805,6.03412e-07,0.0,1.00741e-05,4.83804e-06,7.04879e-06,0.0,0.0,0.0,0.0,0.0,0.000273543,0.00065913,4.98936e-05,0.0,0.000545553,7.76888e-06,0.00103463,0.000310981,0.0,7.15581e-06,0.000894235,3.94195e-06,1.68539e-05,0.0128897,3.38495e-06,0.000159459,3.56955e-05,0.0,7.34269e-06,0.0,0.0,0.0,0.0,0.000114539,0.0,5.15012e-05,0.000318686,0.0,0.0,0.0,2.68798e-06,0.0,6.7069e-06,0.0280333,0.000865374,1.98202e-06,0.0,0.00680489,0.000120872,0.0,0.0,0.0,0.0,0.0,0.0,6.18721e-05,0.0,2.44207e-05,0.0034072,6.05112e-05,0.0404629,0.0,3.79328e-06,0.0,0.0,1.91075e-05,0.0,0.0,0.0,0.000649183,8.79999e-07,0.0,0.0,0.000200198,1.70053e-05,0.000886104,0.000150646,4.02039e-05,0.0,0.00171436,8.07356e-05,0.00271577,1.31324e-06,2.30029e-05,0.000384287,0.000654558,0.00157322,5.27045e-05,0.00176226,0.00107076,0.00111837,0.000410072,0.000217233,3.01445e-07,0.0,2.91798e-07,0.000337085,4.57947e-05,8.6933e-05,2.50934e-05,0.00264727,2.80116e-06,0.0,0.000153705,0.0
0.0,0.0,0.0,0.00058275,0.0,0.000157995,9.33302e-05,3.04536e-05,0.000820989,6.03412e-07,0.0,1.03522e-05,4.83704e-06,7.04879e-06,0.0,0.0,0.0,0.0,0.0,0.000272684,0.000657511,5.01646e-05,0.0,0.000545594,8.00783e-06,0.00103561,0.000310962,0.0,7.29536e-06,0.00089424,4.89215e-06,1.73007e-05,0.0128885,3.38495e-06,0.000158609,3.53878e-05,0.0,7.64863e-06,0.0,0.0,0.0,0.0,0.000114234,0.0,5.15093e-05,0.000318688,0.0,0.0,0.0,2.68798e-06,0.0,7.14605e-06,0.0280358,0.000865173,1.73427e-06,0.0,0.00680583,0.000120432,0.0,0.0,0.0,0.0,0.0,0.0,6.18721e-05,0.0,2.44207e-05,0.00340949,6.06469e-05,0.0404623,0.0,3.82043e-06,0.0,0.0,1.91094e-05,0.0,0.0,0.0,0.000650284,8.79999e-07,0.0,0.0,0.000200444,1.67691e-05,0.000884715,0.000150882,4.02039e-05,0.0,0.00171864,8.12096e-05,0.00271913,1.57589e-06,2.30029e-05,0.000385586,0.000657261,0.00157413,5.2703e-05,0.00176492,0.00106802,0.0011159,0.00041037,0.000217496,3.01445e-07,0.0,5.83597e-07,0.000336769,4.61024e-05,8.63221e-05,2.50976e-05,0.00265055,3.07903e-06,0.0,0.000153424,0.0
2.61247e-07,0.0,3.03829e-07,0.000582353,0.0,0.000159768,9.30793e-05,2.98911e-05,0.000822536,6.03412e-07,0.0,1.00741e-05,5.1224e-06,6.74232e-06,0.0,0.0,0.0,0.0,0.0,0.000273541,0.000658327,4.93629e-05,0.0,0.000546057,7.3975e-06,0.00103554,0.000311574,0.0,6.94241e-06,0.000891901,4.55714e-06,1.6494e-05,0.0128913,3.38495e-06,0.000158337,3.50801e-05,0.0,7.34269e-06,3.06469e-07,0.0,0.0,0.0,0.000114234,0.0,5.2088e-05,0.000318688,0.0,0.0,0.0,2.50879e-06,0.0,6.84689e-06,0.0280339,0.000864996,1.98202e-06,0.0,0.00680564,0.000120394,0.0,0.0,0.0,0.0,0.0,0.0,6.18721e-05,0.0,2.44207e-05,0.00340697,6.05136e-05,0.0404606,0.0,4.08518e-06,0.0,0.0,1.91075e-05,0.0,0.0,0.0,0.000650049,8.79999e-07,0.0,0.0,0.000199973,1.70053e-05,0.00088663,0.000151117,4.04418e-05,0.0,0.00171742,8.09834e-05,0.00271231,1.58129e-06,2.32613e-05,0.000384801,0.000654051,0.00157353,5.32988e-05,0.00175776,0.00107408,0.00112019,0.000412204,0.000216958,3.01445e-07,0.0,5.83597e-07,0.000338297,4.61019e-05,8.6023e-05,2.50934e-05,0.00264517,3.07903e-06,5.64364e-07,0.000151438,0.0
0.0,0.0,0.0,0.000583201,0.0,0.000158962,9.33302e-05,3.04587e-05,0.000818812,3.01967e-07,0.0,1.00649e-05,4.83704e-06,7.04879e-06,0.0,0.0,0.0,0.0,0.0,0.000273258,0.000660079,5.01592e-05,0.0,0.000545049,7.61564e-06,0.00103738,0.000310994,0.0,7.27892e-06,0.000893668,5.18389e-06,1.672e-05,0.0128888,3.38495e-06,0.000159168,3.53878e-05,0.0,7.34269e-06,0.0,0.0,0.0,0.0,0.000114234,0.0,5.12158e-05,0.00031848,0.0,0.0,0.0,2.68798e-06,0.0,6.85169e-06,0.0280338,0.000864992,1.98202e-06,0.0,0.00680508,0.000120414,0.0,0.0,0.0,0.0,0.0,0.0,6.211e-05,0.0,2.42084e-05,0.00340811,6.03384e-05,0.0404651,0.0,3.57012e-06,0.0,0.0,1.8882e-05,0.0,0.0,0.0,0.000649646,6.6e-07,0.0,0.0,0.000199766,1.67691e-05,0.000884711,0.000150646,4.02039e-05,0.0,0.00171756,8.14556e-05,0.00271075,1.57589e-06,2.35481e-05,0.000385316,0.000658306,0.00157383,5.24059e-05,0.00176583,0.00107048,0.00112021,0.000410681,0.000216937,0.0,0.0,5.83597e-07,0.000336474,4.61024e-05,8.57108e-05,2.50934e-05,0.00264992,3.07903e-06,0.0,0.000151734,0.0
0.0,0.0,0.0,0.000582814,0.0,0.000158249,9.30793e-05,2.96121e-05,0.000820309,6.03412e-07,0.0,1.03614e-05,4.55268e-06,7.04879e-06,0.0,0.0,0.0,0.0,0.0,0.000272969,0.000658037,4.9631e-05,0.0,0.000544519,7.56577e-06,0.00103837,0.000311238,0.0,6.9701e-06,0.000894799,4.58461e-06,1.70406e-05,0.0128891,3.38495e-06,0.000158893,3.50801e-05,0.0,7.64863e-06,0.0,0.0,0.0,0.0,0.000114539,0.0,5.14937e-05,0.000318688,0.0,0.0,0.0,2.68798e-06,0.0,7.1317e-06,0.0280334,0.000865739,1.73427e-06,0.0,0.00680583,0.000120657,0.0,0.0,0.0,0.0,0.0,0.0,6.18721e-05,0.0,2.44207e-05,0.00340767,6.08197e-05,0.0404633,0.0,4.0877e-06,0.0,0.0,1.91057e-05,0.0,0.0,0.0,0.000650103,8.79999e-07,0.0,0.0,0.000200202,1.70053e-05,0.00088754,0.000151118,4.02039e-05,0.0,0.00171679,8.09834e-05,0.00271504,1.84394e-06,2.3264e-05,0.000385313,0.000655902,0.00157169,5.2702e-05,0.00176318,0.00107286,0.00112021,0.00041159,0.00021781,3.01445e-07,0.0,5.83597e-07,0.000337383,4.64097e-05,8.6619e-05,2.53843e-05,0.00265023,2.80116e-06,2.8536e-07,0.000153679,0.0
0.0,0.0,0.0,0.00058322,0.0,0.000158722,9.30793e-05,3.0741e-05,0.000819891,6.03412e-07,0.0,9.77763e-06,5.1224e-06,6.74232e-06,0.0,0.0,0.0,0.0,0.0,0.000273257,0.000658033,4.98873e-05,0.0,0.000545557,8.37725e-06,0.00103585,0.000311543,0.0,7.29891e-06,0.000894244,4.54528e-06,1.71243e-05,0.0128916,3.38495e-06,0.000158889,3.50801e-05,0.0,7.34269e-06,3.06469e-07,0.0,0.0,0.0,0.000114234,0.0,5.12158e-05,0.000318275,0.0,0.0,0.0,2.68798e-06,0.0,6.71645e-06,0.0280343,0.000865359,1.98202e-06,0.0,0.00680526,0.00012041,0.0,0.0,0.0,0.0,0.0,0.0,6.18721e-05,0.0,2.44207e-05,0.00340927,6.04996e-05,0.0404619,0.0,4.08518e-06,0.0,0.0,1.8882e-05,0.0,0.0,0.0,0.000650977,8.79999e-07,0.0,0.0,0.000200198,1.67691e-05,0.000884465,0.000150881,4.02039e-05,0.0,0.0017186,8.07356e-05,0.00271378,1.31324e-06,2.30016e-05,0.000385327,0.000657201,0.00157352,5.33048e-05,0.00176644,0.0010717,0.00111682,0.000412508,0.000215474,3.01445e-07,0.0,2.91798e-07,0.0003383,4.5487e-05,8.66224e-05,2.56802e-05,0.0026492,3.07903e-06,2.79004e-07,0.00015088,0.0
2.61247e-07,0.0,0.0,0.000583013,0.0,0.000159303,9.35811e-05,3.01744e-05,0.000821004,6.03412e-07,0.0,1.06487e-05,4.83704e-06,7.04879e-06,0.0,0.0,0.0,0.0,0.0,0.000272977,0.000660038,5.01709e-05,0.0,0.000544756,7.59743e-06,0.00103554,0.000311758,0.0,7.49687e-06,0.000892479,4.58213e-06,1.69646e-05,0.012891,3.38495e-06,0.000158335,3.53878e-05,0.0,7.64863e-06,0.0,0.0,0.0,0.0,0.000114234,0.0,5.20699e-05,0.000318895,0.0,0.0,0.0,2.68798e-06,0.0,7.1365e-06,0.0280336,0.000865365,1.98202e-06,0.0,0.00680565,0.000120199,0.0,0.0,0.0,0.0,0.0,0.0,6.18721e-05,0.0,2.44207e-05,0.00340766,6.06585e-05,0.0404634,0.0,3.82043e-06,0.0,0.0,1.91075e-05,0.0,0.0,0.0,0.000649147,8.79999e-07,0.0,0.0,0.000200202,1.70053e-05,0.000885666,0.000151118,4.04418e-05,0.0,0.00171725,8.14659e-05,0.00271309,1.84394e-06,2.32613e-05,0.000385057,0.000653812,0.00157414,5.2105e-05,0.00176108,0.00107225,0.00112021,0.000410672,0.000219564,3.01445e-07,0.0,5.83597e-07,0.000337687,4.61026e-05,8.42173e-05,2.50934e-05,0.00264772,3.07903e-06,2.8536e-07,0.000151423,0.0
0.0,0.0,3.04239e-07,0.000582784,0.0,0.000158969,9.30793e-05,2.98837e-05,0.000822105,3.01967e-07,0.0,9.77763e-06,5.1224e-06,7.04879e-06,0.0,0.0,0.0,0.0,0.0,0.000273822,0.000658377,5.01554e-05,0.0,0.000545309,7.19916e-06,0.00103614,0.000310491,0.0,7.00457e-06,0.00089251,4.85487e-06,1.65737e-05,0.0128885,3.38495e-06,0.000159448,3.53878e-05,0.0,7.34269e-06,0.0,0.0,0.0,0.0,0.000114234,0.0,5.17875e-05,0.000318482,0.0,0.0,0.0,2.68798e-06,0.0,6.70449e-06,0.0280347,0.000865363,1.73427e-06,0.0,0.00680545,0.000120632,0.0,0.0,0.0,0.0,0.0,0.0,6.21048e-05,0.0,2.44207e-05,0.00340743,6.08174e-05,0.040462,0.0,3.93807e-06,0.0,0.0,1.93349e-05,0.0,0.0,0.0,0.0006505,6.6e-07,0.0,0.0,0.000200428,1.67691e-05,0.000884718,0.000150646,4.02039e-05,0.0,0.00171522,8.09666e-05,0.0027174,1.31324e-06,2.3276e-05,0.000384801,0.000656971,0.00157473,5.33033e-05,0.00176404,0.00107014,0.00111958,0.000411299,0.000217827,3.01445e-07,0.0,5.83597e-07,0.000338298,4.64097e-05,8.78258e-05,2.50934e-05,0.00264664,3.07903e-06,0.0,0.000151146,0.0
1.91651e-05,0.0,8.99285e-06,9.60758e-05,0.0,4.94866e-05,6.64852e-05,0.0,0.000885267,0.0,0.00021536,0.0,3.97274e-06,8.58114e-06,0.0,0.0,0.0,0.0,0.0,0.000170639,0.000673376,2.20377e-05,0.0,0.000703901,2.21689e-05,0.00037135,0.000281884,0.0,1.97829e-06,7.0547e-05,4.85949e-05,1.45251e-05,0.0384087,0.000127696,8.54809e-05,5.66166e-05,0.0,0.000288523,3.06469e-07,0.0,3.17217e-05,0.0,1.33865e-05,0.0,0.000106987,0.000117772,0.0,0.0,0.0,3.04638e-06,0.000166826,1.57404e-05,0.0274988,0.000972407,0.0,0.0,0.000386361,0.00155752,0.0,0.0,0.0,0.0,0.0,0.0,0.000110204,0.0,5.69109e-05,0.0024692,0.0,2.96461e-05,0.0,4.87635e-05,9.44849e-06,6.79928e-06,2.72087e-05,0.0,0.0,0.0,0.000487481,0.0,0.0,0.0,0.000194086,3.61362e-05,0.00058882,0.000213275,7.10408e-05,0.0,0.00183352,8.60817e-05,0.00276477,5.25296e-07,3.99086e-05,0.000364169,0.000806354,0.00152927,4.55806e-05,0.0015366,0.00104749,0.00115081,0.000555199,0.00022164,0.0,0.0,3.39541e-05,0.000334671,4.51844e-05,8.3921e-05,4.23022e-05,0.00251741,2.52104e-06,5.64364e-07,0.000169534,0.0
1.79888e-05,0.0,7.79705e-06,9.58646e-05,0.0,5.04859e-05,6.67361e-05,0.0,0.000886957,0.0,0.000215362,0.0,3.97171e-06,8.58114e-06,0.0,0.0,0.0,0.0,0.0,0.000170352,0.000673131,2.23096e-05,0.0,0.000703084,2.13716e-05,0.00037253,0.000280247,0.0,2.10389e-06,7.08358e-05,4.98011e-05,1.37334e-05,0.0384128,0.000127696,8.60441e-05,5.69244e-05,0.0,0.000289438,6.12939e-07,0.0,3.20182e-05,0.0,1.36907e-05,0.0,0.000106975,0.000117981,0.0,0.0,0.0,3.22558e-06,0.000166988,1.51947e-05,0.0274992,0.000972405,0.0,0.0,0.000386173,0.00155859,0.0,0.0,0.0,0.0,0.0,0.0,0.000110198,0.0,5.69109e-05,0.00246852,0.0,2.94849e-05,0.0,4.83984e-05,9.69915e-06,6.79928e-06,2.74324e-05,0.0,0.0,0.0,0.000487471,0.0,0.0,0.0,0.000194534,3.59001e-05,0.00058746,0.000213983,7.10408e-05,0.0,0.00183028,8.67867e-05,0.00276595,7.87944e-07,3.9666e-05,0.000363664,0.000807608,0.0015311,4.52856e-05,0.00153667,0.00105086,0.00115143,0.000553978,0.000221385,0.0,0.0,3.45008e-05,0.00033406,4.57987e-05,8.39085e-05,4.20104e-05,0.00251919,2.79891e-06,2.8536e-07,0.000167562,0.0
1.82468e-05,0.0,9.85998e-06,9.63092e-05,0.0,4.9491e-05,6.67361e-05,0.0,0.000884799,0.0,0.000215362,0.0,3.97274e-06,8.58114e-06,0.0,0.0,0.0,0.0,0.0,0.000171205,0.000673977,2.23057e-05,0.0,0.000703652,2.13758e-05,0.000371799,0.000282915,0.0,1.87518e-06,6.99547e-05,5.00759e-05,1.33569e-05,0.0384106,0.000127389,8.60351e-05,5.69244e-05,0.0,0.000289438,6.13371e-07,0.0,3.17217e-05,0.0,1.33865e-05,0.0,0.000107272,0.000117979,0.0,0.0,0.0,3.04638e-06,0.000166668,1.58921e-05,0.0275015,0.000972034,0.0,0.0,0.000386171,0.00155832,0.0,0.0,0.0,0.0,0.0,0.0,0.000110432,0.0,5.71233e-05,0.00246874,0.0,2.96461e-05,0.0,4.82132e-05,9.43868e-06,6.79928e-06,2.72087e-05,0.0,0.0,0.0,0.000487211,0.0,0.0,0.0,0.000194314,3.63724e-05,0.000588137,0.000213275,7.10408e-05,0.0,0.00183322,8.60667e-05,0.00276564,5.25296e-07,4.01655e-05,0.000363139,0.000808719,0.0015314,4.49897e-05,0.00153689,0.00104964,0.00115141,0.000554892,0.000223105,0.0,0.0,3.33487e-05,0.000333747,4.54916e-05,8.54274e-05,4.20147e-05,0.00252095,3.07903e-06,0.0,0.000169603,0.0
1.81901e-05,0.0,8.38549e-06,9.63032e-05,0.0,5.02423e-05,6.64852e-05,0.0,0.000884796,0.0,0.000215056,0.0,3.97274e-06,8.27467e-06,0.0,0.0,0.0,0.0,0.0,0.000170069,0.000673376,2.17696e-05,0.0,0.000702554,2.13838e-05,0.000371318,0.000281884,0.0,1.7976e-06,7.05507e-05,4.94774e-05,1.43331e-05,0.0384094,0.000127389,8.60453e-05,5.69244e-05,0.0,0.000288827,0.0,0.0,3.20182e-05,0.0,1.36907e-05,0.0,0.000107273,0.000117981,0.0,0.0,0.0,3.04638e-06,0.000166668,1.50333e-05,0.0274989,0.000972774,0.0,0.0,0.000385804,0.00155688,0.0,0.0,0.0,0.0,0.0,0.0,0.000109961,0.0,5.69109e-05,0.00246875,0.0,2.94849e-05,0.0,4.89018e-05,9.30843e-06,6.56482e-06,2.72051e-05,0.0,0.0,0.0,0.000488657,0.0,0.0,0.0,0.000194761,3.59001e-05,0.000589034,0.000213275,7.10408e-05,0.0,0.00182893,8.63062e-05,0.00276819,5.25296e-07,3.99242e-05,0.000364178,0.000805817,0.0015314,4.55806e-05,0.00153544,0.00104929,0.00115173,0.000555197,0.000221679,0.0,0.0,3.3348e-05,0.000335901,4.54916e-05,8.42097e-05,4.23022e-05,0.00251978,2.79891e-06,5.64364e-07,0.00016893,0.0
1.84724e-05,0.0,8.69044e-06,9.60714e-05,0.0,4.9472e-05,6.67361e-05,0.0,0.000888747,0.0,0.000215666,0.0,3.97171e-06,8.58114e-06,0.0,0.0,0.0,0.0,0.0,0.000170634,0.000673137,2.23057e-05,0.0,0.000703631,2.1787e-05,0.000372059,0.000282445,0.0,2.39906e-06,7.05535e-05,4.8913e-05,1.42148e-05,0.0384109,0.000128004,8.54708e-05,5.72321e-05,0.0,0.000289132,1.22674e-06,0.0,3.17217e-05,0.0,1.33865e-05,0.0,0.000107274,0.000117774,0.0,0.0,0.0,3.04638e-06,0.000166988,1.58969e-05,0.0274987,0.000972031,0.0,0.0,0.000386544,0.00155882,0.0,0.0,0.0,0.0,0.0,0.0,0.000110673,0.0,5.71233e-05,0.00246826,0.0,2.96461e-05,0.0,4.85388e-05,9.57135e-06,6.79928e-06,2.76616e-05,0.0,0.0,0.0,0.000486984,0.0,0.0,0.0,0.000194086,3.61362e-05,0.000587668,0.000213511,7.10408e-05,0.0,0.00183438,8.65622e-05,0.00276376,5.25296e-07,3.937e-05,0.000363396,0.000809792,0.00153079,4.49847e-05,0.00153542,0.001049,0.00115017,0.000555182,0.000222836,0.0,0.0,3.47945e-05,0.000333763,4.57998e-05,8.36176e-05,4.20104e-05,0.00251495,2.80116e-06,0.0,0.000167865,0.0
1.80212e-05,0.0,8.66471e-06,9.59176e-05,0.0,5.00035e-05,6.64852e-05,0.0,0.00088434,0.0,0.000215362,0.0,3.97274e-06,8.58114e-06,0.0,0.0,0.0,0.0,0.0,0.000171205,0.000673669,2.20377e-05,0.0,0.000703611,2.15742e-05,0.000371782,0.000279706,0.0,1.52747e-06,7.02565e-05,5.094e-05,1.34904e-05,0.0384124,0.000127696,8.63324e-05,5.66166e-05,0.0,0.000288825,3.06469e-07,0.0,3.20182e-05,0.0,1.36907e-05,0.0,0.00010756,0.000117979,0.0,0.0,0.0,3.04638e-06,0.000166509,1.53229e-05,0.0274982,0.000972783,0.0,0.0,0.000386173,0.00155778,0.0,0.0,0.0,0.0,0.0,0.0,0.000110203,0.0,5.69109e-05,0.00246899,0.0,2.98275e-05,0.0,4.87771e-05,9.56892e-06,6.79928e-06,2.6985e-05,0.0,0.0,0.0,0.000486889,0.0,0.0,0.0,0.000194314,3.59001e-05,0.000587698,0.000213275,7.08063e-05,0.0,0.00182848,8.67867e-05,0.00276954,5.25296e-07,4.04592e-05,0.000363659,0.00080607,0.0015308,4.43885e-05,0.00153519,0.00104656,0.0011499,0.000554899,0.000220504,0.0,0.0,3.36647e-05,0.000333751,4.57989e-05,8.33289e-05,4.20104e-05,0.00251817,2.79891e-06,5.64364e-07,0.000168955,0.0
1.80105e-05,0.0,9.28996e-06,9.60758e-05,0.0,5.02617e-05,6.67361e-05,0.0,0.000888317,0.0,0.000215056,0.0,3.97274e-06,8.58114e-06,0.0,0.0,0.0,0.0,0.0,0.000170352,0.000671993,2.23096e-05,0.0,0.00070288,2.11902e-05,0.000371823,0.000282955,0.0,2.07036e-06,7.05276e-05,4.92163e-05,1.36924e-05,0.038409,0.000127696,8.57674e-05,5.69244e-05,0.0,0.000290054,0.0,0.0,3.17217e-05,0.0,1.33865e-05,0.0,0.000106117,0.000117774,0.0,0.0,0.0,3.04638e-06,0.000166985,1.54795e-05,0.0275003,0.000972215,0.0,0.0,0.000385804,0.00156009,0.0,0.0,0.0,0.0,0.0,0.0,0.000110435,0.0,5.71233e-05,0.00246897,0.0,2.94849e-05,0.0,4.86003e-05,9.43867e-06,6.79928e-06,2.74342e-05,0.0,0.0,0.0,0.000487355,0.0,0.0,0.0,0.000194534,3.61362e-05,0.00058812,0.000213511,7.10408e-05,0.0,0.00183371,8.5834e-05,0.00276356,5.25296e-07,3.9386e-05,0.000363409,0.00080685,0.00153139,4.61819e-05,0.00153752,0.00105085,0.00115203,0.000555809,0.000223985,0.0,0.0,3.33466e-05,0.000335586,4.54916e-05,8.48208e-05,4.23065e-05,0.00251626,2.79891e-06,0.0,0.000169283,0.0
1.81929e-05,0.0,9.26515e-06,9.60608e-05,0.0,4.97125e-05,6.64852e-05,0.0,0.000884572,0.0,0.000215666,0.0,3.97171e-06,8.58114e-06,0.0,0.0,0.0,0.0,0.0,0.00017092,0.000674197,2.23057e-05,0.0,0.000703348,2.11734e-05,0.000371551,0.000282907,0.0,2.11134e-06,7.05515e-05,4.88919e-05,1.33877e-05,0.0384106,0.000127389,8.57475e-05,5.66166e-05,0.0,0.000288825,1.22654e-06,0.0,3.20182e-05,0.0,1.36907e-05,0.0,0.000107558,0.000118185,0.0,0.0,0.0,3.22558e-06,0.000166668,1.51636e-05,0.0275004,0.000972401,0.0,0.0,0.000386547,0.00155742,0.0,0.0,0.0,0.0,0.0,0.0,0.000109958,0.0,5.69109e-05,0.00246874,0.0,2.96461e-05,0.0,4.88235e-05,9.57874e-06,6.56482e-06,2.76616e-05,0.0,0.0,0.0,0.000486834,0.0,0.0,0.0,0.000194086,3.61362e-05,0.000589064,0.000213511,7.10408e-05,0.0,0.00183286,8.67867e-05,0.00276868,7.87944e-07,3.99138e-05,0.000363399,0.000807902,0.00153018,4.55806e-05,0.0015369,0.00105174,0.0011508,0.000553979,0.000220513,0.0,0.0,3.39328e-05,0.000333445,4.54915e-05,8.51042e-05,4.25948e-05,0.00252329,3.07903e-06,2.8536e-07,0.000165512,0.0
1.87086e-05,0.0,8.96779e-06,9.63092e-05,0.0,5.00004e-05,6.67361e-05,0.0,0.000886812,0.0,0.000215362,0.0,3.97274e-06,8.58114e-06,0.0,0.0,0.0,0.0,0.0,0.000170359,0.000673724,2.23057e-05,0.0,0.000704184,2.19725e-05,0.000372082,0.000279446,0.0,2.33319e-06,7.02585e-05,5.16047e-05,1.37191e-05,0.0384134,0.000128004,8.60464e-05,5.69244e-05,0.0,0.000289439,3.06469e-07,0.0,3.17217e-05,0.0,1.33865e-05,0.0,0.000107557,0.000117774,0.0,0.0,0.0,3.04638e-06,0.000166829,1.57691e-05,0.0274983,0.000972219,0.0,0.0,0.000385987,0.00155744,0.0,0.0,0.0,0.0,0.0,0.0,0.000110673,0.0,5.71233e-05,0.0024685,0.0,2.96461e-05,0.0,4.77864e-05,9.5591e-06,6.79928e-06,2.69795e-05,0.0,0.0,0.0,0.000488446,0.0,0.0,0.0,0.000194534,3.59001e-05,0.000587173,0.000213275,7.10408e-05,0.0,0.00182924,8.65622e-05,0.0027671,5.25296e-07,3.96472e-05,0.000364425,0.000808985,0.00153263,4.49906e-05,0.00153695,0.00104717,0.00114805,0.00055488,0.000222806,0.0,0.0,3.45248e-05,0.000335886,4.57989e-05,8.33257e-05,4.20104e-05,0.00251827,2.79891e-06,2.79004e-07,0.000170697,0.0
1.80158e-05,0.0,8.68807e-06,9.63343e-05,0.0,4.94925e-05,6.64852e-05,0.0,0.000884583,0.0,0.000215056,0.0,3.68838e-06,8.58114e-06,0.0,0.0,0.0,0.0,0.0,0.000170918,0.00067364,2.20377e-05,0.0,0.000702274,2.13718e-05,0.000371787,0.000280519,0.0,1.57655e-06,7.05498e-05,4.86369e-05,1.35129e-05,0.0384075,0.000127389,8.63231e-05,5.66169e-05,0.0,0.000288828,6.13371e-07,0.0,3.20182e-05,0.0,1.36907e-05,0.0,0.000106422,0.000117774,0.0,0.0,0.0,3.04638e-06,0.000166668,1.53012e-05,0.0274995,0.000972772,0.0,0.0,0.000386357,0.00155919,0.0,0.0,0.0,0.0,0.0,0.0,0.000110198,0.0,5.69109e-05,0.00246808,0.0,2.94849e-05,0.0,4.9068e-05,9.43869e-06,6.79928e-06,2.76616e-05,0.0,0.0,0.0,0.000487262,0.0,0.0,0.0,0.000194314,3.61362e-05,0.000587423,0.000213275,7.10408e-05,0.0,0.00183109,8.63062e-05,0.00276771,5.25296e-07,3.99189e-05,0.000362899,0.000810302,0.0015314,4.49838e-05,0.00153303,0.00105143,0.00115326,0.000553989,0.000221696,0.0,0.0,3.36383e-05,0.00033437,4.54921e-05,8.3917e-05,4.23022e-05,0.00251373,2.52104e-06,2.8536e-07,0.000168943,0.0
0.000677504,0.0,1.47478e-05,0.00115832,0.0,0.000137106,5.84568e-05,0.0,0.00154423,0.0,5.47739e-06,8.61924e-06,1.99048e-06,7.66292e-06,0.0,0.0,0.0,0.0,0.0,0.00059199,0.00013859,3.49094e-06,0.000333873,0.000223824,1.61246e-05,0.00304952,0.0003772,0.0,3.62071e-05,7.34517e-06,0.0013183,0.000101614,0.00155052,1.23089e-06,0.000215674,3.88225e-05,0.0,7.65269e-06,0.0,0.0,6.52222e-06,0.0,0.0,0.0,4.35226e-05,0.000117673,0.0,0.0,0.0,3.40478e-06,0.000104083,9.70648e-05,0.0216335,0.00104246,0.0,0.0,0.00978098,0.000949418,0.0,0.0,0.0,0.0,0.0,1.26654e-05,0.000104403,0.0,6.15827e-06,0.00404283,1.87134e-05,0.000738762,0.000571398,1.98557e-05,1.07534e-05,0.0,0.0,0.0,0.0,0.0,0.00114394,0.0,0.0,0.0,0.00155754,5.55034e-05,0.000945242,0.000233995,0.000100348,0.0,0.000580367,0.000233236,0.00221219,5.25296e-07,5.71616e-05,0.000366238,0.00103322,0.0014405,3.93591e-05,0.00145294,0.00102778,0.00119771,0.00085456,0.000217306,0.0,0.0,4.89942e-05,0.000315397,4.61114e-05,7.25265e-05,5.65475e-05,0.00246858,1.67845e-06,0.0,0.000183109,0.0
0.000678556,0.0,1.47645e-05,0.00115457,0.0,0.000136854,5.82059e-05,0.0,0.00154324,0.0,5.17145e-06,8.61924e-06,1.70612e-06,8.27704e-06,0.0,0.0,0.0,0.0,0.0,0.000592545,0.000139367,3.759e-06,0.00033296,0.000223048,1.56963e-05,0.00305034,0.000380449,0.0,3.5725e-05,7.34517e-06,0.00131544,0.000101626,0.00155359,1.23089e-06,0.000215685,3.85303e-05,0.0,7.6521e-06,3.06902e-07,0.0,6.81869e-06,0.0,0.0,0.0,4.23234e-05,0.000118086,0.0,0.0,0.0,3.22558e-06,0.000104083,9.69034e-05,0.0216314,0.00104306,0.0,0.0,0.00978061,0.000948518,0.0,0.0,0.0,0.0,0.0,1.26654e-05,0.000104394,0.0,6.15827e-06,0.00404234,1.87248e-05,0.000738412,0.000571819,1.89869e-05,1.07606e-05,0.0,0.0,0.0,0.0,0.0,0.00114335,0.0,0.0,0.0,0.00156013,5.52672e-05,0.000946012,0.000233757,0.000100582,0.0,0.00057776,0.000232982,0.00221958,5.25296e-07,5.8532e-05,0.000365222,0.00103508,0.00144203,3.87663e-05,0.00145206,0.00102965,0.00120109,0.000853932,0.00021729,0.0,0.0,4.81223e-05,0.000312332,4.54975e-05,7.58293e-05,5.68393e-05,0.0024749,1.12046e-06,2.8536e-07,0.000181907,0.0
0.000678768,0.0,1.50496e-05,0.00115568,0.0,0.000137355,5.84568e-05,0.0,0.0015439,0.0,5.47739e-06,8.61924e-06,1.70612e-06,7.66292e-06,0.0,0.0,0.0,0.0,0.0,0.00059171,0.000137499,3.48465e-06,0.000335397,0.00022277,1.62614e-05,0.00305079,0.000378253,0.0,3.67137e-05,7.93487e-06,0.00131637,0.000101285,0.0015496,1.23089e-06,0.000215686,3.88225e-05,0.0,7.65269e-06,3.06469e-07,0.0,6.81869e-06,0.0,0.0,0.0,4.26686e-05,0.000117673,0.0,0.0,0.0,3.40478e-06,0.000104083,9.6469e-05,0.0216323,0.00104303,0.0,0.0,0.00978136,0.000948957,0.0,0.0,0.0,0.0,0.0,1.28489e-05,0.000104634,0.0,5.94592e-06,0.00404255,1.9038e-05,0.000738221,0.000570972,1.98143e-05,1.08787e-05,0.0,0.0,0.0,0.0,0.0,0.0011428,0.0,0.0,0.0,0.00155861,5.52672e-05,0.000943882,0.000233995,0.000100582,0.0,0.000581466,0.000231786,0.00220952,5.25296e-07,5.76756e-05,0.000365738,0.00103693,0.00144081,3.87617e-05,0.00145002,0.00102745,0.0012023,0.000853631,0.000216736,0.0,0.0,4.9293e-05,0.000315693,4.61114e-05,7.46186e-05,5.68366e-05,0.002467,1.39833e-06,0.0,0.000181661,0.0
0.000680431,0.0,1.53371e-05,0.0011566,0.0,0.000137106,5.84568e-05,0.0,0.00154426,0.0,5.17145e-06,8.61924e-06,1.98284e-06,8.27704e-06,0.0,0.0,0.0,0.0,0.0,0.000591991,0.000139376,3.49094e-06,0.000333872,0.00022277,1.59032e-05,0.0030503,0.000378313,0.0,3.58661e-05,7.33302e-06,0.00131302,0.000102406,0.00154899,1.23089e-06,0.000216244,3.73273e-05,0.0,7.95959e-06,3.06469e-07,0.0,6.81869e-06,0.0,0.0,0.0,4.29428e-05,0.000118086,0.0,0.0,0.0,3.22558e-06,0.000104242,9.70529e-05,0.0216322,0.00104266,0.0,0.0,0.00977986,0.000949672,0.0,0.0,0.0,0.0,0.0,1.26654e-05,0.000104161,0.0,6.15827e-06,0.00404257,1.85568e-05,0.000738957,0.000571819,1.95613e-05,1.03479e-05,0.0,0.0,0.0,0.0,0.0,0.00114367,0.0,0.0,0.0,0.00155904,5.55034e-05,0.000945,0.000233522,0.000100348,0.0,0.000578029,0.000233473,0.00221321,5.25296e-07,5.77253e-05,0.000365488,0.00103294,0.00144172,3.93644e-05,0.00145834,0.00102906,0.00119709,0.000853336,0.000216745,0.0,0.0,4.83888e-05,0.000314784,4.61118e-05,7.43221e-05,5.71327e-05,0.00247152,1.12046e-06,2.8536e-07,0.000181927,0.0
0.00067581,0.0,1.50552e-05,0.00115829,0.0,0.000136601,5.82059e-05,0.0,0.00154289,0.0,5.78122e-06,8.61924e-06,1.99048e-06,7.66292e-06,0.0,0.0,0.0,0.0,0.0,0.000593116,0.000139387,3.759e-06,0.000334789,0.000223311,1.6291e-05,0.0030506,0.000376857,0.0,3.59691e-05,7.93487e-06,0.00132381,0.000101283,0.00155021,1.53862e-06,0.000215402,3.88265e-05,0.0,7.34675e-06,3.06469e-07,0.0,6.52222e-06,0.0,0.0,0.0,4.23714e-05,0.000117673,0.0,0.0,0.0,3.40478e-06,0.000103924,9.67633e-05,0.0216316,0.00104306,0.0,0.0,0.00978135,0.000948932,0.0,0.0,0.0,0.0,0.0,1.26654e-05,0.000104635,0.0,6.15827e-06,0.0040421,1.88814e-05,0.000738412,0.000572033,1.95725e-05,1.10285e-05,0.0,0.0,0.0,0.0,0.0,0.00114424,0.0,0.0,0.0,0.00155902,5.52672e-05,0.000945732,0.000233995,0.000100582,0.0,0.000579317,0.000233238,0.00221604,5.25296e-07,5.8489e-05,0.000365987,0.00103608,0.00144111,3.87663e-05,0.00145206,0.00102867,0.00119741,0.000853639,0.000215886,0.0,0.0,4.8416e-05,0.00031325,4.58041e-05,7.40264e-05,5.68366e-05,0.00246496,1.39833e-06,0.0,0.000182505,0.0
0.00067831,0.0,1.44499e-05,0.00115436,0.0,0.000137357,5.84568e-05,0.0,0.00154425,0.0,5.17145e-06,8.33193e-06,1.70612e-06,8.27704e-06,0.0,0.0,0.0,0.0,0.0,0.000592277,0.000139942,3.759e-06,0.000332655,0.000223811,1.59054e-05,0.00305082,0.000381031,0.0,3.51726e-05,7.34517e-06,0.0013119,0.00010088,0.00155174,1.23089e-06,0.000215962,3.88225e-05,0.0,7.95959e-06,0.0,0.0,6.81869e-06,0.0,0.0,0.0,4.26585e-05,0.00011788,0.0,0.0,0.0,3.22558e-06,0.000104242,9.64666e-05,0.0216327,0.00104284,0.0,0.0,0.00978042,0.000948537,0.0,0.0,0.0,0.0,0.0,1.28489e-05,0.00010463,0.0,5.94592e-06,0.00404235,1.87134e-05,0.000738221,0.000571607,1.98532e-05,1.03601e-05,0.0,0.0,0.0,0.0,0.0,0.00114303,0.0,0.0,0.0,0.00155822,5.55034e-05,0.000943411,0.000233757,0.000100582,0.0,0.000580902,0.000232767,0.00221309,5.25296e-07,5.74595e-05,0.000364195,0.00103508,0.00144264,3.90626e-05,0.00145055,0.00102867,0.00120045,0.000852721,0.000217554,0.0,0.0,4.89948e-05,0.000314785,4.5497e-05,7.46142e-05,5.65458e-05,0.00247574,1.12046e-06,2.8536e-07,0.000183301,0.0
0.000676601,0.0,1.47534e-05,0.00115586,0.0,0.000137108,5.82059e-05,0.0,0.00154471,0.0,5.47739e-06,8.61924e-06,1.98284e-06,7.66292e-06,0.0,0.0,0.0,0.0,0.0,0.000592829,0.000136906,3.2166e-06,0.000334482,0.000221991,1.62808e-05,0.00305055,0.000377184,0.0,3.5638e-05,7.64662e-06,0.00131878,0.000102517,0.0015496,1.23089e-06,0.000215402,3.82274e-05,0.0,7.65269e-06,0.0,0.0,6.81869e-06,0.0,0.0,0.0,4.26436e-05,0.00011788,0.0,0.0,0.0,3.40478e-06,0.000103765,9.75039e-05,0.0216333,0.00104324,0.0,0.0,0.00978061,0.000949201,0.0,0.0,0.0,0.0,0.0,1.26654e-05,0.000104403,0.0,6.15827e-06,0.00404253,1.88814e-05,0.000738775,0.000571184,1.9541e-05,1.08787e-05,0.0,0.0,0.0,0.0,0.0,0.00114293,0.0,0.0,0.0,0.00155989,5.5031e-05,0.000944564,0.000233995,0.000100348,0.0,0.00057936,0.000233218,0.00221691,5.25296e-07,5.82301e-05,0.000365995,0.00103539,0.00144112,3.93633e-05,0.00145207,0.00102811,0.00119588,0.000852719,0.000217634,0.0,0.0,4.8981e-05,0.000314157,4.64191e-05,7.37276e-05,5.68366e-05,0.00246467,1.67845e-06,0.0,0.000180841,0.0
0.000681045,0.0,1.5912e-05,0.00115648,0.0,0.000137106,5.84568e-05,0.0,0.00154242,0.0,5.17145e-06,8.90655e-06,1.70612e-06,7.96939e-06,0.0,0.0,0.0,0.0,0.0,0.000591705,0.000138762,3.759e-06,0.000334179,0.000223015,1.64822e-05,0.00304948,0.000378015,0.0,3.5739e-05,7.63637e-06,0.00131424,0.000102156,0.00155113,1.23089e-06,0.000216238,3.85219e-05,0.0,7.65365e-06,6.13371e-07,0.0,6.52222e-06,0.0,0.0,0.0,4.23692e-05,0.00011788,0.0,0.0,0.0,3.22558e-06,0.000104401,9.66019e-05,0.021632,0.00104266,0.0,0.0,0.00978079,0.000949181,0.0,0.0,0.0,0.0,0.0,1.26654e-05,0.000104156,0.0,6.15827e-06,0.00404398,1.88837e-05,0.0007384,0.000571392,1.95224e-05,1.06157e-05,0.0,0.0,0.0,0.0,0.0,0.00114369,0.0,0.0,0.0,0.00155904,5.55034e-05,0.000943371,0.000233522,0.000100582,0.0,0.000579032,0.000232757,0.00220974,5.25296e-07,5.6907e-05,0.000365729,0.00103583,0.00144111,3.87609e-05,0.00145179,0.00102962,0.00120047,0.000853628,0.000217905,0.0,0.0,4.89947e-05,0.000314476,4.54969e-05,7.43293e-05,5.68393e-05,0.00246495,1.12046e-06,2.8536e-07,0.00018392,0.0
0.000680359,0.0,1.41651e-05,0.00115685,0.0,0.000137104,5.84568e-05,0.0,0.00154447,0.0,5.78122e-06,8.61924e-06,1.99048e-06,8.27704e-06,0.0,0.0,0.0,0.0,0.0,0.000592277,0.000138296,3.759e-06,0.000333569,0.000223833,1.54692e-05,0.0030508,0.000378508,0.0,3.58397e-05,7.34517e-06,0.00132024,0.000100779,0.00155145,1.23089e-06,0.000216249,3.79307e-05,0.0,7.95864e-06,0.0,0.0,6.81869e-06,0.0,0.0,0.0,4.23603e-05,0.00011788,0.0,0.0,0.0,3.40478e-06,0.000104083,9.69152e-05,0.0216312,0.00104287,0.0,0.0,0.0097808,0.000948754,0.0,0.0,0.0,0.0,0.0,1.26654e-05,0.000104634,0.0,6.15827e-06,0.00404188,1.85545e-05,0.000738594,0.000571398,1.98699e-05,1.08909e-05,0.0,0.0,0.0,0.0,0.0,0.00114374,0.0,0.0,0.0,0.00155863,5.52672e-05,0.00094482,0.000233759,0.000100582,0.0,0.000580683,0.000232982,0.00221973,5.25296e-07,5.82386e-05,0.00036523,0.00103506,0.00144203,3.84726e-05,0.00145506,0.00103023,0.00120047,0.000853945,0.000215265,0.0,0.0,4.84067e-05,0.000315389,4.58048e-05,7.43207e-05,5.71327e-05,0.00247068,1.12046e-06,0.0,0.000179954,0.0
0.000679079,0.0,1.44624e-05,0.0011573,0.0,0.000137106,5.82059e-05,0.0,0.00154323,0.0,4.86762e-06,8.33193e-06,2.26719e-06,7.66292e-06,0.0,0.0,0.0,0.0,0.0,0.000592549,0.000138838,3.48465e-06,0.000334789,0.000222243,1.55256e-05,0.00305134,0.000378556,0.0,3.59921e-05,7.91977e-06,0.00131635,0.000102693,0.00155052,1.23089e-06,0.000214837,3.8521e-05,0.0,7.65365e-06,9.19841e-07,0.0,6.81869e-06,0.0,0.0,0.0,4.35226e-05,0.00011788,0.0,0.0,0.0,3.22558e-06,0.000104083,9.70505e-05,0.021632,0.00104247,0.0,0.0,0.00978098,0.000949441,0.0,0.0,0.0,0.0,0.0,1.28489e-05,0.000104161,0.0,5.94592e-06,0.00404183,1.88837e-05,0.000738402,0.000571817,1.98332e-05,1.03552e-05,0.0,0.0,0.0,0.0,0.0,0.00114359,0.0,0.0,0.0,0.0015582,5.52672e-05,0.000945048,0.000233993,0.000100348,0.0,0.000579584,0.000233238,0.00221053,7.87944e-07,5.74332e-05,0.000365726,0.00103662,0.00144142,3.9361e-05,0.00145418,0.00102685,0.00119832,0.000853329,0.000216743,0.0,0.0,4.84081e-05,0.000312637,4.61114e-05,7.432e-05,5.68366e-05,0.00247124,1.39833e-06,2.8536e-07,0.000184769,0.0
0.000387822,0.0,2.01719e-05,0.00937472,0.0,0.00011331,1.68095e-05,0.0,0.00079946,0.0,4.26208e-06,2.86826e-06,2.27483e-06,6.43585e-06,8.32368e-05,0.0,0.0,0.0,0.0,1.25116e-05,0.00115608,0.000106282,8.25253e-06,0.000816831,0.000244697,0.0099083,0.00160794,0.0,2.29396e-05,6.39988e-05,9.95974e-05,8.43707e-05,0.0111643,9.23101e-07,0.000216521,0.000320194,0.0,0.000378682,3.06697e-07,0.0,0.0,0.0,0.0,2.985e-07,6.77037e-05,0.0,0.0,0.0,0.0,2.32959e-06,4.41757e-05,5.49523e-05,0.0262519,0.000746788,0.0,0.0,2.42294e-05,0.00104237,0.0,0.0,0.0,0.0,0.0,0.0,0.000181247,0.0,3.29149e-05,0.00411713,0.000853374,0.00016497,0.000728923,3.23589e-05,1.23236e-05,1.64121e-05,0.0,0.0,0.0,7.26e-06,0.00191673,0.0,0.0,0.0,0.000756055,6.66041e-05,0.00147007,0.000285681,0.0,0.0,0.000637529,0.000307199,0.00226087,0.0,9.58303e-05,0.000347804,0.00103626,0.00139453,3.04414e-05,0.00133041,0.000839042,0.00156015,0.00143452,0.000196374,0.0,0.0,6.98165e-05,0.000304652,4.02725e-05,6.35591e-05,6.58906e-05,0.00241237,1.2341e-05,0.0,0.000177484,0.0
0.000389073,0.0,2.07537e-05,0.00937713,0.0,0.000113564,1.68095e-05,0.0,0.000798893,0.0,3.65597e-06,2.29461e-06,2.27483e-06,6.43585e-06,8.3543e-05,0.0,0.0,0.0,0.0,1.22272e-05,0.0011535,0.000106812,7.94688e-06,0.00081678,0.000243796,0.00990349,0.00160597,0.0,2.33454e-05,6.37032e-05,9.99039e-05,8.38865e-05,0.0111674,1.53852e-06,0.000215675,0.000321388,0.0,0.000378376,3.06902e-07,0.0,0.0,0.0,0.0,0.0,6.85654e-05,0.0,0.0,0.0,0.0,2.32959e-06,4.43346e-05,5.50923e-05,0.0262532,0.000746973,0.0,0.0,2.42294e-05,0.00104257,0.0,0.0,0.0,0.0,0.0,0.0,0.000180765,0.0,3.27025e-05,0.00411688,0.000852006,0.000164963,0.000729132,3.12915e-05,1.19427e-05,1.64121e-05,0.0,0.0,0.0,6.82e-06,0.00191707,0.0,0.0,0.0,0.000756958,6.61317e-05,0.00146719,0.000285915,0.0,0.0,0.000637272,0.000305245,0.00225437,2.62648e-07,9.50522e-05,0.000347004,0.00103673,0.00139514,3.0433e-05,0.00133577,0.000841204,0.00156263,0.00143574,0.000196387,0.0,0.0,7.06893e-05,0.00030282,3.96576e-05,6.35535e-05,6.56014e-05,0.00240922,1.20613e-05,2.8536e-07,0.000178923,0.0
0.000388845,0.0,1.98662e-05,0.00937433,0.0,0.000113312,1.68095e-05,0.0,0.00079923,0.0,4.26208e-06,2.58192e-06,2.55155e-06,6.74232e-06,8.38338e-05,0.0,0.0,0.0,0.0,1.25116e-05,0.00115495,0.000106542,8.25253e-06,0.000816537,0.000243484,0.00990616,0.00160682,0.0,2.27337e-05,6.3715e-05,9.80734e-05,8.5402e-05,0.0111677,1.2308e-06,0.000215953,0.000319892,0.0,0.000378378,3.06902e-07,0.0,0.0,0.0,0.0,2.985e-07,6.85753e-05,0.0,0.0,0.0,0.0,2.32959e-06,4.41757e-05,5.55263e-05,0.0262515,0.000745841,0.0,0.0,2.42294e-05,0.00104215,0.0,0.0,0.0,0.0,0.0,0.0,0.000181234,0.0,3.27025e-05,0.00411687,0.000852512,0.000164953,0.000729137,3.26826e-05,1.19279e-05,1.64121e-05,0.0,0.0,0.0,7.26e-06,0.0019161,0.0,0.0,0.0,0.000755073,6.61317e-05,0.0014687,0.000285915,0.0,0.0,0.000637535,0.000305983,0.00225929,0.0,9.68896e-05,0.000348564,0.00103837,0.00139636,3.04443e-05,0.0013349,0.000837773,0.00156751,0.00143483,0.000195511,0.0,0.0,6.95087e-05,0.000304654,4.05797e-05,6.35636e-05,6.58906e-05,0.00241574,1.34706e-05,0.0,0.000179499,0.0
0.000388024,0.0,1.98734e-05,0.00937218,0.0,0.000113815,1.65586e-05,0.0,0.000798915,0.0,3.34847e-06,2.58192e-06,2.27483e-06,6.43585e-06,8.32368e-05,0.0,0.0,0.0,0.0,1.25116e-05,0.00115521,0.000106544,7.94688e-06,0.000817073,0.000244214,0.0099035,0.00160651,0.0,2.32742e-05,6.45961e-05,9.86781e-05,8.3305e-05,0.0111686,1.53852e-06,0.000216231,0.000320788,0.0,0.000378682,3.06469e-07,0.0,0.0,0.0,0.0,2.985e-07,6.79781e-05,0.0,0.0,0.0,0.0,2.32959e-06,4.43346e-05,5.48075e-05,0.0262527,0.000746235,0.0,0.0,2.42294e-05,0.00104261,0.0,0.0,0.0,0.0,0.0,0.0,0.000180773,0.0,3.27025e-05,0.00411639,0.000853029,0.00016497,0.000728923,3.1644e-05,1.24612e-05,1.66465e-05,0.0,0.0,0.0,7.26e-06,0.0019183,0.0,0.0,0.0,0.000756076,6.63679e-05,0.00146967,0.000285445,0.0,0.0,0.000636214,0.00030672,0.00225529,2.62648e-07,9.36862e-05,0.000346754,0.00103778,0.00139423,3.07393e-05,0.00133158,0.00083902,0.00156264,0.00143575,0.000196386,0.0,0.0,7.098e-05,0.000303125,3.96581e-05,6.38503e-05,6.56014e-05,0.00241228,1.23498e-05,2.8536e-07,0.00017778,0.0
0.000389404,0.0,2.04459e-05,0.00937733,0.0,0.000113312,1.68095e-05,0.0,0.000800121,0.0,3.95825e-06,2.58096e-06,2.27483e-06,6.43585e-06,8.32371e-05,0.0,0.0,0.0,0.0,1.22272e-05,0.00115301,0.000106282,7.94688e-06,0.000816297,0.00024425,0.0099083,0.00160625,0.0,2.14474e-05,6.31112e-05,0.000100529,8.59383e-05,0.0111659,1.2308e-06,0.000216242,0.000321092,0.0,0.000377769,6.13599e-07,0.0,0.0,0.0,0.0,0.0,6.88596e-05,0.0,0.0,0.0,0.0,2.32959e-06,4.43346e-05,5.52442e-05,0.0262513,0.0007466,0.0,0.0,2.42294e-05,0.00104281,0.0,0.0,0.0,0.0,0.0,0.0,0.000181001,0.0,3.29149e-05,0.00411663,0.000852209,0.000165145,0.000729132,3.15183e-05,1.15445e-05,1.64121e-05,0.0,0.0,0.0,7.26e-06,0.00191635,0.0,0.0,0.0,0.00075609,6.63679e-05,0.00146831,0.000285915,0.0,0.0,0.000637521,0.000306697,0.00225582,0.0,9.58238e-05,0.000347271,0.00103703,0.00139514,3.07387e-05,0.00133485,0.000839045,0.00156202,0.00143391,0.000198137,0.0,0.0,6.92552e-05,0.000304046,3.99647e-05,6.35582e-05,6.58906e-05,0.0024117,1.20495e-05,0.0,0.000180891,0.0
0.000388483,0.0,2.07344e-05,0.00937464,0.0,0.000113815,1.68095e-05,0.0,0.000798419,0.0,3.6523e-06,2.58192e-06,2.27483e-06,6.43585e-06,8.32368e-05,0.0,0.0,0.0,0.0,1.25116e-05,0.00115699,0.000106274,8.25253e-06,0.000817098,0.000243234,0.00990212,0.00160653,0.0,2.2938e-05,6.34113e-05,9.83815e-05,8.38616e-05,0.0111665,9.23101e-07,0.000215952,0.000321091,0.0,0.000379288,0.0,0.0,0.0,0.0,0.0,2.985e-07,6.76787e-05,0.0,0.0,0.0,0.0,2.32959e-06,4.40168e-05,5.50753e-05,0.0262539,0.000746794,0.0,0.0,2.42294e-05,0.00104281,0.0,0.0,0.0,0.0,0.0,0.0,0.000180527,0.0,3.27025e-05,0.00411828,0.000852632,0.000165145,0.000728711,3.17402e-05,1.23236e-05,1.64121e-05,0.0,0.0,0.0,7.04e-06,0.00191778,0.0,0.0,0.0,0.000757254,6.61317e-05,0.00146873,0.000285681,0.0,0.0,0.000637798,0.000306695,0.0022584,2.62648e-07,9.55475e-05,0.000348046,0.00103805,0.00139545,2.98407e-05,0.0013367,0.000838366,0.00156415,0.00143575,0.000195219,0.0,0.0,7.09717e-05,0.000303127,3.99652e-05,6.29506e-05,6.58906e-05,0.00241466,1.2627e-05,2.8536e-07,0.00017721,0.0
0.000387789,0.0,1.95841e-05,0.00937914,0.0,0.000113312,1.68095e-05,0.0,0.000799502,0.0,3.65442e-06,2.58192e-06,2.55155e-06,6.74232e-06,8.38338e-05,0.0,0.0,0.0,0.0,1.22272e-05,0.00115405,0.000106812,7.94688e-06,0.000815725,0.000244837,0.0099091,0.00160626,0.0,2.3496e-05,6.5783e-05,9.8679e-05,8.49621e-05,0.0111662,1.53852e-06,0.000216242,0.000319591,0.0,0.00037807,3.06469e-07,0.0,0.0,3.01445e-07,0.0,2.985e-07,6.82899e-05,0.0,0.0,0.0,0.0,2.32959e-06,4.43346e-05,5.51018e-05,0.0262514,0.00074639,0.0,0.0,2.4413e-05,0.00104258,0.0,0.0,0.0,0.0,0.0,0.0,0.000181001,0.0,3.27025e-05,0.00411504,0.00085287,0.000164788,0.000729136,3.21302e-05,1.2068e-05,1.64121e-05,0.0,0.0,0.0,7.26e-06,0.00191656,0.0,0.0,0.0,0.000756063,6.63679e-05,0.00146806,0.000285679,0.0,0.0,0.000637518,0.000305751,0.00225763,0.0,9.50362e-05,0.00034831,0.00103754,0.00139606,3.07393e-05,0.0013331,0.000838756,0.00156354,0.00143513,0.00019727,0.0,0.0,7.07093e-05,0.000303428,3.99649e-05,6.41596e-05,6.56014e-05,0.00240962,1.29223e-05,0.0,0.000179227,0.0
0.000386952,0.0,2.13414e-05,0.00937444,0.0,0.000113564,1.68095e-05,0.0,0.000798231,0.0,3.9598e-06,2.29461e-06,2.27483e-06,6.43585e-06,8.3543e-05,0.0,0.0,0.0,0.0,1.25116e-05,0.00115264,0.000106275,7.94688e-06,0.000816804,0.000243837,0.00990597,0.0016071,0.0,2.19614e-05,6.31135e-05,9.95982e-05,8.40691e-05,0.0111646,1.2308e-06,0.000215956,0.000320805,0.0,0.000379293,3.07244e-07,0.0,0.0,0.0,0.0,2.985e-07,6.82625e-05,0.0,0.0,0.0,0.0,2.32959e-06,4.43346e-05,5.49546e-05,0.0262534,0.000746237,0.0,0.0,2.42294e-05,0.00104262,0.0,0.0,0.0,0.0,0.0,0.0,0.000181011,0.0,3.29149e-05,0.00411679,0.000852682,0.000165132,0.000729136,3.1495e-05,1.19329e-05,1.66465e-05,0.0,0.0,0.0,7.26e-06,0.00191735,0.0,0.0,0.0,0.000755888,6.61317e-05,0.00146784,0.000285681,0.0,0.0,0.000636467,0.000306446,0.00225861,2.62648e-07,9.5271e-05,0.000346494,0.00103751,0.001393,3.10384e-05,0.00133338,0.000840838,0.00156414,0.00143606,0.000197251,0.0,0.0,6.95159e-05,0.000304658,4.02725e-05,6.38573e-05,6.58906e-05,0.00241418,1.26217e-05,2.8536e-07,0.000179737,0.0
0.000388348,0.0,1.98813e-05,0.00937281,0.0,0.000113563,1.68095e-05,0.0,0.000800751,0.0,3.6523e-06,2.86826e-06,2.27483e-06,6.43585e-06,8.32368e-05,0.0,0.0,0.0,0.0,1.22272e-05,0.00115548,0.00010655,8.25253e-06,0.000816285,0.000243453,0.00990589,0.00160681,0.0,2.30303e-05,6.34113e-05,9.86887e-05,8.43755e-05,0.0111677,1.53852e-06,0.000216231,0.00032048,0.0,0.000377465,3.06902e-07,0.0,0.0,0.0,0.0,0.0,6.82899e-05,0.0,0.0,0.0,0.0,2.32959e-06,4.43346e-05,5.56664e-05,0.0262526,0.000746606,0.0,0.0,2.42294e-05,0.00104281,0.0,0.0,0.0,0.0,0.0,0.0,0.000181001,0.0,3.27025e-05,0.00411671,0.000851896,0.000165145,0.000728711,3.23663e-05,1.25939e-05,1.64121e-05,0.0,0.0,0.0,7.04e-06,0.00191678,0.0,0.0,0.0,0.000756356,6.63679e-05,0.00146917,0.000285915,0.0,0.0,0.000636509,0.000306253,0.00225869,2.62648e-07,9.34387e-05,0.000347789,0.00103568,0.00139483,3.04389e-05,0.00133404,0.000837798,0.00156262,0.00143483,0.000196666,0.0,0.0,6.98221e-05,0.00030343,3.96576e-05,6.20583e-05,6.56014e-05,0.00241141,1.29123e-05,0.0,0.000178912,0.0
0.000389048,0.0,2.047e-05,0.00937785,0.0,0.000113564,1.65586e-05,0.0,0.000798223,0.0,3.95825e-06,2.58192e-06,2.55155e-06,6.43585e-06,8.38338e-05,0.0,0.0,0.0,0.0,1.25116e-05,0.00115466,0.000106269,7.94688e-06,0.000817353,0.000245042,0.0099043,0.00160652,0.0,2.30166e-05,6.37046e-05,9.86757e-05,8.48671e-05,0.011168,9.23101e-07,0.000215674,0.000320799,0.0,0.000378985,6.13371e-07,0.0,0.0,0.0,0.0,2.985e-07,6.79802e-05,0.0,0.0,0.0,0.0,2.32959e-06,4.41757e-05,5.50971e-05,0.0262517,0.00074639,0.0,0.0,2.42294e-05,0.00104304,0.0,0.0,0.0,0.0,0.0,0.0,0.000180765,0.0,3.27025e-05,0.00411729,0.000852536,0.00016497,0.000729136,3.15021e-05,1.15397e-05,1.64121e-05,0.0,0.0,0.0,7.26e-06,0.00191631,0.0,0.0,0.0,0.000756507,6.61317e-05,0.00146716,0.000285915,0.0,0.0,0.000637293,0.000305737,0.00225813,0.0,9.68876e-05,0.000346509,0.00103885,0.00139728,3.01464e-05,0.00133274,0.000838756,0.00156077,0.00143543,0.000196964,0.0,0.0,6.98164e-05,0.000302819,4.05797e-05,6.38518e-05,6.58906e-05,0.00241442,1.23459e-05,2.8536e-07,0.000180028,0.0
6.18499e-06,0.0,3.28383e-05,0.0196231,0.0,0.000161282,0.0,0.0,0.00840258,0.0,3.04464e-06,0.0,1.42177e-06,3.9841e-06,7.1262e-05,1.56904e-05,0.0,0.0,0.0,3.47013e-05,0.000291163,1.16152e-05,0.0,0.000344757,0.00379723,0.0814616,0.0103504,0.0,1.25631e-05,5.68708e-07,8.07603e-05,0.000106634,0.00898614,1.2308e-06,0.000259251,0.000467171,0.0,4.89513e-06,3.06469e-07,0.0,8.50981e-06,0.0,0.0,5.96999e-07,0.000447529,0.0,0.0,0.0,0.0,0.0,0.0,7.47294e-05,0.0455838,0.0,4.66252e-05,0.0,0.00017333,0.000679827,0.0,0.0,0.0,0.0,0.0,0.0,0.000133343,0.0,0.0,0.000794659,0.000435991,0.000124171,0.0,2.72356e-05,1.40387e-05,1.45364e-05,0.000270601,0.0,0.0,0.0,0.00295603,0.0,0.0,6.84291e-05,0.00328435,8.80969e-05,0.000792956,0.000276311,0.000466906,0.0,0.00110408,0.000285389,0.002378,0.0,0.000267161,0.000335827,0.00116178,0.00127133,1.29049e-05,0.00117016,0.000737128,0.00198494,0.00176695,0.000188375,0.0,0.0,9.64108e-05,0.000289373,1.41296e-05,5.84742e-05,7.57066e-05,0.00237379,1.43543e-05,2.8536e-07,9.70961e-06,0.0
5.65528e-06,0.0,3.13889e-05,0.0196206,0.0,0.000161533,0.0,0.0,0.00840463,0.0,3.35059e-06,0.0,1.70612e-06,4.29057e-06,7.12627e-05,1.56904e-05,0.0,0.0,0.0,3.49866e-05,0.000292223,1.13447e-05,0.0,0.000344998,0.00379327,0.0814636,0.0103551,0.0,1.31569e-05,8.53062e-07,8.04535e-05,0.000106644,0.00898431,9.23101e-07,0.000260075,0.000467166,0.0,4.89513e-06,3.06469e-07,0.0,8.21637e-06,0.0,0.0,5.96999e-07,0.000447815,0.0,0.0,0.0,0.0,0.0,0.0,7.47509e-05,0.0455842,0.0,4.66252e-05,0.0,0.000173516,0.000680653,0.0,0.0,0.0,0.0,0.0,0.0,0.000133107,0.0,0.0,0.000794234,0.000435563,0.000124348,0.0,2.7228e-05,1.36456e-05,1.45364e-05,0.000269004,0.0,0.0,0.0,0.00295584,0.0,0.0,6.84291e-05,0.003285,8.83331e-05,0.000789689,0.000276782,0.000466906,0.0,0.00110587,0.000284651,0.00238762,0.0,0.000266905,0.000334273,0.00115962,0.00127255,1.20028e-05,0.00116745,0.000734059,0.00198365,0.0017645,0.00018838,0.0,0.0,9.4099e-05,0.000288774,1.41296e-05,5.75723e-05,7.54132e-05,0.00237656,1.49274e-05,2.8536e-07,9.70961e-06,0.0
6.18499e-06,0.0,3.2558e-05,0.0196177,0.0,0.000161533,0.0,0.0,0.00840106,0.0,3.6523e-06,0.0,1.42177e-06,3.9841e-06,7.15605e-05,1.53827e-05,0.0,0.0,0.0,3.5271e-05,0.000288266,1.10728e-05,0.0,0.00034477,0.00379691,0.081454,0.0103517,0.0,1.21323e-05,5.68708e-07,8.10672e-05,0.000105276,0.00898369,9.23101e-07,0.000259246,0.000467181,0.0,5.20107e-06,3.06469e-07,0.0,8.21637e-06,0.0,0.0,5.96999e-07,0.000447237,0.0,0.0,0.0,0.0,0.0,0.0,7.41675e-05,0.0455852,0.0,4.61434e-05,0.0,0.000173516,0.000681112,0.0,0.0,0.0,0.0,0.0,0.0,0.000132869,0.0,0.0,0.000794177,0.000435345,0.00012435,0.0,2.7077e-05,1.35006e-05,1.43019e-05,0.000269674,0.0,0.0,0.0,0.00295518,0.0,0.0,6.84255e-05,0.00328675,8.80969e-05,0.000791793,0.000276782,0.000466906,0.0,0.0011059,0.000283945,0.00238616,0.0,0.000267183,0.000335061,0.00115964,0.00127408,1.29049e-05,0.00116957,0.000734685,0.00198151,0.00176633,0.000187488,0.0,0.0,9.49863e-05,0.00028876,1.44368e-05,5.90633e-05,7.57066e-05,0.00237269,1.35115e-05,2.8536e-07,1.00038e-05,0.0
5.93249e-06,0.0,3.22518e-05,0.0196253,0.0,0.000161533,0.0,0.0,0.00840234,0.0,3.04464e-06,0.0,1.70612e-06,3.9841e-06,7.1262e-05,1.56904e-05,0.0,0.0,0.0,3.47013e-05,0.000291125,1.10728e-05,0.0,0.00034449,0.00379245,0.0814628,0.0103559,0.0,1.11005e-05,5.68708e-07,7.95174e-05,0.000108018,0.00898706,1.2308e-06,0.00025924,0.000467482,0.0,4.89513e-06,3.06469e-07,0.0,8.50981e-06,0.0,0.0,5.96999e-07,0.000447528,0.0,0.0,0.0,0.0,0.0,0.0,7.48908e-05,0.0455836,0.0,4.66252e-05,0.0,0.00017333,0.000679586,0.0,0.0,0.0,0.0,0.0,0.0,0.000133105,0.0,0.0,0.000794693,0.000435562,0.000124348,0.0,2.68522e-05,1.39207e-05,1.45364e-05,0.000269472,0.0,0.0,0.0,0.00295614,0.0,0.0,6.84291e-05,0.00328505,8.80969e-05,0.000790607,0.000276546,0.000466906,0.0,0.00110379,0.000284177,0.00238599,0.0,0.000268759,0.000333772,0.00116491,0.00127102,1.29049e-05,0.00116859,0.000734698,0.00198646,0.00176847,0.000188972,0.0,0.0,9.61185e-05,0.000289384,1.41296e-05,5.66655e-05,7.59958e-05,0.00237156,1.46436e-05,5.7072e-07,9.70961e-06,0.0
5.64513e-06,0.0,3.16873e-05,0.0196194,0.0,0.000161533,0.0,0.0,0.00840179,0.0,3.04464e-06,0.0,1.42177e-06,4.29057e-06,7.15605e-05,1.56904e-05,0.0,0.0,0.0,3.49866e-05,0.000290054,1.13471e-05,0.0,0.000345803,0.00379785,0.0814603,0.0103534,0.0,1.36276e-05,8.53062e-07,8.01457e-05,0.00010634,0.00898523,9.23101e-07,0.000259522,0.000466555,0.0,4.89513e-06,0.0,0.0,8.21637e-06,0.0,0.0,5.96999e-07,0.000447238,0.0,0.0,0.0,0.0,0.0,0.0,7.44494e-05,0.0455829,0.0,4.68562e-05,0.0,0.000173326,0.000681116,0.0,0.0,0.0,0.0,0.0,0.0,0.000133348,0.0,0.0,0.000794889,0.000436134,0.000124529,0.0,2.75028e-05,1.3508e-05,1.45364e-05,0.000270352,0.0,0.0,0.0,0.00295585,0.0,0.0,6.84291e-05,0.00328514,8.80969e-05,0.000790663,0.000276311,0.000466906,0.0,0.00110693,0.000284177,0.00238167,0.0,0.00026718,0.000334537,0.00116125,0.00127316,1.2604e-05,0.00116806,0.00073198,0.00198729,0.00176603,0.000187794,0.0,0.0,9.5256e-05,0.00028845,1.44368e-05,5.9379e-05,7.54132e-05,0.00237908,1.46537e-05,2.8536e-07,9.41538e-06,0.0
6.19514e-06,0.0,3.25415e-05,0.0196175,0.0,0.000161533,0.0,0.0,0.00840344,0.0,3.65442e-06,0.0,1.70612e-06,3.9841e-06,7.12627e-05,1.56904e-05,0.0,0.0,0.0,3.47013e-05,0.000291944,1.16127e-05,0.0,0.00034423,0.00379134,0.0814554,0.0103534,0.0,1.16415e-05,5.68708e-07,8.10677e-05,0.000106037,0.00898307,9.23101e-07,0.00025953,0.000467177,0.0,5.20107e-06,1.22674e-06,0.0,8.21637e-06,0.0,0.0,5.96999e-07,0.000446942,0.0,0.0,0.0,0.0,0.0,0.0,7.4177e-05,0.0455859,0.0,4.63743e-05,0.0,0.000173516,0.000680911,0.0,0.0,0.0,0.0,0.0,0.0,0.000132866,0.0,0.0,0.000793717,0.000435825,0.000123992,0.0,2.68911e-05,1.37734e-05,1.45364e-05,0.000269459,0.0,0.0,0.0,0.00295531,0.0,0.0,6.86528e-05,0.00328459,8.83331e-05,0.000792501,0.000276546,0.000466906,0.0,0.00110385,0.000284668,0.00238738,0.0,0.000266633,0.000334552,0.00115939,0.00127256,1.29102e-05,0.00116774,0.000737149,0.0019834,0.00176572,0.00018721,0.0,0.0,9.46478e-05,0.00028999,1.38223e-05,5.63601e-05,7.57066e-05,0.0023717,1.34985e-05,2.8536e-07,1.00038e-05,0.0
6.18499e-06,0.0,3.1679e-05,0.0196245,0.0,0.000161533,0.0,0.0,0.00840269,0.0,3.34847e-06,0.0,1.70612e-06,3.9841e-06,7.1262e-05,1.56904e-05,0.0,0.0,0.0,3.5271e-05,0.000289096,1.10728e-05,0.0,0.000345286,0.00379668,0.0814642,0.010354,0.0,1.15929e-05,5.68708e-07,8.0455e-05,0.000106063,0.0089843,1.2308e-06,0.000259241,0.00046655,0.0,4.89513e-06,0.0,0.0,8.50981e-06,0.0,0.0,5.96999e-07,0.000447529,0.0,0.0,0.0,0.0,0.0,0.0,7.50115e-05,0.0455848,0.0,4.66252e-05,0.0,0.00017333,0.000680449,0.0,0.0,0.0,0.0,0.0,0.0,0.000133345,0.0,0.0,0.000794457,0.000435871,0.000124527,0.0,2.69441e-05,1.37734e-05,1.43019e-05,0.000269461,0.0,0.0,0.0,0.00295565,0.0,0.0,6.82017e-05,0.00328606,8.80969e-05,0.000789951,0.000276547,0.000466906,0.0,0.00110404,0.000284429,0.00238332,0.0,0.000268783,0.000333763,0.00116254,0.00127285,1.26046e-05,0.00117072,0.000733459,0.0019779,0.00176573,0.000188955,0.0,0.0,9.56018e-05,0.000287547,1.44368e-05,5.87626e-05,7.57066e-05,0.00237289,1.43601e-05,2.8536e-07,9.41538e-06,0.0
5.92475e-06,0.0,3.22705e-05,0.019622,0.0,0.000161533,0.0,0.0,0.00840322,0.0,3.04464e-06,0.0,1.42177e-06,4.29057e-06,7.15605e-05,1.53827e-05,0.0,0.0,0.0,3.49866e-05,0.000290531,1.13471e-05,0.0,0.000343945,0.00379434,0.0814572,0.0103548,0.0,1.26891e-05,8.53062e-07,8.01299e-05,0.000108018,0.00898614,9.23101e-07,0.000259528,0.000465995,0.0,4.89513e-06,3.06469e-07,0.0,8.21637e-06,0.0,0.0,5.96999e-07,0.000447539,0.0,0.0,0.0,0.0,0.0,0.0,7.43218e-05,0.0455842,0.0,4.63943e-05,0.0,0.000173516,0.000680231,0.0,0.0,0.0,0.0,0.0,0.0,0.000132871,0.0,0.0,0.000794903,0.000435048,0.00012435,0.0,2.74312e-05,1.37758e-05,1.45364e-05,0.000270588,0.0,0.0,0.0,0.00295584,0.0,0.0,6.86528e-05,0.00328457,8.80969e-05,0.000792052,0.000276547,0.000467144,0.0,0.00110566,0.000284887,0.00238052,0.0,0.000267419,0.000335568,0.00115912,0.00127224,1.23037e-05,0.00116719,0.00073434,0.00198973,0.00176663,0.000187772,0.0,0.0,9.49496e-05,0.000289987,1.41296e-05,5.72712e-05,7.54132e-05,0.00237806,1.4083e-05,2.8536e-07,1.00038e-05,0.0
5.65287e-06,0.0,3.28403e-05,0.0196221,0.0,0.000161533,0.0,0.0,0.00840241,0.0,3.35059e-06,0.0,1.70612e-06,3.9841e-06,7.15605e-05,1.56904e-05,0.0,0.0,0.0,3.47013e-05,0.000289413,1.13447e-05,0.0,0.000344764,0.00379806,0.0814576,0.0103506,0.0,1.21032e-05,5.68708e-07,8.04525e-05,0.000105521,0.00898492,9.23101e-07,0.000259243,0.000467764,0.0,5.20107e-06,0.0,0.0,8.21637e-06,0.0,0.0,5.96999e-07,0.000446942,0.0,0.0,0.0,0.0,0.0,0.0,7.44446e-05,0.0455837,0.0,4.66252e-05,0.0,0.000173516,0.000680689,0.0,0.0,0.0,0.0,0.0,0.0,0.000133345,0.0,0.0,0.000793979,0.000435668,0.000124169,0.0,2.71004e-05,1.3648e-05,1.45364e-05,0.000269452,0.0,0.0,0.0,0.00295617,0.0,0.0,6.84291e-05,0.00328564,8.80969e-05,0.000791522,0.00027678,0.000466906,0.0,0.00110428,0.000284436,0.00238555,0.0,0.00026825,0.000333772,0.00115915,0.00127317,1.29049e-05,0.00117043,0.000735011,0.00198488,0.00176451,0.000188959,0.0,0.0,9.55537e-05,0.000289987,1.44368e-05,5.87712e-05,7.59958e-05,0.00237349,1.52151e-05,5.7072e-07,9.70961e-06,0.0
6.46053e-06,0.0,3.25595e-05,0.019618,0.0,0.000161282,0.0,0.0,0.00840348,0.0,3.34847e-06,0.0,1.42177e-06,3.9841e-06,7.09642e-05,1.56904e-05,0.0,0.0,0.0,3.49866e-05,0.000289668,1.10728e-05,0.0,0.000345042,0.00379266,0.0814592,0.0103551,0.0,1.24057e-05,8.53062e-07,8.01489e-05,0.000106367,0.00898278,1.2308e-06,0.000260366,0.000466579,0.0,4.89513e-06,6.12939e-07,0.0,8.50981e-06,0.0,0.0,5.96999e-07,0.000447521,0.0,0.0,0.0,0.0,0.0,0.0,7.53156e-05,0.0455834,0.0,4.63743e-05,0.0,0.00017333,0.000680676,0.0,0.0,0.0,0.0,0.0,0.0,0.000133102,0.0,0.0,0.000794911,0.000436036,0.000124709,0.0,2.73243e-05,1.36333e-05,1.45364e-05,0.000269011,0.0,0.0,0.0,0.00295525,0.0,0.0,6.84291e-05,0.00328483,8.83331e-05,0.000789482,0.000276547,0.000467142,0.0,0.00110487,0.000284676,0.00238654,0.0,0.000268236,0.000335315,0.00116092,0.00127346,1.29049e-05,0.0011653,0.000733806,0.00198308,0.00176694,0.000188377,0.0,0.0,9.49573e-05,0.000288772,1.41296e-05,5.75616e-05,7.54132e-05,0.00237657,1.46456e-05,2.8536e-07,9.70961e-06,0.0
3.66488e-05,3.86007e-06,4.34194e-05,0.0181446,0.0,0.000610224,0.0,0.0,0.0034241,0.0,5.492e-06,2.85208e-05,8.26337e-06,1.07264e-05,0.0,0.0,0.0,0.0,0.0,0.000321806,6.25708e-05,5.4446e-05,0.0,0.000192478,0.0003374,0.271145,0.00265845,0.0,9.8841e-05,0.000107089,2.65721e-05,0.000253298,0.00692831,0.0,0.0,0.000367315,0.0,0.00157704,9.19317e-07,0.0,0.0,0.0,0.0,2.96465e-07,8.65766e-05,2.87635e-05,0.0,0.0,0.0,3.40478e-06,1.47782e-05,5.2924e-05,0.0399621,0.00418845,1.61117e-05,0.0,0.00229221,0.000490819,0.0,0.0,0.0,0.0,5.50948e-06,0.000113254,9.57496e-05,0.0,2.65443e-05,0.0102013,0.000429228,4.82519e-05,9.37463e-05,2.27916e-05,2.17089e-05,2.93072e-05,0.0,0.0,0.0,0.0,0.00696147,0.0,0.0,0.0,0.00395653,9.09311e-05,0.00173803,0.000383188,0.000381674,2.61476e-05,0.00131311,0.000370986,0.00275499,5.25296e-07,0.000286496,0.00024554,0.00232078,0.00103023,1.56041e-05,0.0010154,0.00060862,0.00274921,0.00181746,0.000164289,0.0,0.0,0.000139517,0.000403351,7.98595e-06,9.69971e-05,8.93203e-05,0.00242751,5.998e-06,2.8536e-07,0.000206195,0.0
3.63481e-05,3.86007e-06,4.22643e-05,0.0181468,0.0,0.000610726,0.0,0.0,0.00342303,0.0,6.10359e-06,2.8522e-05,7.97902e-06,1.042e-05,0.0,0.0,0.0,0.0,0.0,0.000321809,6.28167e-05,5.44515e-05,0.0,0.000192697,0.000337407,0.27115,0.00265597,0.0,9.95779e-05,0.000106815,2.44405e-05,0.000249894,0.00692586,0.0,0.0,0.000367621,0.0,0.00157614,1.22656e-06,0.0,0.0,0.0,0.0,2.96465e-07,8.59947e-05,2.87635e-05,0.0,0.0,0.0,3.40478e-06,1.47782e-05,5.36112e-05,0.0399613,0.00418534,1.63626e-05,0.0,0.00229182,0.00049107,0.0,0.0,0.0,0.0,5.50948e-06,0.000113071,9.52721e-05,0.0,2.63319e-05,0.0101979,0.000429418,4.84311e-05,9.37405e-05,2.32424e-05,2.16282e-05,2.93072e-05,0.0,0.0,0.0,0.0,0.00696194,0.0,0.0,0.0,0.00395633,9.06949e-05,0.00173902,0.000382954,0.000381438,2.6375e-05,0.0013146,0.000369795,0.00275931,5.25296e-07,0.00028813,0.000246565,0.00232384,0.00102809,1.62047e-05,0.00101421,0.000608295,0.00275196,0.00182022,0.000162843,0.0,0.0,0.000137774,0.000403369,7.98595e-06,9.75943e-05,8.93203e-05,0.0024336,5.72189e-06,2.8536e-07,0.0002053,0.0
3.7431e-05,3.86007e-06,4.31215e-05,0.0181384,0.0,0.000610475,0.0,0.0,0.00342435,0.0,5.79583e-06,2.85268e-05,7.97902e-06,1.042e-05,0.0,0.0,0.0,0.0,0.0,0.000322093,6.23015e-05,5.44445e-05,0.0,0.000191645,0.000338245,0.271147,0.00265626,0.0,9.97877e-05,0.000106241,2.56551e-05,0.000254118,0.00692801,0.0,0.0,0.000367626,0.0,0.00157735,6.12415e-07,0.0,0.0,0.0,0.0,0.0,8.56933e-05,2.87635e-05,0.0,0.0,0.0,3.22558e-06,1.47782e-05,5.31748e-05,0.0399602,0.00418729,1.61117e-05,0.0,0.00229218,0.000490583,0.0,0.0,0.0,0.0,5.50948e-06,0.000113254,9.55117e-05,0.0,2.65443e-05,0.0102,0.000428571,4.84311e-05,9.37463e-05,2.26421e-05,2.17015e-05,2.93072e-05,0.0,0.0,0.0,0.0,0.00696191,0.0,0.0,0.0,0.00395527,9.11673e-05,0.00173803,0.000382954,0.000381438,2.6375e-05,0.00131224,0.000371483,0.00275552,7.87944e-07,0.00028807,0.000245034,0.0023211,0.00102993,1.62059e-05,0.00101239,0.000605903,0.00274371,0.00181869,0.00016312,0.0,0.0,0.000138324,0.000403356,8.60028e-06,9.72953e-05,8.93203e-05,0.00242814,6.27641e-06,2.8536e-07,0.000205973,0.0
3.77661e-05,3.61882e-06,4.28371e-05,0.0181468,0.0,0.000610726,0.0,0.0,0.00342476,0.0,5.492e-06,2.7938e-05,8.26337e-06,1.07264e-05,0.0,0.0,0.0,0.0,0.0,0.000321526,6.25887e-05,5.49917e-05,0.0,0.000193263,0.000337176,0.271155,0.00265684,0.0,9.92047e-05,0.000105636,2.44413e-05,0.000251488,0.00692496,0.0,0.0,0.000367015,0.0,0.00157522,1.22622e-06,0.0,0.0,0.0,0.0,2.96465e-07,8.56933e-05,2.8555e-05,0.0,0.0,0.0,3.40478e-06,1.46193e-05,5.32013e-05,0.0399603,0.00418729,1.63626e-05,0.0,0.00229241,0.000491057,0.0,0.0,0.0,0.0,5.50948e-06,0.000113254,9.55083e-05,0.0,2.63319e-05,0.010199,0.00042988,4.82519e-05,9.37405e-05,2.29412e-05,2.14907e-05,2.93072e-05,0.0,0.0,0.0,0.0,0.00696165,0.0,0.0,0.0,0.00395696,9.09311e-05,0.00173926,0.000382718,0.000381911,2.6375e-05,0.00131284,0.000371275,0.00276245,5.25296e-07,0.000287343,0.000245019,0.00231979,0.00102993,1.56041e-05,0.00101721,0.000606727,0.0027505,0.00181808,0.000163133,0.0,0.0,0.000139192,0.000404583,7.98595e-06,9.78918e-05,8.96095e-05,0.00243079,6.0061e-06,5.7072e-07,0.000206443,0.0
3.63208e-05,3.86007e-06,4.25507e-05,0.0181392,0.0,0.000610475,0.0,0.0,0.00342043,0.0,5.79583e-06,2.85247e-05,7.97902e-06,1.042e-05,0.0,0.0,0.0,0.0,0.0,0.000321806,6.19862e-05,5.41775e-05,0.0,0.000192449,0.000337616,0.271146,0.00265702,0.0,9.94987e-05,0.000107986,2.50547e-05,0.000252202,0.00692462,0.0,0.0,0.000367916,0.0,0.00157522,6.12415e-07,0.0,0.0,0.0,0.0,2.96465e-07,8.59942e-05,2.87635e-05,0.0,0.0,0.0,3.40478e-06,1.47782e-05,5.31626e-05,0.0399613,0.00418669,1.61117e-05,0.0,0.00229163,0.00049109,0.0,0.0,0.0,0.0,5.50948e-06,0.000113071,9.52738e-05,0.0,2.65443e-05,0.0102005,0.000429028,4.82541e-05,9.37463e-05,2.32683e-05,2.17089e-05,2.93072e-05,0.0,0.0,0.0,0.0,0.00696212,0.0,0.0,0.0,0.00395486,9.11673e-05,0.00173779,0.000382954,0.000381438,2.6375e-05,0.00131248,0.000370251,0.00275773,5.25296e-07,0.000288114,0.00024683,0.00232288,0.0010284,1.62059e-05,0.0010145,0.000606807,0.00275256,0.00181959,0.000163702,0.0,0.0,0.000138641,0.00040397,8.2932e-06,9.69931e-05,8.90269e-05,0.00243239,5.71485e-06,2.8536e-07,0.000206786,0.0
3.82969e-05,3.86007e-06,4.28361e-05,0.0181478,0.0,0.000610474,0.0,0.0,0.00342846,0.0,6.40858e-06,2.82298e-05,8.26337e-06,1.042e-05,0.0,0.0,0.0,0.0,0.0,0.000322376,6.25613e-05,5.47283e-05,0.0,0.000192444,0.000337659,0.271149,0.00265627,0.0,9.93604e-05,0.000106239,2.47348e-05,0.000252138,0.00692954,0.0,0.0,0.00036943,0.0,0.00157705,9.19317e-07,0.0,0.0,0.0,0.0,0.0,8.65789e-05,2.87635e-05,0.0,0.0,0.0,3.22558e-06,1.47782e-05,5.36282e-05,0.0399615,0.00418592,1.61117e-05,0.0,0.00229312,0.000490816,0.0,0.0,0.0,0.0,5.31949e-06,0.000113254,9.551e-05,0.0,2.65443e-05,0.0102009,0.000429128,4.84311e-05,9.39548e-05,2.29246e-05,2.17511e-05,2.95417e-05,0.0,0.0,0.0,0.0,0.00696227,0.0,0.0,0.0,0.00395501,9.06949e-05,0.00173785,0.000382954,0.000381438,2.6375e-05,0.00131576,0.000371975,0.00276012,5.25296e-07,0.000285991,0.000245543,0.00231785,0.00103023,1.5905e-05,0.0010145,0.00060706,0.00274771,0.00181961,0.000163713,0.0,0.0,0.000139207,0.000403972,8.29304e-06,9.63932e-05,8.96138e-05,0.00242908,6.00012e-06,2.8536e-07,0.000204776,0.0
3.49034e-05,3.86007e-06,4.28371e-05,0.018144,0.0,0.000610224,0.0,0.0,0.00342346,0.0,5.492e-06,2.79426e-05,7.97902e-06,1.042e-05,0.0,0.0,0.0,0.0,0.0,0.000321814,6.25569e-05,5.47091e-05,0.0,0.000192717,0.000338217,0.271145,0.00265624,0.0,9.98749e-05,0.00010738,2.41293e-05,0.00025121,0.00692465,0.0,0.0,0.000367017,0.0,0.00157522,9.19932e-07,0.0,0.0,0.0,0.0,2.96465e-07,8.53924e-05,2.87635e-05,0.0,0.0,0.0,3.40478e-06,1.47782e-05,5.2755e-05,0.0399611,0.00418771,1.61197e-05,0.0,0.00229183,0.000490826,0.0,0.0,0.0,0.0,5.50948e-06,0.000113071,9.55169e-05,0.0,2.63319e-05,0.0101969,0.000429377,4.84311e-05,9.3532e-05,2.32613e-05,2.15713e-05,2.93072e-05,0.0,0.0,0.0,0.0,0.00696142,0.0,0.0,0.0,0.00395742,9.06949e-05,0.00173872,0.000382718,0.000381674,2.6375e-05,0.00131247,0.000370513,0.00275888,5.25296e-07,0.000288088,0.000246309,0.00232418,0.00102962,1.56041e-05,0.0010154,0.000604661,0.00274707,0.0018193,0.000162555,0.0,0.0,0.000138066,0.000403971,8.2932e-06,9.87972e-05,8.93203e-05,0.00243171,6.28643e-06,2.8536e-07,0.000206468,0.0
3.86299e-05,3.61882e-06,4.31243e-05,0.0181432,0.0,0.000610726,0.0,0.0,0.00342351,0.0,5.79583e-06,2.88198e-05,8.26337e-06,1.07264e-05,0.0,0.0,0.0,0.0,0.0,0.000321805,6.28456e-05,5.50002e-05,0.0,0.000191648,0.000337188,0.271149,0.00265874,0.0,9.86152e-05,0.000106509,2.5359e-05,0.000252409,0.00692524,0.0,0.0,0.000368539,0.0,0.00157705,1.22579e-06,0.0,0.0,0.0,0.0,2.96465e-07,8.62933e-05,2.87635e-05,0.0,0.0,0.0,3.40478e-06,1.47782e-05,5.32061e-05,0.0399611,0.00418652,1.61117e-05,0.0,0.0022918,0.000491301,0.0,0.0,0.0,0.0,5.50948e-06,0.000113254,9.50326e-05,0.0,2.65443e-05,0.0102002,0.00042889,4.82519e-05,9.39548e-05,2.26327e-05,2.14907e-05,2.93072e-05,0.0,0.0,0.0,0.0,0.00696218,0.0,0.0,0.0,0.00395523,9.11673e-05,0.00173689,0.000382954,0.000381674,2.6375e-05,0.00131067,0.000370783,0.00275543,5.25296e-07,0.000286776,0.000245787,0.00232021,0.00102992,1.65056e-05,0.00101597,0.000607708,0.00274921,0.00181625,0.000165149,0.0,0.0,0.000139194,0.000402754,7.98595e-06,9.6996e-05,8.9316e-05,0.0024294,5.71479e-06,2.8536e-07,0.000204783,0.0
3.71135e-05,3.86007e-06,4.31243e-05,0.0181447,0.0,0.000610475,0.0,0.0,0.00342388,0.0,5.79765e-06,2.79407e-05,7.69366e-06,1.042e-05,0.0,0.0,0.0,0.0,0.0,0.000321809,6.20146e-05,5.30804e-05,0.0,0.000192976,0.000338414,0.27115,0.00265433,0.0,0.000100782,0.00010538,2.41273e-05,0.000252904,0.0069277,0.0,0.0,0.000367314,0.0,0.00157583,9.19112e-07,0.0,0.0,0.0,0.0,0.0,8.56933e-05,2.8555e-05,0.0,0.0,0.0,3.40478e-06,1.47782e-05,5.34352e-05,0.0399611,0.00418687,1.63626e-05,0.0,0.00229186,0.000490363,0.0,0.0,0.0,0.0,5.50948e-06,0.000113071,9.55117e-05,0.0,2.63319e-05,0.0101992,0.000428467,4.84311e-05,9.3532e-05,2.2934e-05,2.15786e-05,2.93072e-05,0.0,0.0,0.0,0.0,0.00696129,0.0,0.0,0.0,0.00395611,9.09311e-05,0.00173945,0.000382954,0.000381438,2.6375e-05,0.00131251,0.000369782,0.00275663,5.25296e-07,0.000288134,0.000246064,0.0023239,0.0010284,1.5905e-05,0.00101452,0.000604954,0.00274892,0.0018199,0.00016197,0.0,0.0,0.00013806,0.000404885,7.98595e-06,9.75926e-05,8.93203e-05,0.00243411,6.5717e-06,5.7072e-07,0.00020481,0.0
3.63918e-05,3.86007e-06,4.28371e-05,0.0181433,0.0,0.000610474,0.0,0.0,0.00342323,0.0,6.10177e-06,2.85181e-05,7.97902e-06,1.042e-05,0.0,0.0,0.0,0.0,0.0,0.000321524,6.25613e-05,5.52685e-05,0.0,0.000193,0.000336794,0.271149,0.00265739,0.0,9.88202e-05,0.000107089,2.65857e-05,0.000252387,0.00692739,0.0,0.0,0.000367324,0.0,0.00157553,1.22681e-06,0.0,0.0,0.0,0.0,2.96465e-07,8.62956e-05,2.87635e-05,0.0,0.0,0.0,3.22558e-06,1.47782e-05,5.34957e-05,0.0399603,0.00418784,1.61117e-05,0.0,0.00229162,0.000491059,0.0,0.0,0.0,0.0,5.50948e-06,0.000113254,9.52705e-05,0.0,2.65443e-05,0.0101998,0.000429526,4.84311e-05,9.39548e-05,2.31071e-05,2.14833e-05,2.93072e-05,0.0,0.0,0.0,0.0,0.0069624,0.0,0.0,0.0,0.00395523,9.09311e-05,0.00173832,0.000382952,0.000381438,2.61476e-05,0.00131678,0.00037222,0.00276178,5.25296e-07,0.00028703,0.000245801,0.00232287,0.00102962,1.5905e-05,0.00101299,0.000607441,0.00274979,0.00181687,0.000164002,0.0,0.0,0.000138342,0.000403362,8.60028e-06,9.75951e-05,8.93203e-05,0.00243117,5.99713e-06,2.8536e-07,0.000207859,0.0
0.000170799,0.0,8.16929e-05,0.0364712,0.0,0.000274473,0.0,4.66804e-05,0.000498201,0.0,4.27952e-06,3.12963e-05,3.58846e-05,0.0,0.0,0.0,0.0,0.0,0.0,0.0010934,0.00033519,0.000131992,1.06977e-05,0.000437171,0.000738707,0.0110924,8.71163e-05,0.0,0.000708657,8.86543e-05,0.00480076,0.000786783,0.00567101,0.0,8.4998e-07,2.80297e-05,0.0,3.36711e-06,6.1458e-07,0.0,0.0,0.0,0.0,4.75464e-06,0.000139025,0.00757854,0.0117549,0.0,0.00534721,0.0,6.6221e-05,5.91422e-05,0.0753198,0.00510217,3.26154e-06,0.0,0.0,0.00170842,0.000739301,0.00468031,0.0,0.0,0.00273265,0.0909183,9.51872e-06,0.00234905,0.00086959,0.00691058,0.00125197,6.39603e-05,0.0228824,8.6046e-05,1.47281e-05,0.000116331,0.0,0.00105297,0.0,0.0,0.677705,0.00306131,0.0,0.0,0.0177717,3.68448e-05,0.00060758,0.000189227,0.00105075,0.000242899,0.00167656,9.84096e-05,0.00270109,0.0,0.000424286,0.000197494,0.00211813,0.000576143,8.12432e-06,0.000649779,0.00044536,0.001818,0.00275105,0.000123219,0.0,0.0,1.76713e-05,0.000305748,0.0,0.000162374,7.15998e-05,0.00213945,9.19695e-06,0.0,9.41538e-06,0.0
0.000170804,0.0,8.13724e-05,0.0364633,0.0,0.000274218,0.0,4.66804e-05,0.000498806,0.0,4.27615e-06,3.15827e-05,3.56002e-05,0.0,0.0,0.0,0.0,0.0,0.0,0.0010934,0.000335772,0.000131724,1.03921e-05,0.000437708,0.000737891,0.0110885,8.73843e-05,0.0,0.000706638,8.98292e-05,0.00479977,0.00078482,0.00567193,0.0,1.13331e-06,2.68034e-05,0.0,3.9787e-06,0.0,0.0,0.0,0.0,0.0,5.05249e-06,0.000138742,0.00757833,0.0117549,0.0,0.00534741,0.0,6.6221e-05,5.9287e-05,0.0753208,0.00510232,3.26154e-06,0.0,0.0,0.00170845,0.000739469,0.00467995,0.0,0.0,0.00273188,0.0909197,9.51187e-06,0.00234905,0.000869378,0.0069108,0.00125072,6.45277e-05,0.0228824,8.53528e-05,1.47281e-05,0.000116331,0.0,0.00105297,0.0,0.0,0.677703,0.00306012,0.0,0.0,0.0177685,3.68448e-05,0.000607556,0.000189463,0.00105029,0.000243359,0.00167839,9.86405e-05,0.00269599,0.0,0.000422593,0.000197764,0.00211776,0.000576751,8.12432e-06,0.00065103,0.000444469,0.00181676,0.00274893,0.000123787,0.0,0.0,1.79631e-05,0.000305144,0.0,0.000160274,7.13064e-05,0.0021407,9.46457e-06,0.0,1.00038e-05,0.0
0.000168558,0.0,7.99175e-05,0.0364657,0.0,0.00027396,0.0,4.66804e-05,0.000498641,0.0,4.27952e-06,3.1009e-05,3.61669e-05,0.0,0.0,0.0,0.0,0.0,0.0,0.00109256,0.000334349,0.000131992,1.03921e-05,0.000436877,0.000739925,0.0110877,8.68482e-05,0.0,0.000708693,8.98395e-05,0.00480319,0.000785238,0.00566702,0.0,1.13331e-06,2.80253e-05,0.0,3.67305e-06,0.0,0.0,0.0,0.0,0.0,5.05249e-06,0.000139025,0.00757834,0.0117557,0.0,0.00534701,0.0,6.63845e-05,5.95956e-05,0.0753197,0.00510253,3.01065e-06,0.0,0.0,0.00170866,0.000739637,0.00468031,0.0,0.0,0.00273227,0.0909189,9.99258e-06,0.00234905,0.00086959,0.00691009,0.0012519,6.39431e-05,0.0228828,8.61932e-05,1.47281e-05,0.000116565,0.0,0.00105298,0.0,0.0,0.677702,0.00306111,0.0,0.0,0.0177695,3.68448e-05,0.00060642,0.000189461,0.00105075,0.000243125,0.001678,9.81603e-05,0.00270123,0.0,0.000422696,0.000197234,0.00211682,0.000576449,8.42522e-06,0.000647673,0.000448729,0.00182015,0.00274922,0.000124083,0.0,0.0,1.73954e-05,0.000305447,0.0,0.000162074,7.15998e-05,0.00214773,9.75552e-06,0.0,9.70961e-06,0.0
0.000170855,0.0,8.10705e-05,0.0364725,0.0,0.000274464,0.0,4.66804e-05,0.000499038,0.0,4.5818e-06,3.12963e-05,3.58768e-05,0.0,0.0,0.0,0.0,0.0,0.0,0.00109255,0.000335734,0.000131456,1.06977e-05,0.000436916,0.000739216,0.0110931,8.73843e-05,0.0,0.000707806,8.92426e-05,0.00480705,0.000786125,0.0056713,0.0,8.4998e-07,2.71119e-05,0.0,3.9787e-06,0.0,0.0,0.0,0.0,0.0,4.75464e-06,0.000138742,0.00757875,0.0117553,0.0,0.00534741,0.0,6.6221e-05,5.94365e-05,0.0753207,0.00510271,3.26154e-06,0.0,0.0,0.00170865,0.000739637,0.00468013,0.0,0.0,0.00273246,0.0909185,9.75318e-06,0.00234925,0.00086959,0.00691005,0.00124993,6.39561e-05,0.0228828,8.55095e-05,1.47281e-05,0.000115864,0.0,0.00105297,0.0,0.0,0.6777,0.0030609,0.0,0.0,0.0177702,3.68448e-05,0.000606851,0.00018899,0.00105052,0.000243586,0.0016799,9.84096e-05,0.0026985,0.0,0.000423983,0.000197761,0.0021199,0.000576141,7.82342e-06,0.000650735,0.000445083,0.00181951,0.00274953,0.000123495,0.0,0.0,1.76713e-05,0.000304228,0.0,0.000162071,7.15998e-05,0.00214253,9.19391e-06,0.0,9.70961e-06,0.0
0.000169358,0.0,8.16603e-05,0.0364657,0.0,0.000273965,0.0,4.66804e-05,0.000498631,0.0,3.66637e-06,3.1009e-05,3.58846e-05,0.0,0.0,0.0,0.0,0.0,0.0,0.0010937,0.000335194,0.00013226,1.03921e-05,0.000437687,0.00073887,0.0110912,8.71163e-05,0.0,0.000706657,8.92337e-05,0.0048031,0.000786863,0.00567131,0.0,1.13331e-06,2.74166e-05,0.0,3.67305e-06,3.07495e-07,0.0,0.0,0.0,0.0,5.05249e-06,0.000139043,0.00757854,0.0117547,0.0,0.00534721,0.0,6.6221e-05,5.91422e-05,0.0753207,0.00510235,3.01065e-06,0.0,0.0,0.00170821,0.000739303,0.00468013,0.0,0.0,0.00273207,0.0909189,9.74967e-06,0.00234925,0.000869378,0.00691081,0.00125048,6.43335e-05,0.0228822,8.56999e-05,1.49385e-05,0.000116565,0.0,0.0010528,0.0,0.0,0.677705,0.00306052,0.0,0.0,0.0177682,3.68448e-05,0.00060806,0.000189697,0.00105052,0.000243355,0.00167617,9.83993e-05,0.00270567,0.0,0.000422933,0.000198265,0.002116,0.000576143,8.42522e-06,0.000650396,0.000442674,0.00181555,0.00274893,0.000123501,0.0,0.0,1.79631e-05,0.000305749,0.0,0.000161178,7.15998e-05,0.00214122,8.89477e-06,0.0,9.41538e-06,0.0
0.000170814,0.0,8.10841e-05,0.0364675,0.0,0.000274213,0.0,4.66804e-05,0.000498175,0.0,4.27952e-06,3.12963e-05,3.61615e-05,0.0,0.0,0.0,0.0,0.0,0.0,0.00109283,0.000335483,0.000131992,1.03921e-05,0.000437985,0.000739153,0.0110918,8.76524e-05,0.0,0.000707667,8.86595e-05,0.00479975,0.000784886,0.00566825,0.0,8.4998e-07,2.77358e-05,0.0,3.9787e-06,3.07244e-07,0.0,0.0,0.0,0.0,4.75464e-06,0.000139318,0.00757792,0.0117549,0.0,0.00534741,0.0,6.6221e-05,5.9463e-05,0.0753197,0.00510272,3.26154e-06,0.0,0.0,0.00170867,0.000739637,0.00468013,0.0,0.0,0.00273227,0.0909199,9.74119e-06,0.00234925,0.00086959,0.0069103,0.00125302,6.39603e-05,0.0228828,8.55693e-05,1.47281e-05,0.000116331,0.0,0.00105298,0.0,0.0,0.677702,0.00306111,0.0,0.0,0.0177701,3.7081e-05,0.000606881,0.000189227,0.00105076,0.000242895,0.00168131,9.81603e-05,0.00269448,0.0,0.00042134,0.000196974,0.00211937,0.000576756,8.12432e-06,0.000648305,0.000447207,0.00181806,0.00275015,0.000123503,0.0,0.0,1.76787e-05,0.000305141,0.0,0.000161473,7.13064e-05,0.00214251,9.75774e-06,0.0,9.70961e-06,0.0
0.000169999,0.0,8.051e-05,0.0364672,0.0,0.000274716,0.0,4.66804e-05,0.000498433,0.0,4.5818e-06,3.12954e-05,3.55992e-05,0.0,0.0,0.0,0.0,0.0,0.0,0.00109341,0.000334613,0.000131456,1.06977e-05,0.000436627,0.000739904,0.011088,8.68482e-05,0.0,0.000707778,8.98301e-05,0.0048059,0.000785931,0.00567162,0.0,1.13331e-06,2.7404e-05,0.0,3.67305e-06,0.0,0.0,0.0,0.0,0.0,5.05249e-06,0.000139043,0.00757833,0.0117555,0.0,0.00534721,0.0,6.6221e-05,5.94196e-05,0.0753186,0.0051025,3.01065e-06,0.0,0.0,0.00170843,0.000739466,0.00467995,0.0,0.0,0.00273246,0.090918,9.5253e-06,0.00234905,0.00086959,0.00690984,0.00125024,6.41373e-05,0.0228822,8.61307e-05,1.47281e-05,0.000116565,0.0,0.00105279,0.0,0.0,0.677701,0.00306114,0.0,0.0,0.0177702,3.68448e-05,0.000606144,0.000189697,0.00105051,0.000243359,0.00167748,9.84096e-05,0.00269918,0.0,0.0004248,0.000198018,0.00211781,0.000575835,8.42522e-06,0.000650131,0.000444487,0.00181764,0.00274861,0.000123497,0.0,0.0,1.76713e-05,0.000304841,0.0,0.000161472,7.15998e-05,0.00214413,9.45965e-06,0.0,1.00038e-05,0.0
0.000169703,0.0,8.10705e-05,0.036468,0.0,0.000274225,0.0,4.66804e-05,0.00049989,0.0,4.27952e-06,3.15837e-05,3.56002e-05,0.0,0.0,0.0,0.0,0.0,0.0,0.0010934,0.000336895,0.000131992,1.03921e-05,0.000437423,0.000738099,0.0110955,8.73843e-05,0.0,0.000708677,8.92431e-05,0.00479947,0.000785102,0.00567346,0.0,1.13331e-06,2.71187e-05,0.0,3.67276e-06,0.0,0.0,0.0,0.0,0.0,5.05249e-06,0.000139025,0.00757896,0.0117549,0.0,0.00534741,0.0,6.6221e-05,5.93111e-05,0.0753222,0.00510234,3.26154e-06,0.0,0.0,0.00170845,0.000739469,0.00467995,0.0,0.0,0.00273188,0.0909193,9.98601e-06,0.00234905,0.000869378,0.00691081,0.00125118,6.43507e-05,0.0228824,8.55647e-05,1.47281e-05,0.000116098,0.0,0.00105315,0.0,0.0,0.677708,0.0030609,0.0,0.0,0.0177684,3.68448e-05,0.000608308,0.00018899,0.00105052,0.000243355,0.00167677,9.83912e-05,0.00270107,0.0,0.000422903,0.000196725,0.00211941,0.000576449,7.82342e-06,0.000649776,0.000445694,0.00181861,0.00274832,0.000124678,0.0,0.0,1.82565e-05,0.00030514,0.0,0.000162078,7.13064e-05,0.00214433,9.19197e-06,0.0,9.41538e-06,0.0
0.000171034,0.0,8.10822e-05,0.0364675,0.0,0.000274213,0.0,4.66804e-05,0.000497746,0.0,4.27615e-06,3.1009e-05,3.58825e-05,0.0,0.0,0.0,0.0,0.0,0.0,0.00109227,0.00033262,0.000131724,1.03921e-05,0.000436903,0.00073898,0.0110882,8.71163e-05,0.0,0.000707503,8.89525e-05,0.00480198,0.000785423,0.00566794,0.0,8.4998e-07,2.77254e-05,0.0,3.979e-06,3.07495e-07,0.0,0.0,0.0,0.0,4.75464e-06,0.000138742,0.00757813,0.0117551,0.0,0.00534741,0.0,6.6221e-05,5.9721e-05,0.0753201,0.00510269,3.26154e-06,0.0,0.0,0.0017093,0.000739637,0.00467995,0.0,0.0,0.00273246,0.0909185,9.03126e-06,0.00234905,0.00086959,0.00691033,0.0012492,6.39431e-05,0.0228831,8.5647e-05,1.47281e-05,0.000116096,0.0,0.00105279,0.0,0.0,0.677694,0.00306072,0.0,0.0,0.0177697,3.68448e-05,0.000606834,0.000189227,0.00105074,0.000242895,0.00167943,9.84096e-05,0.00270077,0.0,0.000423736,0.000198267,0.00211674,0.000576752,8.12432e-06,0.000649486,0.000447531,0.00181895,0.0027477,0.000123766,0.0,0.0,1.76797e-05,0.000304838,0.0,0.000162673,7.15998e-05,0.00214211,9.75269e-06,0.0,9.41538e-06,0.0
0.000168007,0.0,8.10695e-05,0.0364676,0.0,0.000274213,0.0,4.66804e-05,0.000499471,0.0,4.27952e-06,3.12963e-05,3.58846e-05,0.0,0.0,0.0,0.0,0.0,0.0,0.00109313,0.000336064,0.000131992,1.03921e-05,0.000437436,0.000739683,0.0110918,8.73843e-05,0.0,0.000706856,8.95281e-05,0.00480793,0.000785448,0.00566978,0.0,1.13331e-06,2.80172e-05,0.0,3.3654e-06,0.0,0.0,0.0,0.0,0.0,5.05249e-06,0.000139043,0.00757854,0.0117551,0.0,0.00534701,0.0,6.6221e-05,5.93158e-05,0.0753201,0.00510272,3.01065e-06,0.0,0.0,0.001708,0.000739471,0.00468031,0.0,0.0,0.00273227,0.0909195,1.02305e-05,0.00234925,0.000869378,0.0069101,0.00125159,6.45277e-05,0.0228828,8.5707e-05,1.47281e-05,0.000116565,0.0,0.00105316,0.0,0.0,0.677706,0.00306071,0.0,0.0,0.0177711,3.68448e-05,0.000606655,0.000189697,0.00105028,0.000243359,0.00167557,9.84096e-05,0.00269538,0.0,0.000422662,0.000196223,0.00211783,0.000575837,8.42522e-06,0.00065101,0.000444445,0.00181768,0.00275166,0.000123226,0.0,0.0,1.73869e-05,0.000305444,0.0,0.000160876,7.13064e-05,0.00214248,9.47401e-06,0.0,1.00038e-05,0.0
0.000686055,9.16824e-05,0.000108097,0.011411,0.0,0.000304332,0.0,9.0346e-05,0.000159336,0.000131014,0.000114674,6.2095e-05,4.33996e-05,0.00219209,8.56756e-06,9.65867e-05,1.02491e-05,0.00313752,7.97946e-06,0.0,0.000200327,0.000362501,1.10034e-05,0.00123235,0.00138697,0.248713,0.0014478,0.0,0.00278434,0.00235017,2.60822e-05,0.000620614,0.00314303,6.67482e-05,4.07234e-06,0.00221695,8.52673e-06,0.000199432,2.72451e-05,3.29788e-05,0.0,0.0,0.0,0.00109467,7.69241e-05,0.00176443,0.00423635,0.0,0.0,2.86718e-06,3.28876e-05,3.83422e-07,0.0296054,0.00817943,0.0,0.0,0.0,0.00275286,2.31226e-05,0.0,0.0,0.0,0.000442755,0.000694433,0.000312914,0.0,4.45944e-06,0.0119899,0.00176291,0.000156007,0.022353,7.90365e-06,4.43251e-05,0.00023422,0.0,0.0021435,0.0,5.94028e-05,0.00408469,0.132683,0.00191681,0.0,0.00442711,4.58338e-06,0.00178104,0.000249904,0.000377599,0.00123288,0.00213072,4.01701e-05,0.00365815,0.0,0.000389705,0.000126868,0.00247156,0.000213594,2.46347e-05,0.000390753,0.000312607,0.00171518,0.000282196,6.3094e-05,0.0,0.0,3.18844e-06,0.000283492,0.0,0.000302638,4.34294e-05,0.00203556,6.03889e-06,0.0,1.20346e-05,0.0
0.000687169,9.16824e-05,0.000108383,0.0114165,0.0,0.000304586,0.0,9.0067e-05,0.0001606,0.000131312,0.000115287,6.26696e-05,4.39373e-05,0.00219301,8.56756e-06,9.65867e-05,1.02491e-05,0.00313845,7.97946e-06,0.0,0.000200558,0.000364432,1.06977e-05,0.00123023,0.00138767,0.248711,0.00144896,0.0,0.00278005,0.00234431,2.57477e-05,0.000619843,0.00314088,6.70558e-05,4.36328e-06,0.00221626,8.52673e-06,0.000201271,3.00087e-05,3.35842e-05,0.0,0.0,0.0,0.00109437,7.6628e-05,0.00176464,0.00423636,0.0,0.0,2.86718e-06,3.27264e-05,3.83422e-07,0.0296056,0.00817922,0.0,0.0,0.0,0.00275189,2.29501e-05,0.0,0.0,0.0,0.00044295,0.000694433,0.000312198,0.0,4.24708e-06,0.01199,0.00176004,0.000156417,0.022353,7.6022e-06,4.46027e-05,0.000233754,0.0,0.00214312,0.0,5.94028e-05,0.00408505,0.132685,0.00191703,0.0,0.00442545,4.58338e-06,0.00178173,0.000249904,0.000377372,0.00123265,0.00212814,3.99392e-05,0.0036551,0.0,0.000390283,0.000126356,0.00247185,0.000212977,2.46347e-05,0.00039228,0.000312626,0.00172226,0.000284333,6.51496e-05,0.0,0.0,2.61167e-06,0.000285631,0.0,0.000301436,4.3136e-05,0.00203168,5.17322e-06,0.0,1.20635e-05,0.0
0.000688687,9.19236e-05,0.000108676,0.0114105,0.0,0.000304332,0.0,9.0067e-05,0.000159765,0.000131016,0.000114982,6.2095e-05,4.36974e-05,0.0021924,8.56756e-06,9.68943e-05,9.94768e-06,0.00313866,7.67256e-06,0.0,0.000200855,0.000363046,1.10034e-05,0.00123183,0.00138814,0.248712,0.00144593,0.0,0.00278344,0.0023493,2.57734e-05,0.000620551,0.00314057,6.64413e-05,4.36328e-06,0.00221662,8.78512e-06,0.000201873,2.75519e-05,3.35842e-05,0.0,0.0,0.0,0.00109377,7.72226e-05,0.00176485,0.00423596,0.0,0.0,2.86718e-06,3.27264e-05,3.83422e-07,0.0296041,0.00818074,0.0,0.0,0.0,0.00275215,2.29501e-05,0.0,0.0,0.0,0.00044295,0.000694617,0.000312677,0.0,4.24708e-06,0.01199,0.0017604,0.000156201,0.022352,7.75175e-06,4.45954e-05,0.000234454,0.0,0.0021437,0.0,5.94028e-05,0.00408213,0.132681,0.00191703,0.0,0.00442566,4.81255e-06,0.00178154,0.000249904,0.000377369,0.0012338,0.00212785,4.04194e-05,0.003656,0.0,0.000388114,0.000126361,0.00247233,0.000213288,2.46347e-05,0.00039287,0.000308326,0.00171277,0.00028311,6.36745e-05,0.0,0.0,3.18928e-06,0.000284103,0.0,0.000303539,4.3136e-05,0.0020369,5.46239e-06,0.0,1.20635e-05,0.0
0.000686718,9.16824e-05,0.000107235,0.011414,0.0,0.000305091,0.0,9.0346e-05,0.000160441,0.000131313,0.00011314,6.2094e-05,4.42371e-05,0.00219301,8.56756e-06,9.62791e-05,1.02491e-05,0.00313908,7.97946e-06,0.0,0.000200299,0.000364162,1.06977e-05,0.00123048,0.00138687,0.248711,0.00144648,0.0,0.00278101,0.00234929,2.5151e-05,0.000620002,0.00313967,6.67482e-05,4.07234e-06,0.00221628,8.52673e-06,0.000199424,2.81646e-05,3.29788e-05,0.0,0.0,0.0,0.00109407,7.72309e-05,0.00176465,0.00423655,0.0,0.0,2.86718e-06,3.27264e-05,3.83422e-07,0.0296062,0.00817886,0.0,0.0,0.0,0.00275242,2.31226e-05,0.0,0.0,0.0,0.000442755,0.000694627,0.000311959,0.0,4.45944e-06,0.0119895,0.00176134,0.000156203,0.0223524,7.6022e-06,4.41949e-05,0.000233989,0.0,0.00214311,0.0,5.96112e-05,0.00408403,0.132686,0.00191681,0.0,0.00442639,4.58338e-06,0.00178102,0.000250376,0.000377136,0.00123219,0.00212854,3.99392e-05,0.00365366,0.0,0.000390251,0.000126348,0.00247076,0.00021298,2.46347e-05,0.000389555,0.000314139,0.00171953,0.000283416,6.3981e-05,0.0,0.0,2.89664e-06,0.00028441,0.0,0.000302042,4.34294e-05,0.0020323,6.03291e-06,0.0,1.17692e-05,0.0
0.000686592,9.16824e-05,0.000108672,0.011412,0.0,0.000304332,0.0,9.0067e-05,0.000159775,0.000131016,0.0001159,6.23833e-05,4.42582e-05,0.00219424,8.56756e-06,9.65867e-05,9.94768e-06,0.0031372,7.97946e-06,0.0,0.000200606,0.000363615,1.06977e-05,0.00123156,0.00138767,0.248716,0.00144867,0.0,0.0027817,0.00234404,2.63761e-05,0.00062055,0.00314365,6.67483e-05,4.94429e-06,0.00221781,8.78512e-06,0.00020035,2.97013e-05,3.38867e-05,0.0,0.0,0.0,0.00109437,7.72226e-05,0.00176464,0.00423596,0.0,0.0,2.86718e-06,3.27264e-05,3.83422e-07,0.0296056,0.00817959,0.0,0.0,0.0,0.00275141,2.29501e-05,0.0,0.0,0.0,0.000443144,0.000694617,0.000312677,0.0,4.24708e-06,0.0119904,0.00176303,0.000156201,0.0223537,7.60693e-06,4.44701e-05,0.000234218,0.0,0.0021435,0.0,5.94028e-05,0.0040833,0.132682,0.0019166,0.0,0.00442984,4.58338e-06,0.00178129,0.000249904,0.000377599,0.00123333,0.00212825,4.01701e-05,0.00365273,0.0,0.0003892,0.000126878,0.00247182,0.000213592,2.46347e-05,0.00039375,0.00031022,0.00171914,0.000283109,6.42636e-05,0.0,0.0,2.61089e-06,0.000285323,0.0,0.000302336,4.3136e-05,0.00203763,4.88319e-06,0.0,1.23288e-05,0.0
0.000686069,9.19236e-05,0.0001084,0.0114196,0.0,0.000304586,0.0,9.0346e-05,0.000159561,0.000131012,0.000114364,6.23823e-05,4.30885e-05,0.00219331,8.56756e-06,9.62791e-05,1.02491e-05,0.00313697,7.67256e-06,0.0,0.000200876,0.00036222,1.10034e-05,0.00123102,0.00138713,0.248715,0.00144648,0.0,0.00278163,0.00235162,2.51512e-05,0.000619226,0.00313994,6.61334e-05,4.07234e-06,0.0022157,8.52673e-06,0.000201568,2.78605e-05,3.35842e-05,0.0,0.0,0.0,0.00109437,7.75204e-05,0.00176423,0.00423675,0.0,0.0,2.86718e-06,3.28876e-05,2.55615e-07,0.0296045,0.00817936,0.0,0.0,0.0,0.00275308,2.31226e-05,0.0,0.0,0.0,0.000442755,0.000694433,0.000311964,0.0,4.24708e-06,0.0119897,0.00175946,0.000156031,0.0223524,7.75175e-06,4.43251e-05,0.000233989,0.0,0.00214331,0.0,5.94028e-05,0.00408531,0.132684,0.00191702,0.0,0.00442449,4.58338e-06,0.00178083,0.000249904,0.000377372,0.00123288,0.00212911,4.01885e-05,0.00365574,0.0,0.000388911,0.00012584,0.00246995,0.000212674,2.43344e-05,0.000392526,0.000313749,0.00172196,0.000282808,6.51378e-05,0.0,0.0,2.89664e-06,0.000284719,0.0,0.000302341,4.34294e-05,0.00203531,5.17322e-06,0.0,1.17692e-05,0.0
0.000688718,9.16824e-05,0.000108095,0.0114127,0.0,0.000304589,0.0,9.0067e-05,0.00016083,0.000131313,0.000114982,6.2095e-05,4.42342e-05,0.00219056,8.56756e-06,9.65867e-05,9.94768e-06,0.00314135,7.97946e-06,0.0,0.000200562,0.000365274,1.06977e-05,0.00123049,0.00138792,0.248706,0.00144647,0.0,0.00278365,0.00234634,2.60716e-05,0.000620799,0.0031412,6.70559e-05,4.36328e-06,0.00221627,8.78512e-06,0.000200964,2.84692e-05,3.29788e-05,0.0,0.0,0.0,0.00109437,7.693e-05,0.00176506,0.00423596,0.0,0.0,2.86718e-06,3.27264e-05,3.83422e-07,0.0296047,0.00817982,0.0,0.0,0.0,0.00275284,2.29501e-05,0.0,0.0,0.0,0.00044295,0.000694433,0.000313156,0.0,4.45944e-06,0.0119904,0.00176204,0.000156398,0.0223526,7.6022e-06,4.44652e-05,0.000233985,0.0,0.0021437,0.0,5.94028e-05,0.00408358,0.132682,0.00191681,0.0,0.0044273,4.81255e-06,0.00178127,0.000249904,0.000377369,0.0012331,0.00212652,4.04011e-05,0.00365429,0.0,0.000389432,0.000127125,0.00247053,0.000213288,2.46347e-05,0.000390769,0.000312934,0.00171092,0.000283417,6.36867e-05,0.0,0.0,3.18844e-06,0.000284408,0.0,0.000302638,4.3136e-05,0.00203594,6.03396e-06,0.0,1.20635e-05,0.0
0.000686075,9.16824e-05,0.00010781,0.0114121,0.0,0.000304839,0.0,9.0067e-05,0.000159781,0.000131016,0.00011437,6.26696e-05,4.3698e-05,0.00219362,8.56756e-06,9.65867e-05,1.02491e-05,0.00313783,7.97946e-06,0.0,0.000200599,0.000363604,1.06977e-05,0.00123127,0.00138794,0.248714,0.00144815,0.0,0.00278083,0.00234728,2.5758e-05,0.000619565,0.00314057,6.64406e-05,4.07234e-06,0.00221634,8.52673e-06,0.000200965,2.90876e-05,3.35842e-05,0.0,0.0,0.0,0.00109437,7.72226e-05,0.00176444,0.00423596,0.0,0.0,2.86718e-06,3.27264e-05,3.83422e-07,0.0296056,0.00817997,0.0,0.0,0.0,0.00275263,2.29501e-05,0.0,0.0,0.0,0.000442755,0.000694811,0.0003122,0.0,4.24708e-06,0.0119893,0.00176189,0.000156201,0.0223537,7.90365e-06,4.45856e-05,0.00023422,0.0,0.0021435,0.0,5.94028e-05,0.00408332,0.132685,0.0019166,0.0,0.00442551,4.58338e-06,0.00178175,0.00025014,0.000377136,0.00123334,0.00212748,4.01885e-05,0.00365362,0.0,0.00039054,0.000126356,0.00247079,0.000213286,2.46347e-05,0.000392562,0.000312927,0.0017201,0.000283718,6.45461e-05,0.0,0.0,2.90512e-06,0.000284714,0.0,0.00030294,4.34294e-05,0.00203685,5.75156e-06,0.0,1.20635e-05,0.0
0.000688349,9.19236e-05,0.000108673,0.0114129,0.0,0.000304585,0.0,9.0346e-05,0.000159976,0.000131012,0.00011498,6.2095e-05,4.4232e-05,0.00219301,8.56756e-06,9.62791e-05,9.94768e-06,0.00313982,7.97946e-06,0.0,0.000200279,0.000363039,1.10034e-05,0.0012305,0.00138865,0.248713,0.00144947,0.0,0.00278589,0.00234841,2.54658e-05,0.000621112,0.00314088,6.64411e-05,4.65422e-06,0.00221448,8.52673e-06,0.000199733,2.87801e-05,3.32818e-05,0.0,0.0,0.0,0.00109407,7.75235e-05,0.00176485,0.00423675,0.0,0.0,2.86718e-06,3.27264e-05,3.83422e-07,0.0296041,0.00818026,0.0,0.0,0.0,0.0027535,2.31226e-05,0.0,0.0,0.0,0.000443144,0.000694235,0.000312914,0.0,4.24708e-06,0.0119885,0.00175976,0.000156396,0.0223528,7.6022e-06,4.43325e-05,0.000233989,0.0,0.00214311,0.0,5.94028e-05,0.00408366,0.132682,0.00191724,0.0,0.00442864,4.58338e-06,0.00178057,0.000249904,0.000377599,0.00123242,0.00212762,3.99392e-05,0.00365494,0.0,0.000388643,0.000126875,0.00247282,0.000213287,2.49356e-05,0.000390765,0.000309868,0.00172066,0.000282195,6.34073e-05,0.0,0.0,2.89664e-06,0.000285022,0.0,0.000301737,4.3136e-05,0.00203227,5.46239e-06,0.0,1.17692e-05,0.0
0.000686633,9.16824e-05,0.000109279,0.0114121,0.0,0.000304586,0.0,9.0067e-05,0.000160185,0.000131016,0.00011467,6.18077e-05,4.36795e-05,0.00219516,8.56756e-06,9.65867e-05,1.02491e-05,0.00313609,7.67256e-06,0.0,0.000201135,0.00036278,1.06977e-05,0.00123129,0.00138769,0.248708,0.00144593,0.0,0.00278145,0.0023493,2.60607e-05,0.000618938,0.00314148,6.70559e-05,4.07146e-06,0.0022172,8.78512e-06,0.00020126,2.81658e-05,3.32813e-05,0.0,0.0,0.0,0.00109407,7.66315e-05,0.00176485,0.00423596,0.0,0.0,2.86718e-06,3.27264e-05,3.83422e-07,0.0296052,0.00817898,0.0,0.0,0.0,0.00275124,2.29501e-05,0.0,0.0,0.0,0.00044295,0.000694617,0.000312669,0.0,4.45944e-06,0.0119909,0.00176169,0.000156195,0.0223522,7.6022e-06,4.43227e-05,0.00023422,0.0,0.0021435,0.0,5.94028e-05,0.00408458,0.132684,0.00191702,0.0,0.00442568,4.58338e-06,0.00178177,0.00025014,0.000377136,0.00123288,0.00212883,4.01701e-05,0.0036532,0.0,0.000389981,0.000126091,0.00246924,0.00021298,2.46347e-05,0.000391385,0.00031259,0.00171982,0.00028403,6.51252e-05,0.0,0.0,2.30897e-06,0.000284101,0.0,0.00030294,4.28425e-05,0.00203824,5.74972e-06,0.0,1.23288e-05,0.0
0.00237759,4.53591e-05,0.0001495,0.0950721,0.0,3.27539e-06,0.0,2.08094e-05,0.000413784,0.0,4.14531e-05,3.14979e-06,3.35339e-05,5.52014e-06,2.44756e-06,0.0,6.0289e-07,0.0,0.0,0.0,0.000342261,0.000366019,1.16147e-05,0.00113507,0.00327134,0.538693,0.00380006,0.0,0.00221817,0.00137663,0.000268787,6.07227e-05,0.0616016,0.000568322,0.000136704,0.00327393,1.55031e-05,0.00115705,2.38946e-05,0.000110781,0.0,0.0,0.000144056,8.89394e-06,0.000125058,0.00579109,0.00841155,0.0,0.00457217,3.04638e-06,2.74063e-06,0.0,0.0156762,0.00888645,0.0,0.0,0.0,0.0106836,0.0,0.0,0.000135016,0.0,0.00128127,0.0636783,0.00035526,0.00164115,0.0,0.00643769,0.000621707,0.000709954,0.0234973,0.0,0.000136908,6.2228e-05,0.0,0.0,0.0,0.000529782,0.00981623,0.0,0.0,0.000161497,0.006758,0.0,0.00626495,0.0,0.000225687,0.0,0.00258959,0.00344115,0.00388724,2.62648e-07,0.000539426,0.000129446,0.00300301,3.4267e-05,3.44639e-05,0.000157139,0.000274729,0.0013089,0.000143785,1.22569e-05,0.0,0.0,2.85795e-05,0.000209739,0.0,0.000378393,1.93672e-05,0.0017975,9.54901e-06,2.10945e-06,7.65e-06,0.0
0.00238006,4.51114e-05,0.000150361,0.0950708,0.0,3.52627e-06,0.0,2.10906e-05,0.000414358,0.0,4.26815e-05,2.86345e-06,3.26914e-05,5.21367e-06,2.75351e-06,0.0,3.01445e-07,0.0,0.0,0.0,0.000343906,0.000364346,1.1309e-05,0.00113346,0.00327088,0.538695,0.00379982,0.0,0.00222033,0.0013758,0.000271233,6.10162e-05,0.0615964,0.000568322,0.000136703,0.00327211,1.52448e-05,0.00115859,2.29727e-05,0.000110782,0.0,0.0,0.000144056,9.19041e-06,0.000123562,0.00579069,0.00841193,0.0,0.00457177,3.04638e-06,2.74063e-06,0.0,0.0156741,0.00888586,0.0,0.0,0.0,0.0106838,0.0,0.0,0.000134814,0.0,0.00128108,0.0636796,0.00035526,0.00164115,0.0,0.00643727,0.000622382,0.000709787,0.0234965,0.0,0.000136983,6.26951e-05,0.0,0.0,0.0,0.000529558,0.00981705,0.0,0.0,0.000161271,0.00675856,0.0,0.0062661,0.0,0.000225687,0.0,0.00259092,0.00344214,0.00388771,0.0,0.000538571,0.000129182,0.00300776,3.45729e-05,3.44644e-05,0.0001542,0.000273473,0.00131169,0.000144396,1.2552e-05,0.0,0.0,2.79935e-05,0.000210043,0.0,0.0003799,1.93672e-05,0.00179293,8.97986e-06,1.58277e-06,7.35577e-06,0.0
0.0023805,4.53423e-05,0.000150079,0.095069,0.0,3.27539e-06,0.0,2.10906e-05,0.000414158,0.0,4.14526e-05,2.86345e-06,3.32665e-05,4.90658e-06,2.44756e-06,0.0,6.0289e-07,0.0,0.0,0.0,0.000342713,0.000364086,1.1309e-05,0.00113426,0.00326912,0.53869,0.0038047,0.0,0.00221678,0.00137753,0.000269703,6.04404e-05,0.0616003,0.000568322,0.000136704,0.0032718,1.55031e-05,0.00115706,2.51206e-05,0.000110781,0.0,0.0,0.000144361,8.89394e-06,0.000123877,0.00579089,0.00841154,0.0,0.00457198,3.04638e-06,2.74063e-06,0.0,0.0156758,0.00888643,0.0,0.0,0.0,0.0106829,0.0,0.0,0.000135016,0.0,0.00128108,0.0636809,0.000355497,0.00164115,0.0,0.00643834,0.00062188,0.000710148,0.0234962,0.0,0.000136818,6.2228e-05,0.0,0.0,0.0,0.000529564,0.00981642,0.0,0.0,0.000161497,0.00675631,0.0,0.00626419,0.0,0.000225927,0.0,0.00258802,0.00344093,0.00389501,2.62648e-07,0.000536167,0.000129446,0.00300752,3.4267e-05,3.41687e-05,0.000157141,0.000273203,0.00131076,0.000144401,1.25545e-05,0.0,0.0,2.7995e-05,0.000209433,0.0,0.000378397,1.93672e-05,0.00179838,9.83726e-06,1.84542e-06,7.65e-06,0.0
0.00237784,4.53591e-05,0.000151245,0.0950685,0.0,3.27539e-06,0.0,2.08094e-05,0.000413726,0.0,4.23777e-05,2.86345e-06,3.35267e-05,5.52014e-06,2.75351e-06,0.0,6.0289e-07,0.0,0.0,0.0,0.000342269,0.000364347,1.1309e-05,0.00113478,0.00327008,0.538689,0.00380253,0.0,0.0022175,0.00137664,0.000270319,6.07289e-05,0.0616019,0.000568015,0.000136982,0.00327152,1.55031e-05,0.00115675,2.35858e-05,0.000110478,0.0,0.0,0.000144056,8.89394e-06,0.000124462,0.0057911,0.00841174,0.0,0.00457177,2.86718e-06,2.74063e-06,0.0,0.0156745,0.00888703,0.0,0.0,0.0,0.0106841,0.0,0.0,0.000135016,0.0,0.00128127,0.0636804,0.000355504,0.00164095,0.0,0.00643561,0.000622402,0.000709578,0.0234969,0.0,0.000136673,6.2228e-05,0.0,0.0,0.0,0.000529558,0.00981561,0.0,0.0,0.000161497,0.00675824,0.0,0.00626518,0.0,0.000225687,0.0,0.00258982,0.00344287,0.00388594,2.62648e-07,0.000537786,0.000128662,0.00300277,3.45729e-05,3.41635e-05,0.000157144,0.000276187,0.00130956,0.000144091,1.19734e-05,0.0,0.0,2.82877e-05,0.000210349,0.0,0.000380797,1.93672e-05,0.00179748,8.68399e-06,1.8468e-06,7.65e-06,0.0
0.00237846,4.51114e-05,0.00014979,0.095068,0.0,3.52627e-06,0.0,2.10906e-05,0.00041353,0.0,4.20644e-05,2.86345e-06,3.2119e-05,4.90658e-06,2.44756e-06,0.0,6.0289e-07,0.0,0.0,0.0,0.000343077,0.000364886,1.16147e-05,0.00113535,0.00327226,0.538691,0.00380253,0.0,0.00221944,0.00137582,0.000269396,6.101e-05,0.0615936,0.000568322,0.000136425,0.00327213,1.55031e-05,0.00115797,2.42005e-05,0.000111086,0.0,0.0,0.000144056,8.89394e-06,0.000123859,0.00579088,0.00841135,0.0,0.00457178,3.04638e-06,2.74063e-06,0.0,0.0156749,0.00888686,0.0,0.0,0.0,0.0106818,0.0,0.0,0.000134814,0.0,0.00128108,0.0636782,0.000355497,0.00164135,0.0,0.00643962,0.0006217,0.000709779,0.0234965,0.0,0.000135963,6.26951e-05,0.0,0.0,0.0,0.000529782,0.00981629,0.0,0.0,0.000161497,0.00675873,0.0,0.00626656,0.0,0.000225687,0.0,0.00259007,0.00344116,0.00388587,0.0,0.000538828,0.000129187,0.00300518,3.39608e-05,3.44639e-05,0.000155061,0.000273839,0.00131261,0.000144702,1.2552e-05,0.0,0.0,2.77e-05,0.000210043,0.0,0.000379896,1.93672e-05,0.00179293,9.83621e-06,1.58003e-06,7.35577e-06,0.0
0.00238147,4.51114e-05,0.000149788,0.0950782,0.0,3.27539e-06,0.0,2.10906e-05,0.000414784,0.0,4.20697e-05,2.86345e-06,3.46947e-05,5.21367e-06,2.75351e-06,0.0,6.0289e-07,0.0,0.0,0.0,0.000343069,0.000364661,1.1309e-05,0.00113319,0.00326799,0.538687,0.00380118,0.0,0.00221653,0.00137488,0.000270625,6.04467e-05,0.0615998,0.000568322,0.000136425,0.0032733,1.52448e-05,0.00115705,2.32804e-05,0.000110478,0.0,0.0,0.000144056,8.89394e-06,0.000123877,0.00579089,0.00841174,0.0,0.00457217,3.04638e-06,2.74063e-06,0.0,0.0156756,0.00888644,0.0,0.0,0.0,0.0106852,0.0,0.0,0.000135016,0.0,0.00128127,0.06368,0.000355268,0.00164095,0.0,0.00643604,0.000622061,0.00071034,0.0234969,0.0,0.000137327,6.2228e-05,0.0,0.0,0.0,0.000529558,0.00981648,0.0,0.0,0.000161046,0.00675777,0.0,0.00626514,0.0,0.000225687,0.0,0.00258925,0.00344117,0.00388889,2.62648e-07,0.00053749,0.000129444,0.00300601,3.45729e-05,3.41635e-05,0.00015479,0.00027349,0.00130772,0.000144709,1.25512e-05,0.0,0.0,2.82868e-05,0.000209433,0.0,0.000377799,1.90737e-05,0.00180194,9.26318e-06,1.58277e-06,7.65e-06,0.0
0.00237936,4.53591e-05,0.000150363,0.0950652,0.0,3.27539e-06,0.0,2.08094e-05,0.000413726,0.0,4.23721e-05,3.14979e-06,3.23911e-05,5.52014e-06,2.44756e-06,0.0,3.01445e-07,0.0,0.0,0.0,0.000343036,0.000363792,1.1309e-05,0.00113452,0.00327214,0.538689,0.00380224,0.0,0.00221954,0.00137756,0.000271528,6.04363e-05,0.0615952,0.000568015,0.000136703,0.00326971,1.55031e-05,0.00115675,2.41994e-05,0.000110781,0.0,0.0,0.000144056,8.89394e-06,0.000124756,0.00579048,0.00841174,0.0,0.00457158,3.04638e-06,2.74063e-06,0.0,0.0156748,0.00888582,0.0,0.0,0.0,0.0106831,0.0,0.0,0.000134814,0.0,0.00128127,0.0636813,0.00035526,0.00164135,0.0,0.00643813,0.000622211,0.000709384,0.0234958,0.0,0.000136216,6.2228e-05,0.0,0.0,0.0,0.000529564,0.00981684,0.0,0.0,0.000161497,0.00675676,0.0,0.00626545,0.0,0.000225927,0.0,0.00259016,0.00344213,0.00389122,2.62648e-07,0.00053752,0.000129701,0.00300777,3.4267e-05,3.44644e-05,0.000155052,0.000274072,0.00130985,0.000144398,1.25545e-05,0.0,0.0,2.82946e-05,0.000210655,0.0,0.000381099,1.93672e-05,0.0017933,9.2678e-06,2.10945e-06,7.65e-06,0.0
0.00237909,4.51114e-05,0.00015039,0.0950695,0.0,3.52627e-06,0.0,2.10906e-05,0.000414592,0.0,4.176e-05,2.86345e-06,3.29775e-05,4.90658e-06,2.44756e-06,0.0,9.04335e-07,0.0,0.0,0.0,0.00034387,0.000364061,1.16147e-05,0.0011348,0.00327173,0.538693,0.00380308,0.0,0.00221929,0.00137545,0.000270006,6.10203e-05,0.061601,0.000568322,0.000136704,0.00327243,1.55031e-05,0.00115706,2.42001e-05,0.000110781,0.0,0.0,0.000144361,8.89394e-06,0.000124161,0.00579131,0.00841174,0.0,0.00457198,2.86718e-06,2.74063e-06,0.0,0.0156754,0.0088861,0.0,0.0,0.0,0.0106827,0.0,0.0,0.000135016,0.0,0.00128108,0.06368,0.000355742,0.00164095,0.0,0.00643772,0.000622043,0.000709589,0.0234969,0.0,0.000136753,6.26951e-05,0.0,0.0,0.0,0.000529558,0.00981509,0.0,0.0,0.000161497,0.00676017,0.0,0.00626443,0.0,0.000225687,0.0,0.00258987,0.00344043,0.00388367,0.0,0.000539909,0.000128662,0.00300459,3.45729e-05,3.47648e-05,0.000156875,0.000274435,0.00131443,0.000144091,1.28454e-05,0.0,0.0,2.79935e-05,0.000209736,0.0,0.000379297,1.93672e-05,0.00179754,8.97986e-06,1.58277e-06,7.65e-06,0.0
0.00237897,4.51114e-05,0.000150359,0.0950768,0.0,3.27539e-06,0.0,2.08094e-05,0.000413555,0.0,4.29857e-05,2.86345e-06,3.35331e-05,5.21367e-06,2.75351e-06,0.0,3.01445e-07,0.0,0.0,0.0,0.000343054,0.000364088,1.1309e-05,0.00113453,0.00327044,0.538685,0.00380033,0.0,0.00221527,0.00137727,0.000269095,6.04363e-05,0.0615997,0.000568322,0.000136704,0.00327212,1.55031e-05,0.00115796,2.51207e-05,0.000110782,0.0,0.0,0.000143752,8.89394e-06,0.000124476,0.00579089,0.00841174,0.0,0.00457178,3.04638e-06,2.74063e-06,0.0,0.0156749,0.00888779,0.0,0.0,0.0,0.0106824,0.0,0.0,0.000134814,0.0,0.00128127,0.06368,0.00035526,0.00164115,0.0,0.00643677,0.00062155,0.00070996,0.0234969,0.0,0.000137008,6.2228e-05,0.0,0.0,0.0,0.000529341,0.00981628,0.0,0.0,0.000161497,0.00675745,0.0,0.0062659,0.0,0.000225687,0.0,0.00258823,0.00344213,0.00388679,2.62648e-07,0.00053804,0.000129447,0.0030078,3.4267e-05,3.38678e-05,0.000156837,0.000275288,0.00130829,0.000145012,1.22577e-05,0.0,0.0,2.85827e-05,0.000209433,0.0,0.000379598,1.93672e-05,0.00179412,9.54631e-06,1.58277e-06,7.65e-06,0.0
0.00237916,4.53591e-05,0.000150363,0.0950646,0.0,3.52627e-06,0.0,2.10906e-05,0.000413925,0.0,4.14548e-05,2.86345e-06,3.24132e-05,5.52014e-06,2.44756e-06,0.0,6.0289e-07,0.0,0.0,0.0,0.000342497,0.000365446,1.1309e-05,0.001134,0.00327102,0.538693,0.00380195,0.0,0.00222154,0.00137608,0.000269094,6.10153e-05,0.0615973,0.000568322,0.000136703,0.0032718,1.52448e-05,0.00115767,2.35869e-05,0.000110781,0.0,0.0,0.000144361,9.19041e-06,0.000123562,0.00579109,0.00841154,0.0,0.00457197,3.04638e-06,2.74063e-06,0.0,0.0156749,0.0088853,0.0,0.0,0.0,0.0106845,0.0,0.0,0.000135016,0.0,0.00128127,0.0636784,0.000355497,0.00164115,0.0,0.0064372,0.00062203,0.000709574,0.0234965,0.0,0.000137059,6.2228e-05,0.0,0.0,0.0,0.000529782,0.0098173,0.0,0.0,0.000161497,0.00675912,0.0,0.00626559,0.0,0.000225927,0.0,0.00258958,0.00344116,0.00388975,0.0,0.000537749,0.000129433,0.00300199,3.45729e-05,3.44644e-05,0.000155099,0.000273194,0.00130743,0.000143785,1.22577e-05,0.0,0.0,2.77e-05,0.000210043,0.0,0.000378696,1.93672e-05,0.00179989,8.97493e-06,1.84406e-06,7.65e-06,0.0
0.00440777,3.3558e-06,0.000225408,0.0244967,0.0,0.0,0.0,0.0,5.16995e-05,1.53111e-05,0.000103554,2.45721e-05,0.000636306,6.14169e-07,0.0,0.0,1.60009e-05,5.78349e-05,0.0,2.72683e-05,0.000249522,0.000251765,0.0,0.000888793,0.00128592,0.328319,0.00311156,0.0,0.335476,0.000688471,0.0708883,3.75591e-05,0.0382091,0.000452422,0.000999647,0.00865476,0.000236877,0.000894083,9.3726e-05,0.0,0.0,0.0,0.000417863,0.0,6.56788e-05,0.00293635,0.0,0.0,0.00254975,0.000522903,0.000159258,0.0,0.0114803,0.0402864,0.000272289,0.0,0.0,0.0152135,0.00216688,0.0150833,0.0,0.0,0.0,0.164462,0.000626255,0.00290505,0.0,0.0685957,0.000875341,0.0,0.0175057,0.0,9.74599e-06,2.83694e-05,0.0,0.00546058,7.37513e-05,0.000556342,1.26382,0.0047751,0.0,7.60117e-05,0.0356642,0.0,0.000445359,0.000411243,0.00379855,0.0321097,0.0032835,0.0032937,0.00561262,2.62648e-07,0.000631088,0.00066325,0.00308192,0.000206944,0.000101442,7.65653e-05,0.000512735,0.00179468,0.000261738,3.38515e-05,0.0,0.0,3.07154e-05,5.59622e-05,0.0,0.00154256,0.0,0.00126514,0.000124092,3.94883e-05,0.00029483,0.0
0.00439943,3.57952e-06,0.000225729,0.0244949,0.0,0.0,0.0,0.0,5.17282e-05,1.50114e-05,0.000103244,2.42796e-05,0.000631724,9.21254e-07,0.0,0.0,1.53997e-05,5.69481e-05,0.0,2.72683e-05,0.000250287,0.000252324,0.0,0.000889055,0.00128859,0.328324,0.00311263,0.0,0.33547,0.000688755,0.0708985,3.79858e-05,0.0382057,0.00045119,0.000999365,0.00864925,0.000236354,0.000894385,9.49528e-05,0.0,0.0,0.0,0.000418167,0.0,6.50831e-05,0.00293509,0.0,0.0,0.00254975,0.000522903,0.000159258,0.0,0.0114813,0.0402891,0.000272279,0.0,0.0,0.015214,0.00216688,0.0150817,0.0,0.0,0.0,0.164461,0.000626482,0.00290485,0.0,0.0685945,0.000875019,0.0,0.0175047,0.0,1.05226e-05,2.83694e-05,0.0,0.00546096,7.39636e-05,0.00055613,1.26382,0.0047751,0.0,7.60117e-05,0.0356642,0.0,0.000445323,0.000411952,0.00379854,0.0321106,0.0032832,0.00329345,0.00559975,2.62648e-07,0.000632361,0.000662991,0.00308293,0.000206638,0.000100842,7.59972e-05,0.000513933,0.00179472,0.000261127,3.47266e-05,0.0,0.0,3.07154e-05,5.47397e-05,0.0,0.00154376,0.0,0.00126529,0.00012325,4.13391e-05,0.000294533,0.0
0.00440367,3.3558e-06,0.000225996,0.0244971,0.0,0.0,0.0,0.0,5.14703e-05,1.50114e-05,0.000102631,2.45721e-05,0.000636524,9.21254e-07,0.0,0.0,1.54002e-05,5.81373e-05,0.0,2.69819e-05,0.000250018,0.000253415,0.0,0.000889331,0.00128736,0.328325,0.00311377,0.0,0.335471,0.000689348,0.0708862,3.80349e-05,0.0382112,0.00045273,0.00100022,0.00865258,0.000236354,0.000894385,9.25003e-05,0.0,0.0,0.0,0.000417863,0.0,6.5381e-05,0.00293634,0.0,0.0,0.00254975,0.000522544,0.000159421,0.0,0.0114798,0.0402865,0.000272296,0.0,0.0,0.0152134,0.00216688,0.0150835,0.0,0.0,0.0,0.16446,0.000626498,0.00290465,0.0,0.0685924,0.00087303,0.0,0.0175049,0.0,9.85177e-06,2.83694e-05,0.0,0.00546006,7.37513e-05,0.000556553,1.26382,0.0047749,0.0,7.60117e-05,0.0356646,0.0,0.000445822,0.000410772,0.00379855,0.0321101,0.00328564,0.00329369,0.00560775,2.62648e-07,0.000628648,0.000663258,0.00308072,0.000206333,0.000101147,7.65862e-05,0.000514556,0.00179466,0.000262353,3.41408e-05,0.0,0.0,3.07154e-05,5.56557e-05,0.0,0.00154287,0.0,0.00126557,0.00012297,3.94869e-05,0.00029483,0.0
0.00440211,3.57952e-06,0.000226003,0.0244982,0.0,0.0,0.0,0.0,5.16995e-05,1.53111e-05,0.000103551,2.42848e-05,0.00063576,9.21254e-07,0.0,0.0,1.60009e-05,5.72382e-05,0.0,2.69809e-05,0.000249478,0.000252047,0.0,0.000889045,0.00128802,0.328321,0.00311232,0.0,0.335472,0.000687876,0.0708908,3.81979e-05,0.0382088,0.000451499,0.000999089,0.00865018,0.000236619,0.00089408,9.24991e-05,0.0,0.0,0.0,0.000418167,0.0,6.5381e-05,0.00293614,0.0,0.0,0.00254955,0.000523075,0.000159258,0.0,0.0114811,0.0402881,0.00027302,0.0,0.0,0.0152131,0.00216705,0.0150826,0.0,0.0,0.0,0.164461,0.000626012,0.00290505,0.0,0.0685931,0.000875019,0.0,0.0175051,0.0,1.0267e-05,2.86039e-05,0.0,0.00546076,7.39675e-05,0.000555702,1.26382,0.0047751,0.0,7.60117e-05,0.0356646,0.0,0.000445589,0.000411715,0.00379854,0.0321104,0.00328239,0.00329368,0.00560334,2.62648e-07,0.000633185,0.000663513,0.00307761,0.000206638,0.000101141,7.56887e-05,0.000512125,0.00179317,0.000261124,3.44392e-05,0.0,0.0,3.04387e-05,5.62656e-05,0.0,0.00154316,0.0,0.00126449,0.000123528,3.94801e-05,0.000295122,0.0
0.00440491,3.3558e-06,0.000224561,0.0244969,0.0,0.0,0.0,0.0,5.16995e-05,1.50114e-05,0.000103554,2.45669e-05,0.000635679,9.21254e-07,0.0,0.0,1.57011e-05,5.78349e-05,0.0,2.75556e-05,0.000250031,0.000252033,0.0,0.000889048,0.00128545,0.328323,0.00311351,0.0,0.335471,0.000688167,0.0709007,3.75749e-05,0.0382066,0.000452729,0.00100021,0.00864895,0.000236612,0.000894389,9.40324e-05,0.0,0.0,0.0,0.000418167,0.0,6.59803e-05,0.00293571,0.0,0.0,0.00254936,0.000522903,0.000159421,0.0,0.0114807,0.0402881,0.000272058,0.0,0.0,0.015212,0.00216672,0.0150827,0.0,0.0,0.0,0.16446,0.000626489,0.00290485,0.0,0.0685948,0.000873952,0.0,0.0175053,0.0,1.02352e-05,2.83694e-05,0.0,0.00546042,7.41798e-05,0.000556555,1.26382,0.0047751,0.0,7.60117e-05,0.0356638,0.0,0.000445574,0.000411243,0.00379855,0.0321101,0.00328409,0.00329346,0.00560869,2.62648e-07,0.000630757,0.000663254,0.00308139,0.000206333,0.000100846,7.74724e-05,0.000514545,0.00179683,0.000261741,3.41449e-05,0.0,0.0,3.07154e-05,5.53497e-05,0.0,0.00154407,0.0,0.00126596,0.000123817,4.05484e-05,0.000294536,0.0
0.00440083,3.57952e-06,0.00022659,0.0244956,0.0,0.0,0.0,0.0,5.17282e-05,1.47111e-05,0.000102629,2.4573e-05,0.000635677,9.21254e-07,0.0,0.0,1.57011e-05,5.72382e-05,0.0,2.66946e-05,0.000250008,0.000251774,0.0,0.000889574,0.00128753,0.328322,0.00311182,0.0,0.335471,0.000689053,0.0708897,3.87612e-05,0.0382076,0.000451807,0.000999373,0.00865352,0.000236618,0.00089408,9.43376e-05,0.0,0.0,0.0,0.000417863,0.0,6.47822e-05,0.00293613,0.0,0.0,0.00254975,0.000522544,0.000159258,0.0,0.01148,0.0402878,0.000272046,0.0,0.0,0.0152137,0.00216705,0.0150827,0.0,0.0,0.0,0.164461,0.000626729,0.00290485,0.0,0.0685909,0.000875517,0.0,0.0175047,0.0,9.99916e-06,2.83694e-05,0.0,0.00546077,7.37513e-05,0.00055592,1.26382,0.0047751,0.0,7.60117e-05,0.0356646,0.0,0.000444874,0.000411715,0.00379878,0.0321097,0.00328482,0.00329417,0.00560395,2.62648e-07,0.000631877,0.000663762,0.00307841,0.000206638,0.000101142,7.62927e-05,0.000512697,0.00179318,0.000260818,3.38507e-05,0.0,0.0,3.07154e-05,5.53519e-05,0.0,0.00154316,0.0,0.00126773,0.000122963,4.0015e-05,0.00029456,0.0
0.00440341,3.3558e-06,0.000226001,0.0244976,0.0,0.0,0.0,0.0,5.14703e-05,1.53111e-05,0.000103855,2.45721e-05,0.000634596,6.14169e-07,0.0,0.0,1.50988e-05,5.78349e-05,0.0,2.72683e-05,0.000249752,0.000253408,0.0,0.000888544,0.00128869,0.328322,0.00311019,0.0,0.335474,0.000687877,0.0708922,3.7548e-05,0.0382112,0.000451498,0.000999368,0.00864983,0.000236619,0.000894385,9.28063e-05,0.0,0.0,0.0,0.000418472,0.0,6.56819e-05,0.00293551,0.0,0.0,0.00254975,0.000522903,0.000159258,0.0,0.0114805,0.0402872,0.000272769,0.0,0.0,0.0152135,0.00216688,0.015082,0.0,0.0,0.0,0.16446,0.000625776,0.00290505,0.0,0.068595,0.000874061,0.0,0.0175044,0.0,1.01367e-05,2.83694e-05,0.0,0.00546006,7.37513e-05,0.000556335,1.26382,0.0047751,0.0,7.60117e-05,0.0356648,0.0,0.000445102,0.000411479,0.00379831,0.0321111,0.00327925,0.00329297,0.00560194,2.62648e-07,0.000631317,0.000662742,0.00308372,0.000206333,0.000101442,7.7769e-05,0.000514875,0.00179376,0.000261431,3.4435e-05,0.0,0.0,3.07154e-05,5.53497e-05,0.0,0.00154317,0.0,0.00126416,0.000123817,3.94842e-05,0.000295098,0.0
0.00440403,3.57952e-06,0.00022571,0.0244956,0.0,0.0,0.0,0.0,5.16995e-05,1.50114e-05,0.00010263,2.4573e-05,0.00063256,9.21254e-07,0.0,0.0,1.6003e-05,5.72382e-05,0.0,2.69819e-05,0.00025056,0.000251783,0.0,0.000889575,0.00128538,0.328326,0.00311399,0.0,0.335472,0.000688463,0.0708918,3.77696e-05,0.0382069,0.000452422,0.000999652,0.00865321,0.000236612,0.000894388,9.40333e-05,0.0,0.0,0.0,0.000417863,0.0,6.50801e-05,0.00293634,0.0,0.0,0.00254975,0.000522903,0.000159421,0.0,0.0114806,0.0402881,0.000272058,0.0,0.0,0.0152119,0.00216688,0.0150827,0.0,0.0,0.0,0.164461,0.000626488,0.00290505,0.0,0.0685942,0.000874309,0.0,0.0175057,0.0,1.03801e-05,2.83694e-05,0.0,0.00546096,7.39636e-05,0.00055592,1.26382,0.0047749,0.0,7.60117e-05,0.0356646,0.0,0.000446306,0.000411479,0.00379901,0.0321104,0.00328532,0.00329346,0.00560879,2.62648e-07,0.000630757,0.000662987,0.00307759,0.000206638,0.000100846,7.54038e-05,0.000512709,0.00179351,0.000261739,3.47266e-05,0.0,0.0,3.04387e-05,5.59622e-05,0.0,0.00154347,0.0,0.00126626,0.000122968,4.02844e-05,0.000294265,0.0
0.0044061,3.3558e-06,0.000225728,0.0244995,0.0,0.0,0.0,0.0,5.16995e-05,1.50114e-05,0.000103556,2.45669e-05,0.000636798,9.21254e-07,0.0,0.0,1.57006e-05,5.78349e-05,0.0,2.72683e-05,0.000249213,0.000252312,0.0,0.000888272,0.0012883,0.328324,0.00311294,0.0,0.335469,0.000688766,0.0708882,3.82511e-05,0.0382072,0.000451806,0.000999645,0.00864893,0.000236354,0.00089408,9.37264e-05,0.0,0.0,0.0,0.000418167,0.0,6.5381e-05,0.0029355,0.0,0.0,0.00254975,0.000522544,0.000159258,0.0,0.0114811,0.0402879,0.000272521,0.0,0.0,0.0152144,0.00216705,0.0150827,0.0,0.0,0.0,0.16446,0.000626483,0.00290485,0.0,0.0685921,0.000874341,0.0,0.0175049,0.0,1.00236e-05,2.83694e-05,0.0,0.00546078,7.39675e-05,0.00055634,1.26382,0.0047751,0.0,7.60117e-05,0.0356638,0.0,0.000445108,0.000411243,0.00379855,0.0321097,0.00328458,0.00329273,0.00560297,2.62648e-07,0.000631609,0.000663508,0.0030819,0.000206333,0.000101442,7.71826e-05,0.000513946,0.00179557,0.000261127,3.35573e-05,0.0,0.0,3.07154e-05,5.56553e-05,0.0,0.00154346,0.0,0.00126741,0.000124093,4.0543e-05,0.000294536,0.0
0.00439904,3.57952e-06,0.000225428,0.0244966,0.0,0.0,0.0,0.0,5.17282e-05,1.53111e-05,0.000103554,2.42848e-05,0.000633708,9.21254e-07,0.0,0.0,1.53997e-05,5.75406e-05,0.0,2.69809e-05,0.000249463,0.000252581,0.0,0.000889847,0.00128477,0.328317,0.00311184,0.0,0.335475,0.00068935,0.0708937,3.77187e-05,0.0382103,0.000452729,0.000999095,0.00865234,0.000236619,0.000894689,9.40341e-05,0.0,0.0,0.0,0.000418167,0.0,6.56819e-05,0.00293657,0.0,0.0,0.00254975,0.000522903,0.000159421,0.0,0.0114804,0.040287,0.000272063,0.0,0.0,0.0152128,0.00216688,0.0150831,0.0,0.0,0.0,0.164461,0.00062672,0.00290505,0.0,0.0685953,0.000874696,0.0,0.0175049,0.0,1.06553e-05,2.83694e-05,0.0,0.00546023,7.37513e-05,0.000555702,1.26382,0.0047751,0.0,7.62373e-05,0.0356654,0.0,0.000445313,0.000411715,0.00379854,0.0321104,0.00328406,0.00329416,0.00560782,2.62648e-07,0.000631314,0.00066325,0.00308155,0.000206638,0.000100546,7.56909e-05,0.000513033,0.00179348,0.000261738,3.44392e-05,0.0,0.0,3.07154e-05,5.53497e-05,0.0,0.00154286,0.0,0.00126473,0.000122969,4.0279e-05,0.000294828,0.0
0.00801263,0.000118479,0.000287509,0.218788,0.0,0.0,0.0,3.57125e-05,0.0300611,0.0,0.00642854,0.0,4.94373e-05,1.7844e-05,6.19943e-05,0.0,3.00334e-07,0.0,9.20091e-06,0.00671001,0.00663338,1.87635e-06,0.0,0.0387393,0.000635916,0.0157797,0.00615255,0.0,0.00181236,0.000789081,0.000719644,2.53036e-05,0.120697,0.000556635,1.72982e-05,0.0022493,4.5941e-05,0.00158706,0.000217572,0.0,0.0,0.0,0.000271713,2.96947e-05,0.000232255,0.00724674,0.0,0.0,0.0,0.0288423,0.0,0.0,0.0254611,0.00779697,0.000119898,8.78121e-05,0.0,0.120182,0.0,0.00105385,0.0,0.0,0.0,0.135883,0.0023246,0.0,7.62876e-05,0.0867324,0.00189302,0.00171442,0.0176906,3.20175e-06,1.44757e-05,0.0,6.19705e-05,0.0,3.90264e-05,0.00811805,3.20876e-05,0.0,1.276e-05,8.66128e-05,0.00314017,0.0,0.00259673,0.000507664,0.0,1.83843e-05,0.00533912,0.0606447,0.01452,9.2305e-06,0.00123366,0.00373426,0.00454536,1.04347e-05,1.02306e-05,0.00100051,0.00110328,0.00683101,0.000216058,0.000280819,0.0,0.0,0.000169697,9.07399e-07,0.0,0.000478937,0.0,0.00397893,0.000125035,0.00068696,0.000863494,0.0
0.00801324,0.000117821,0.000287511,0.218793,0.0,0.0,0.0,3.54334e-05,0.0300603,0.0,0.00642546,0.0,4.91699e-05,1.75363e-05,6.16873e-05,0.0,3.00334e-07,0.0,9.20091e-06,0.00670946,0.00663283,2.1444e-06,0.0,0.038738,0.000636073,0.015773,0.00614931,0.0,0.00180807,0.000792023,0.000718096,2.45263e-05,0.1207,0.000557865,1.67402e-05,0.00224871,4.5941e-05,0.00158644,0.000218185,0.0,0.0,0.0,0.000271712,2.99912e-05,0.000232856,0.00724635,0.0,0.0,0.0,0.0288424,0.0,0.0,0.0254613,0.00779546,0.000120136,8.78121e-05,0.0,0.120182,0.0,0.00105403,0.0,0.0,0.0,0.135882,0.00232532,0.0,7.62876e-05,0.0867339,0.00189488,0.00171404,0.0176908,3.356e-06,1.43577e-05,0.0,6.21942e-05,0.0,3.8594e-05,0.008118,3.20794e-05,0.0,1.276e-05,8.68383e-05,0.00314145,0.0,0.00259672,0.000507664,0.0,1.83843e-05,0.00533728,0.0606419,0.014519,8.96785e-06,0.00123554,0.0037345,0.00454501,1.01278e-05,9.62882e-06,0.00100202,0.0011045,0.00683434,0.000215141,0.000281691,0.0,0.0,0.00016971,9.07399e-07,0.0,0.000478636,0.0,0.00398547,0.000125616,0.000687227,0.000865737,0.0
0.00801083,0.000118479,0.000287244,0.21879,0.0,0.0,0.0,3.57125e-05,0.0300604,0.0,0.00642976,0.0,4.94467e-05,1.75363e-05,6.19943e-05,0.0,3.00334e-07,0.0,8.89422e-06,0.00670916,0.00663393,1.87635e-06,0.0,0.0387398,0.000636256,0.0157798,0.00615311,0.0,0.00180956,0.000787636,0.000722409,2.51012e-05,0.120699,0.00055725,1.72982e-05,0.00225021,4.5941e-05,0.00158827,0.000218187,0.0,0.0,0.0,0.000271713,2.96947e-05,0.000232556,0.00724634,0.0,0.0,0.0,0.0288418,0.0,0.0,0.0254611,0.00779602,0.000120136,8.75978e-05,0.0,0.120182,0.0,0.00105403,0.0,0.0,0.0,0.135883,0.00232508,0.0,7.62876e-05,0.0867325,0.00189495,0.0017148,0.0176904,3.34893e-06,1.44879e-05,0.0,6.21942e-05,0.0,3.90264e-05,0.00811781,3.22859e-05,0.0,1.254e-05,8.68383e-05,0.00314054,0.0,0.00259649,0.000507664,0.0,1.83843e-05,0.00534078,0.0606447,0.0145216,9.2305e-06,0.00123717,0.00373348,0.00454715,1.01278e-05,9.92972e-06,0.00100082,0.00110267,0.00683162,0.00021606,0.00028141,0.0,0.0,0.000169406,9.07399e-07,0.0,0.000478332,0.0,0.00398035,0.000124746,0.000687501,0.000863754,0.0
0.00800453,0.000118043,0.000287226,0.218787,0.0,0.0,0.0,3.54334e-05,0.0300596,0.0,0.00642485,0.0,4.91583e-05,1.7844e-05,6.16873e-05,0.0,6.00668e-07,0.0,9.20091e-06,0.00671002,0.006632,2.1444e-06,0.0,0.0387393,0.000635944,0.0157745,0.00615175,0.0,0.00181077,0.000790574,0.000719957,2.48136e-05,0.120702,0.00055725,1.67402e-05,0.00225022,4.62051e-05,0.00158736,0.000218493,0.0,0.0,0.0,0.000271409,2.96947e-05,0.000232555,0.00724676,0.0,0.0,0.0,0.0288426,0.0,0.0,0.025459,0.00779623,0.000120136,8.78121e-05,0.0,0.120181,0.0,0.00105385,0.0,0.0,0.0,0.135882,0.00232436,0.0,7.62876e-05,0.0867316,0.00189537,0.00171346,0.0176902,3.20175e-06,1.39644e-05,0.0,6.19705e-05,0.0,3.88102e-05,0.00811717,3.20876e-05,0.0,1.276e-05,8.68383e-05,0.00314214,0.0,0.0025972,0.000507902,0.0,1.83843e-05,0.00533779,0.0606411,0.0145214,8.96785e-06,0.00123473,0.0037345,0.00454719,1.01278e-05,9.92972e-06,0.00100231,0.00110418,0.00683219,0.000215141,0.000281102,0.0,0.0,0.000169113,9.07399e-07,0.0,0.000478339,0.0,0.0039821,0.000125331,0.000685614,0.00086492,0.0
0.0080145,0.000118256,0.000286649,0.218791,0.0,0.0,0.0,3.57125e-05,0.0300581,0.0,0.00642883,0.0,4.94467e-05,1.75363e-05,6.19943e-05,0.0,3.00334e-07,0.0,9.20091e-06,0.00670888,0.0066342,1.87635e-06,0.0,0.0387385,0.000636242,0.0157771,0.00614985,0.0,0.00180973,0.000791119,0.000721209,2.45263e-05,0.1207,0.000558173,1.72982e-05,0.00224777,4.5941e-05,0.00158675,0.000218187,0.0,0.0,0.0,0.000272017,2.99912e-05,0.000232555,0.00724614,0.0,0.0,0.0,0.0288423,0.0,0.0,0.0254626,0.007796,0.000120136,8.78121e-05,0.0,0.120183,0.0,0.00105403,0.0,0.0,0.0,0.135883,0.00232531,0.0,7.62876e-05,0.086733,0.00189325,0.00171347,0.0176915,3.50318e-06,1.47361e-05,0.0,6.21942e-05,0.0,3.8594e-05,0.00811803,3.20794e-05,0.0,1.254e-05,8.68383e-05,0.00314032,0.0,0.00259581,0.000507664,0.0,1.83843e-05,0.00533991,0.0606452,0.0145197,9.2305e-06,0.00123529,0.00373426,0.00454636,1.01278e-05,9.92972e-06,0.00100293,0.00110176,0.00683008,0.000216058,0.000281405,0.0,0.0,0.000169403,6.04932e-07,0.0,0.000478934,0.0,0.00398039,0.000125037,0.000688283,0.0008646,0.0
0.00801212,0.000118259,0.000287799,0.218786,0.0,0.0,0.0,3.54334e-05,0.0300622,0.0,0.0064267,0.0,4.86003e-05,1.75363e-05,6.16873e-05,0.0,3.00334e-07,0.0,8.89422e-06,0.00671002,0.00663256,2.1444e-06,0.0,0.0387379,0.000636102,0.0157776,0.00615231,0.0,0.00181187,0.000790593,0.00071964,2.5011e-05,0.120699,0.000556635,1.70192e-05,0.00225054,4.5941e-05,0.00158766,0.000219411,0.0,0.0,0.0,0.000271409,2.99912e-05,0.000232857,0.00724655,0.0,0.0,0.0,0.0288424,0.0,0.0,0.0254607,0.00779623,0.000119898,8.75978e-05,0.0,0.12018,0.0,0.00105403,0.0,0.0,0.0,0.135882,0.00232414,0.0,7.62876e-05,0.0867341,0.00189627,0.00171442,0.01769,3.20175e-06,1.4225e-05,0.0,6.21942e-05,0.0,3.92388e-05,0.0081163,3.20876e-05,0.0,1.276e-05,8.66128e-05,0.00314127,0.0,0.00259742,0.000507664,0.0,1.83843e-05,0.00533722,0.0606431,0.0145222,8.96245e-06,0.00123607,0.00373401,0.00454528,1.01278e-05,9.62882e-06,0.00100023,0.00110359,0.00683223,0.000216057,0.0002817,0.0,0.0,0.000169697,9.07399e-07,0.0,0.000478929,0.0,0.00398122,0.000125037,0.000686168,0.000866025,0.0
0.00801146,0.000118041,0.000287837,0.218795,0.0,0.0,0.0,3.57125e-05,0.0300591,0.0,0.00642791,0.0,4.97246e-05,1.75363e-05,6.19943e-05,0.0,3.00334e-07,0.0,9.20091e-06,0.00671029,0.00663309,1.87635e-06,0.0,0.0387396,0.000635896,0.0157745,0.00615122,0.0,0.00180779,0.000788817,0.00071812,2.45263e-05,0.120698,0.000557865,1.70192e-05,0.00224871,4.5941e-05,0.00158766,0.000217879,0.0,0.0,0.0,0.000272017,2.96947e-05,0.000232555,0.00724633,0.0,0.0,0.0,0.0288416,0.0,0.0,0.0254601,0.00779603,0.000120136,8.78121e-05,0.0,0.120183,0.0,0.00105385,0.0,0.0,0.0,0.135881,0.0023258,0.0,7.62876e-05,0.0867333,0.00189377,0.00171421,0.0176904,3.34893e-06,1.42347e-05,0.0,6.19705e-05,0.0,3.88102e-05,0.00811781,3.22859e-05,0.0,1.254e-05,8.68383e-05,0.00314208,0.0,0.00259602,0.000507664,0.0,1.83843e-05,0.00533804,0.0606423,0.0145173,8.96785e-06,0.00123528,0.00373374,0.00454718,1.04347e-05,1.02306e-05,0.00100231,0.00110449,0.0068322,0.000215756,0.000280236,0.0,0.0,0.00016882,9.07399e-07,0.0,0.000478938,0.0,0.00398073,0.000125903,0.000688557,0.000864051,0.0
0.00800391,0.000118036,0.000287225,0.218791,0.0,0.0,0.0,3.54334e-05,0.0300578,0.0,0.00642608,0.0,4.91677e-05,1.7844e-05,6.16873e-05,0.0,3.00334e-07,0.0,9.20091e-06,0.00670974,0.00663393,2.1444e-06,0.0,0.038739,0.000636478,0.0157788,0.00615148,0.0,0.00181085,0.000790251,0.000721479,2.51022e-05,0.120702,0.000557558,1.72982e-05,0.00224958,4.62051e-05,0.00158705,0.000219412,0.0,0.0,0.0,0.000271409,2.96947e-05,0.000232254,0.00724634,0.0,0.0,0.0,0.0288428,0.0,0.0,0.0254624,0.00779601,0.000120136,8.78121e-05,0.0,0.120182,0.0,0.00105403,0.0,0.0,0.0,0.135884,0.00232388,0.0,7.62876e-05,0.086732,0.001894,0.00171347,0.0176904,3.20175e-06,1.4483e-05,0.0,6.21942e-05,0.0,3.8594e-05,0.00811846,3.22859e-05,0.0,1.276e-05,8.68383e-05,0.00314124,0.0,0.00259718,0.000507664,0.0,1.83843e-05,0.00533915,0.0606431,0.0145205,9.2305e-06,0.00123584,0.00373399,0.00454688,1.01278e-05,9.62882e-06,0.00100201,0.00110359,0.00683285,0.000215445,0.000281408,0.0,0.0,0.000169699,9.07399e-07,0.0,0.000478333,0.0,0.00398213,0.000125036,0.000687759,0.00086378,0.0
0.00801461,0.000118265,0.000286934,0.218791,0.0,0.0,0.0,3.57125e-05,0.0300595,0.0,0.00642791,0.0,4.94417e-05,1.75363e-05,6.19943e-05,0.0,3.00334e-07,0.0,8.89422e-06,0.00670775,0.00663256,1.87635e-06,0.0,0.0387385,0.000636477,0.0157773,0.00615454,0.0,0.00180813,0.000789727,0.000721774,2.45263e-05,0.120697,0.00055725,1.67402e-05,0.00224906,4.5941e-05,0.00158644,0.000217881,0.0,0.0,0.0,0.000271713,2.96947e-05,0.000232857,0.00724675,0.0,0.0,0.0,0.0288416,0.0,0.0,0.025462,0.00779642,0.000120136,8.75978e-05,0.0,0.120181,0.0,0.00105403,0.0,0.0,0.0,0.135883,0.00232485,0.0,7.62876e-05,0.0867349,0.00189445,0.00171442,0.017691,3.5079e-06,1.39645e-05,0.0,6.21942e-05,0.0,3.90264e-05,0.00811737,3.18811e-05,0.0,1.276e-05,8.68383e-05,0.00314054,0.0,0.00259699,0.000507664,0.0,1.8617e-05,0.00533911,0.060645,0.0145217,8.96785e-06,0.00123554,0.00373425,0.00454586,1.01278e-05,1.02306e-05,0.00100231,0.00110238,0.00683343,0.00021606,0.000281394,0.0,0.0,0.000169123,9.07399e-07,0.0,0.000478338,0.0,0.00398335,0.000125326,0.000687482,0.000866029,0.0
0.00801428,0.000118257,0.00028694,0.218785,0.0,0.0,0.0,3.54334e-05,0.0300628,0.0,0.006427,0.0,4.94456e-05,1.75363e-05,6.16873e-05,0.0,3.00334e-07,0.0,9.20091e-06,0.0067103,0.00663338,2.1444e-06,0.0,0.038739,0.000635889,0.0157739,0.0061498,0.0,0.00180998,0.000791705,0.000717583,2.48086e-05,0.120699,0.000558173,1.72982e-05,0.00224928,4.5941e-05,0.00158766,0.000217879,0.0,0.0,0.0,0.000272017,3.02877e-05,0.000233149,0.00724614,0.0,0.0,0.0,0.0288424,0.0,0.0,0.0254582,0.00779583,0.000120136,8.78121e-05,0.0,0.120182,0.0,0.00105385,0.0,0.0,0.0,0.135882,0.00232626,0.0,7.62876e-05,0.0867332,0.00189536,0.00171384,0.0176906,3.34893e-06,1.43552e-05,0.0,6.19705e-05,0.0,3.8594e-05,0.00811653,3.22859e-05,0.0,1.254e-05,8.68383e-05,0.00314272,0.0,0.00259646,0.000507664,0.0,1.83843e-05,0.00533915,0.0606435,0.0145206,9.2305e-06,0.00123582,0.00373426,0.00454582,1.01278e-05,9.62882e-06,0.00100024,0.00110296,0.00683128,0.000215445,0.000281996,0.0,0.0,0.000168805,9.07399e-07,0.0,0.000478931,0.0,0.00397946,0.000125325,0.000685634,0.000865208,0.0
0.0140563,0.000265816,0.000193967,0.263858,0.0,1.32654e-05,5.37991e-06,0.000288988,0.00305746,9.78964e-05,6.1499e-06,1.74911e-05,0.000580482,2.24008e-05,4.33021e-05,4.30716e-06,0.000301708,9.27441e-05,1.47313e-05,9.48116e-06,0.000421327,0.000156323,7.48841e-05,0.00142849,0.0013981,0.00970599,0.00554261,0.0,0.00068725,0.000375135,0.0032903,4.27603e-05,0.00431873,0.000582175,0.000973033,0.00199613,0.0,0.00218957,9.89873e-05,0.000511033,0.00109313,0.000877332,0.00175699,0.000496895,0.00253452,0.00132001,0.000201929,0.0,0.0,0.0,0.000446502,0.00471157,0.0273918,0.00181443,4.0923e-05,3.25722e-05,0.0190468,0.0250499,0.00221809,0.00270246,0.0,0.0,0.00340092,0.00741878,0.0,5.21011e-06,0.0,0.000781551,0.00408918,0.000364223,0.00240111,0.0,2.72735e-07,0.0,0.00874051,0.0106138,1.30868e-05,0.00133233,0.227557,0.0245008,0.00161646,0.00344036,0.0741406,0.00785269,0.0186518,0.00128215,0.00542092,0.00278902,0.0026556,0.000339508,0.0120341,0.0,0.000753594,0.0313098,0.0125403,0.000426123,2.40239e-05,0.00846,0.000109744,0.000204066,1.31943e-05,3.0224e-05,0.0,0.0,6.6084e-05,0.00313503,0.0,0.0018498,0.000325958,0.0004862,0.0,1.05487e-05,5.14953e-05,0.0
0.0140567,0.000266275,0.000193365,0.263855,0.0,1.32635e-05,5.37991e-06,0.000288416,0.00306003,9.81995e-05,5.53532e-06,1.77784e-05,0.000580165,2.33212e-05,4.33064e-05,4.61482e-06,0.000301114,9.33309e-05,1.47313e-05,9.48116e-06,0.000420224,0.000156045,7.51897e-05,0.00142775,0.00139796,0.00970442,0.00554816,0.0,0.0006884,0.000374838,0.00328482,4.29726e-05,0.00431505,0.000582483,0.000972458,0.0019943,0.0,0.00219385,9.9292e-05,0.00051043,0.00109194,0.000877926,0.00175517,0.000496892,0.00253568,0.0013198,0.00020153,0.0,0.0,0.0,0.000446341,0.00471178,0.0273913,0.00181439,4.0923e-05,3.25722e-05,0.0190464,0.0250504,0.00221743,0.00270352,0.0,0.0,0.0034013,0.00742088,0.0,5.21011e-06,0.0,0.000781561,0.00408872,0.000364223,0.00240153,1.44796e-07,1.37581e-07,0.0,0.00874073,0.0106142,1.30868e-05,0.00133253,0.227572,0.0245012,0.00161689,0.0034408,0.0741414,0.00785389,0.0186489,0.00128263,0.00542116,0.00278901,0.00265781,0.000339516,0.0120326,0.0,0.000754377,0.0313093,0.0125395,0.000426426,2.40298e-05,0.00846032,0.000111863,0.000202251,1.2885e-05,3.07948e-05,0.0,0.0,6.57808e-05,0.0031335,0.0,0.0018504,0.000325945,0.000484948,0.0,1.02708e-05,5.12276e-05,0.0
0.0140571,0.000266487,0.000192484,0.263854,0.0,1.34854e-05,5.37991e-06,0.000289828,0.00305805,9.81983e-05,6.76453e-06,1.77775e-05,0.000581912,2.3014e-05,4.36084e-05,4.30716e-06,0.000301106,9.27413e-05,1.47313e-05,9.48116e-06,0.000421315,0.000156597,7.48841e-05,0.00142903,0.00139812,0.0097063,0.00554313,0.0,0.000686921,0.000376603,0.00328849,4.30064e-05,0.00431628,0.000582791,0.000973603,0.00199615,0.0,0.00219049,9.99065e-05,0.000511033,0.00109313,0.00087793,0.0017576,0.000496297,0.00253481,0.00131979,0.000201338,0.0,0.0,0.0,0.000446656,0.00470978,0.0273908,0.0018148,4.0923e-05,3.25722e-05,0.0190475,0.0250515,0.00221692,0.00270299,0.0,0.0,0.0034013,0.00741788,0.0,5.21011e-06,0.0,0.000781549,0.00408855,0.000364415,0.00240154,1.44796e-07,2.65389e-07,0.0,0.00873937,0.0106148,1.30868e-05,0.00133232,0.227551,0.0245013,0.00161689,0.00344079,0.0741374,0.00785362,0.0186524,0.0012831,0.00542092,0.00278902,0.00265782,0.000339508,0.0120363,0.0,0.000753593,0.0313106,0.0125426,0.000426425,2.40298e-05,0.00845857,0.000110663,0.000203466,1.25804e-05,3.10851e-05,0.0,0.0,6.63761e-05,0.00313411,0.0,0.0018495,0.000325958,0.000486528,0.0,1.02708e-05,5.03408e-05,0.0
0.0140596,0.000266036,0.000193668,0.263858,0.0,1.34854e-05,5.37991e-06,0.000288702,0.00306051,9.7898e-05,6.1499e-06,1.74911e-05,0.00058192,2.30148e-05,4.36075e-05,4.30716e-06,0.000299917,9.30284e-05,1.47313e-05,9.48116e-06,0.000421043,0.000156868,7.51897e-05,0.00142849,0.00139812,0.00970338,0.00554451,0.0,0.000689259,0.000374247,0.00328514,4.29726e-05,0.00431567,0.000582176,0.000972747,0.00199431,0.0,0.00219446,9.92929e-05,0.000510428,0.00109283,0.000878228,0.00175425,0.000497494,0.00253509,0.00132001,0.000201534,0.0,0.0,0.0,0.000446345,0.004712,0.027391,0.0018144,4.0923e-05,3.25722e-05,0.0190466,0.0250495,0.00221607,0.00270193,0.0,0.0,0.00340092,0.00742037,0.0,5.21011e-06,0.0,0.000781799,0.00408905,0.0003644,0.00240132,0.0,2.70297e-07,0.0,0.00873959,0.0106147,1.33049e-05,0.00133232,0.227565,0.0244993,0.00161688,0.00344064,0.0741419,0.00785276,0.0186528,0.00128215,0.00541953,0.00278994,0.00265708,0.000339268,0.0120293,0.0,0.00075359,0.0313096,0.0125385,0.000426431,2.40239e-05,0.00845913,0.000113075,0.000204065,1.31934e-05,3.13837e-05,0.0,0.0,6.57814e-05,0.00313166,0.0,0.00184951,0.000325944,0.000485571,0.0,1.02708e-05,5.0123e-05,0.0
0.0140517,0.000265586,0.000193952,0.263852,0.0,1.30435e-05,5.62445e-06,0.000288421,0.00305921,9.81983e-05,5.53532e-06,1.74911e-05,0.000581322,2.30145e-05,4.33064e-05,4.61482e-06,0.000302009,9.30284e-05,1.47313e-05,9.48116e-06,0.000420497,0.000155773,7.48841e-05,0.00142799,0.00139829,0.00970531,0.00554545,0.0,0.000687777,0.000374542,0.00328969,4.29726e-05,0.00431505,0.000582483,0.000972734,0.0019934,0.0,0.00219171,9.95994e-05,0.000510731,0.00109224,0.000877928,0.00175699,0.000496593,0.00253421,0.00131959,0.000201137,0.0,0.0,0.0,0.000446175,0.00471157,0.0273915,0.00181442,4.11739e-05,3.25722e-05,0.019047,0.0250509,0.00221841,0.00270245,0.0,0.0,0.00340092,0.00742064,0.0,5.4105e-06,0.0,0.000781799,0.00408901,0.000364046,0.00240132,1.44796e-07,1.37581e-07,0.0,0.00873983,0.0106134,1.30868e-05,0.00133211,0.227564,0.0245019,0.00161775,0.00343992,0.0741381,0.00785504,0.0186515,0.00128215,0.00542044,0.00278855,0.00265804,0.000339524,0.0120351,0.0,0.000753605,0.0313103,0.0125408,0.000425815,2.37295e-05,0.00845853,0.000110656,0.000203753,1.2885e-05,3.10878e-05,0.0,0.0,6.54866e-05,0.00313472,0.0,0.0018492,0.000325665,0.000483831,0.0,1.02708e-05,5.12231e-05,0.0
0.0140555,0.000266691,0.000192481,0.263849,0.0,1.34854e-05,5.37991e-06,0.000288701,0.00306051,9.75961e-05,6.1499e-06,1.74911e-05,0.000581937,2.27066e-05,4.33064e-05,4.30716e-06,0.00030021,9.30323e-05,1.47313e-05,9.48116e-06,0.000420791,0.000156324,7.51897e-05,0.00142845,0.00139851,0.00970643,0.00554311,0.0,0.000687367,0.000376007,0.00328574,4.27603e-05,0.00431811,0.000581868,0.000973032,0.00199491,0.0,0.00219263,0.000100213,0.000510731,0.00109283,0.000877332,0.00175577,0.000496296,0.00253509,0.0013196,0.000202123,0.0,0.0,0.0,0.000446827,0.00471172,0.0273908,0.00181478,4.06921e-05,3.27865e-05,0.0190471,0.0250515,0.00221742,0.00270354,0.0,0.0,0.00340092,0.00741969,0.0,5.21011e-06,0.0,0.000781802,0.0040887,0.0003644,0.00240154,0.0,1.37581e-07,0.0,0.00873891,0.0106144,1.30868e-05,0.0013321,0.227557,0.0245021,0.00161625,0.0034419,0.0741436,0.00785411,0.0186513,0.0012831,0.00542141,0.00278971,0.00265495,0.000339268,0.0120361,0.0,0.000753851,0.0313101,0.0125385,0.000426433,2.40298e-05,0.00845947,0.000111869,0.000203159,1.28872e-05,3.13722e-05,0.0,0.0,6.66741e-05,0.00313411,0.0,0.00185039,0.000325954,0.000486783,0.0,1.02708e-05,5.11942e-05,0.0
0.0140622,0.000265353,0.000193366,0.263865,0.0,1.34854e-05,5.37991e-06,0.000289546,0.00305757,9.81983e-05,6.45762e-06,1.77775e-05,0.000580735,2.30145e-05,4.36041e-05,4.61482e-06,0.000300514,9.36182e-05,1.47313e-05,9.48116e-06,0.000420205,0.000156318,7.48841e-05,0.00142801,0.00139756,0.00970558,0.00554762,0.0,0.000689363,0.000376033,0.00328973,4.29726e-05,0.00431445,0.000582482,0.000972748,0.00199643,0.0,0.00219293,9.92928e-05,0.000510427,0.00109254,0.000878826,0.00175638,0.000496596,0.00253481,0.0013198,0.000201532,0.0,0.0,0.0,0.000446652,0.00471069,0.0273924,0.00181499,4.06921e-05,3.25722e-05,0.0190464,0.0250499,0.00221659,0.00270209,0.0,0.0,0.00340148,0.00741945,0.0,5.21011e-06,0.0,0.000781308,0.00408855,0.000364046,0.00240068,1.44796e-07,1.37581e-07,0.0,0.00874027,0.0106143,1.30868e-05,0.00133277,0.227567,0.0244999,0.00161688,0.00343969,0.0741388,0.0078546,0.0186507,0.00128239,0.00542068,0.00278902,0.00265595,0.000339508,0.0120333,0.0,0.000754132,0.0313101,0.0125414,0.000426121,2.37289e-05,0.00846244,0.000110352,0.00020346,1.25804e-05,3.05193e-05,0.0,0.0,6.63652e-05,0.00313258,0.0,0.00185012,0.000325949,0.00048561,0.0,1.05487e-05,5.14864e-05,0.0
0.0140582,0.000266038,0.000193671,0.263859,0.0,1.32654e-05,5.37991e-06,0.000288987,0.00305965,9.7898e-05,5.84222e-06,1.74911e-05,0.000581919,2.27075e-05,4.33126e-05,4.30716e-06,0.000301405,9.30284e-05,1.47313e-05,9.48116e-06,0.000421059,0.000156873,7.51897e-05,0.00142877,0.00139821,0.00970561,0.00554124,0.0,0.000687344,0.000375116,0.00328385,4.26853e-05,0.0043178,0.000582484,0.000973602,0.0019919,0.0,0.00219048,9.89847e-05,0.000510732,0.00109224,0.00087763,0.00175577,0.00049749,0.00253569,0.00132,0.000201135,0.0,0.0,0.0,0.000446663,0.00471169,0.0273904,0.00181386,4.0923e-05,3.25722e-05,0.0190471,0.0250508,0.0022181,0.0027021,0.0,0.0,0.00340092,0.00741992,0.0,5.21011e-06,0.0,0.000781799,0.00408871,0.0003644,0.00240133,0.0,4.07878e-07,0.0,0.00873937,0.0106138,1.33049e-05,0.00133253,0.227555,0.0245032,0.00161689,0.00344079,0.0741385,0.00785292,0.0186517,0.00128287,0.00541928,0.00278947,0.00265811,0.000339516,0.0120312,0.0,0.000754644,0.0313098,0.01254,0.000426121,2.43248e-05,0.00845761,0.000111866,0.000202862,1.31912e-05,3.13819e-05,0.0,0.0,6.66688e-05,0.00313472,0.0,0.0018495,0.000325662,0.000484696,0.0,1.05475e-05,4.98217e-05,0.0
0.0140524,0.000266723,0.000193071,0.263856,0.0,1.32635e-05,5.37991e-06,0.000288135,0.00306072,9.7898e-05,6.1499e-06,1.74911e-05,0.000581334,2.30145e-05,4.33064e-05,4.30716e-06,0.000301995,9.30465e-05,1.47313e-05,9.48116e-06,0.000421291,0.000156318,7.51897e-05,0.00142797,0.00139842,0.00970515,0.00554561,0.0,0.000688751,0.000374838,0.00329156,4.27603e-05,0.00431597,0.000582176,0.000973034,0.00199733,0.0,0.00219294,0.00010052,0.000510731,0.00109254,0.000877629,0.00175699,0.000495997,0.00253391,0.0013198,0.000201734,0.0,0.0,0.0,0.00044618,0.00471083,0.0273916,0.00181461,4.0923e-05,3.25722e-05,0.0190471,0.0250506,0.00221623,0.00270335,0.0,0.0,0.0034013,0.00742036,0.0,5.21011e-06,0.0,0.000782273,0.00408907,0.000364238,0.00240153,1.44796e-07,1.37581e-07,0.0,0.00873981,0.0106138,1.30868e-05,0.00133168,0.227566,0.0244994,0.00161625,0.00344124,0.0741405,0.00785296,0.018651,0.00128239,0.00542116,0.00278902,0.00265544,0.000339508,0.0120345,0.0,0.000753582,0.0313091,0.0125407,0.000426426,2.37289e-05,0.00845854,0.000111266,0.000202854,1.25803e-05,3.10939e-05,0.0,0.0,6.54964e-05,0.00313319,0.0,0.00184951,0.000326246,0.00048556,0.0,1.02708e-05,5.12536e-05,0.0
0.0140575,0.000265577,0.000193365,0.263851,0.0,1.34854e-05,5.62445e-06,0.000289267,0.00305836,9.78964e-05,5.8424e-06,1.77775e-05,0.00058221,2.30142e-05,4.33021e-05,4.61482e-06,0.000301117,9.30284e-05,1.47313e-05,9.48116e-06,0.000421353,0.000156047,7.48841e-05,0.00142851,0.00139742,0.00970525,0.00554377,0.0,0.000687874,0.000376306,0.00328571,4.29726e-05,0.00431506,0.000582175,0.000973027,0.00199462,0.0,0.00219233,9.89853e-05,0.000510731,0.00109194,0.000878529,0.00175455,0.000497194,0.00253539,0.00132001,0.000201728,0.0,0.0,0.0,0.000446497,0.00471242,0.0273906,0.00181478,4.0923e-05,3.25722e-05,0.0190462,0.0250502,0.00221776,0.00270263,0.0,0.0,0.00340072,0.00741802,0.0,5.21011e-06,0.0,0.000781315,0.00408833,0.000364223,0.0024009,1.44796e-07,1.37581e-07,0.0,0.00874006,0.0106147,1.30868e-05,0.00133296,0.227551,0.0245033,0.00161689,0.00343969,0.0741421,0.00785365,0.018652,0.00128239,0.00542138,0.00278878,0.00265826,0.000339516,0.0120316,0.0,0.0007544,0.0313101,0.0125392,0.000426732,2.40298e-05,0.00846096,0.000112168,0.000203767,1.25777e-05,2.96403e-05,0.0,0.0,6.66602e-05,0.0031335,0.0,0.00185039,0.00032624,0.000486263,0.0,1.02708e-05,5.06318e-05,0.0
0.00852315,0.034265,3.26119e-06,0.240743,0.0,0.0,0.00243899,0.000334285,0.00312228,7.3015e-05,0.00134514,7.31778e-05,0.000419517,1.31893e-05,0.0,2.46124e-06,0.000200382,2.73865e-05,7.05526e-06,5.63485e-07,0.000287704,0.000117704,2.2279e-05,0.00171503,0.000118996,0.111479,0.00198007,0.0,2.75918e-05,0.00103884,0.00645683,0.00523387,0.00349965,0.00874832,0.0,0.00162546,3.71301e-05,0.000168299,3.03903e-05,3.99412e-05,0.0,0.000555519,0.000132372,1.38154e-05,0.00331336,0.000254272,9.60764e-05,1.26517e-06,0.0,0.0,0.000185501,0.00135152,0.000126445,1.46845e-05,0.0013082,0.00152228,0.0247749,0.0682995,0.000719043,0.00112262,0.0,0.0,0.0,0.000211988,2.14018e-05,1.21802e-05,0.0,0.0,0.00230699,0.00164889,0.0,4.87736e-06,0.0,0.000134376,0.0301562,0.00402159,0.000204241,0.00341991,0.0731767,0.0114502,0.000644994,0.00823281,0.0238158,0.00298396,0.00847777,0.000284498,0.00215989,0.000961724,0.0121494,0.000354283,0.0221993,0.0,0.0011409,0.00342579,0.00310599,0.00389068,0.00049779,0.0527434,0.000330024,0.000147384,1.35137e-05,0.000215382,0.0,0.0,0.000177457,0.000878481,0.0,0.000150526,7.23839e-05,0.000428439,2.30672e-05,0.000205901,0.000357691,0.0
0.00852098,0.0342605,2.66569e-06,0.240761,0.0,0.0,0.00243998,0.000333158,0.00312199,7.18126e-05,0.00134545,7.31778e-05,0.000419517,1.31887e-05,0.0,2.15358e-06,0.000200981,2.79733e-05,7.36176e-06,0.0,0.000287695,0.000116891,2.16691e-05,0.00171497,0.000118578,0.111481,0.00197979,0.0,2.75918e-05,0.00103683,0.00645405,0.00523574,0.00350027,0.00874771,0.0,0.00163062,3.68719e-05,0.000169815,3.16185e-05,3.99407e-05,0.0,0.000556122,0.000132981,1.41157e-05,0.00331363,0.000254476,9.62727e-05,1.01274e-06,0.0,0.0,0.000185667,0.00135218,0.000126245,1.46845e-05,0.00130771,0.0015208,0.0247747,0.0683005,0.000718695,0.00112333,0.0,0.0,0.0,0.000212558,2.11759e-05,1.21802e-05,0.0,0.0,0.00230856,0.0016489,0.0,4.87736e-06,0.0,0.000134149,0.0301582,0.00402031,0.000204032,0.00342053,0.0731773,0.0114497,0.000644986,0.00823237,0.0238195,0.00298349,0.00847649,0.000284735,0.00216012,0.000961721,0.0121475,0.000354058,0.0221934,0.0,0.00114301,0.00342579,0.00310696,0.00388886,0.000499272,0.0527433,0.000329112,0.000151946,1.38206e-05,0.000214223,0.0,0.0,0.00017894,0.000878788,0.0,0.000149616,7.15087e-05,0.000431136,2.33486e-05,0.000206427,0.000357442,0.0
0.00852075,0.034263,2.37731e-06,0.24074,0.0,0.0,0.00244173,0.000334563,0.00312075,7.27147e-05,0.00134606,7.34651e-05,0.000419801,1.31893e-05,0.0,2.46124e-06,0.000200683,2.76708e-05,7.05506e-06,2.82278e-07,0.000286862,0.000117155,2.22805e-05,0.001714,0.000118343,0.111479,0.00198117,0.0,2.67943e-05,0.00103972,0.00645746,0.00523483,0.00349905,0.0087474,0.0,0.00163154,3.7393e-05,0.000168298,3.16189e-05,3.96388e-05,0.0,0.000556422,0.000132068,1.38154e-05,0.00331306,0.000254687,9.60764e-05,1.51911e-06,0.0,0.0,0.000185503,0.00135135,0.000126445,1.46845e-05,0.00130726,0.00152164,0.0247751,0.0682996,0.000719031,0.00112317,0.0,0.0,0.0,0.000212178,2.16447e-05,1.23867e-05,0.0,0.0,0.00230883,0.0016489,0.0,4.73019e-06,0.0,0.000134376,0.0301568,0.00402415,0.000204231,0.00342054,0.0731698,0.0114521,0.000644129,0.00823222,0.0238174,0.00298373,0.00847806,0.000284259,0.00216036,0.000961724,0.0121479,0.000354038,0.0221986,0.0,0.00114324,0.00342604,0.0031052,0.00389008,0.000497493,0.052741,0.000330323,0.000150395,1.35134e-05,0.00021537,0.0,0.0,0.000176296,0.000877566,0.0,0.000150527,7.20913e-05,0.000428803,2.33445e-05,0.00020589,0.000356854,0.0
0.00852454,0.0342644,2.66569e-06,0.240758,0.0,0.0,0.00243799,0.00033344,0.00312135,7.27147e-05,0.00134484,7.31778e-05,0.000419516,1.3496e-05,0.0,2.46124e-06,0.000200382,2.79733e-05,7.36196e-06,2.82278e-07,0.000287686,0.000117426,2.22787e-05,0.00171373,0.000118576,0.111481,0.00198032,0.0,2.81625e-05,0.00103828,0.00645376,0.00523302,0.00349782,0.00874801,0.0,0.00163028,3.71346e-05,0.0001692,3.06959e-05,3.96373e-05,0.0,0.00055582,0.000132373,1.38154e-05,0.00331306,0.000254474,9.60764e-05,1.01274e-06,0.0,0.0,0.000185181,0.00135248,0.000126245,1.46845e-05,0.00130819,0.00152165,0.0247744,0.0682992,0.000718688,0.00112279,0.0,0.0,0.0,0.000212172,2.06951e-05,1.21802e-05,0.0,0.0,0.00230836,0.00164833,0.0,4.87736e-06,0.0,0.000134149,0.0301564,0.00402065,0.000204469,0.00342118,0.0731817,0.0114506,0.000644779,0.00823342,0.0238184,0.00298372,0.00847667,0.000284498,0.00215989,0.000961494,0.0121468,0.000354052,0.0221979,0.0,0.0011409,0.00342579,0.00310619,0.00389007,0.000498981,0.0527448,0.000329718,0.000148602,1.44321e-05,0.000214214,0.0,0.0,0.000179778,0.000879091,0.0,0.000151125,7.15087e-05,0.000430828,2.27789e-05,0.000205901,0.000356592,0.0
0.00852163,0.0342611,2.97294e-06,0.240735,0.0,0.0,0.00244097,0.000334283,0.00311989,7.21135e-05,0.00134545,7.31778e-05,0.000419525,1.2882e-05,0.0,2.15358e-06,0.000200682,2.76708e-05,7.05506e-06,5.63485e-07,0.000287736,0.000116886,2.2281e-05,0.00171524,0.000118996,0.111482,0.00198117,0.0,2.75341e-05,0.00103651,0.00645804,0.00523553,0.00349904,0.00874832,0.0,0.00162826,3.66107e-05,0.000169213,3.16193e-05,3.96388e-05,0.0,0.000556122,0.000132372,1.38154e-05,0.00331276,0.000254272,9.60764e-05,1.26517e-06,0.0,0.0,0.000185824,0.00135125,0.000126445,1.46845e-05,0.00130774,0.00152206,0.0247759,0.0682989,0.00071852,0.00112351,0.0,0.0,0.0,0.000212176,2.16431e-05,1.21802e-05,0.0,0.0,0.00230612,0.00164909,0.0,5.02927e-06,0.0,0.000134376,0.0301589,0.00402248,0.000204021,0.00341927,0.0731771,0.0114492,0.000644557,0.00823202,0.0238162,0.00298372,0.0084781,0.000284498,0.00216059,0.000961723,0.0121481,0.000354788,0.0221953,0.0,0.00114198,0.00342579,0.00310674,0.00389069,0.000498977,0.0527443,0.000329718,0.000150402,1.35134e-05,0.000215095,0.0,0.0,0.000178074,0.000876951,0.0,0.000149923,7.18021e-05,0.000430587,2.27758e-05,0.000205621,0.000357406,0.0
0.00852266,0.0342607,2.07007e-06,0.240748,0.0,0.0,0.00244048,0.000334004,0.00312243,7.21098e-05,0.00134514,7.31778e-05,0.000419518,1.3496e-05,0.0,2.46124e-06,0.000200683,2.7689e-05,7.05506e-06,2.82278e-07,0.000287124,0.000116888,2.19727e-05,0.00171398,0.000118782,0.111476,0.00197924,0.0,2.75918e-05,0.00103741,0.00645379,0.00523527,0.00349905,0.00874801,0.0,0.00162996,3.73885e-05,0.000169209,3.10039e-05,3.99407e-05,0.0,0.000555218,0.000132372,1.41157e-05,0.00331364,0.000254687,9.60764e-05,1.26517e-06,0.0,0.0,0.000185345,0.00135186,0.000126245,1.46845e-05,0.00130745,0.00152165,0.024775,0.0682999,0.000719703,0.00112298,0.0,0.0,0.0,0.000212362,2.1412e-05,1.23867e-05,0.0,0.0,0.0023084,0.00164853,0.0,4.73019e-06,0.0,0.000134149,0.0301575,0.00402287,0.000204029,0.00342094,0.0731741,0.0114511,0.000644561,0.00823253,0.0238214,0.00298348,0.00847927,0.000284498,0.00216084,0.000961954,0.0121498,0.000354038,0.0221968,0.0,0.00114299,0.00342579,0.00310594,0.00388977,0.000497494,0.0527416,0.000329106,0.000150417,1.35134e-05,0.000215093,0.0,0.0,0.000178024,0.000877262,0.0,0.000150517,7.17978e-05,0.000428387,2.36329e-05,0.000206171,0.000357418,0.0
0.0085224,0.0342634,2.36186e-06,0.240759,0.0,0.0,0.00243924,0.000333717,0.00312182,7.27147e-05,0.00134575,7.34651e-05,0.000420368,1.2882e-05,0.0,2.46124e-06,0.00020068,2.76708e-05,7.05506e-06,0.0,0.000287682,0.000117142,2.16705e-05,0.00171451,0.000118361,0.111481,0.00197975,0.0,2.75497e-05,0.00103711,0.00645622,0.00523383,0.00349936,0.0087474,0.0,0.00163156,3.71346e-05,0.000168601,3.03898e-05,3.93354e-05,0.0,0.000556724,0.000131763,1.38154e-05,0.00331337,0.000254681,9.62727e-05,1.26669e-06,0.0,0.0,0.000185181,0.00135271,0.000126245,1.46845e-05,0.00130749,0.00152228,0.0247753,0.0682996,0.00071785,0.00112262,0.0,0.0,0.0,0.000212176,2.14086e-05,1.21802e-05,0.0,0.0,0.00230699,0.0016489,0.0,4.72311e-06,0.0,0.000134376,0.0301564,0.00402179,0.000204455,0.00341967,0.0731717,0.0114514,0.000644563,0.00823266,0.0238143,0.00298442,0.00847711,0.000284735,0.00215965,0.000961724,0.0121456,0.00035381,0.0221968,0.0,0.00114249,0.00342579,0.0031062,0.00389129,0.000498975,0.0527466,0.000331852,0.000150107,1.41279e-05,0.000214505,0.0,0.0,0.000177448,0.000878481,0.0,0.000150229,7.20947e-05,0.000427878,2.30601e-05,0.000206156,0.000355976,0.0
0.00852322,0.0342636,2.97294e-06,0.240746,0.0,0.0,0.00244146,0.000333724,0.00312032,7.18109e-05,0.00134575,7.34642e-05,0.000419241,1.38025e-05,0.0,2.46124e-06,0.000200682,2.79733e-05,7.36196e-06,2.82278e-07,0.000287954,0.000117169,2.16684e-05,0.00171554,0.000119194,0.111481,0.00198033,0.0,2.78771e-05,0.00103913,0.0064516,0.00523475,0.00349964,0.00874709,0.0,0.00162936,3.6618e-05,0.000169811,3.03896e-05,4.02432e-05,0.0,0.00055582,0.000132677,1.38154e-05,0.00331246,0.000254476,9.60764e-05,1.01274e-06,0.0,0.0,0.000185821,0.00135283,0.000126445,1.46845e-05,0.00130844,0.00152143,0.0247738,0.0683004,0.000719022,0.00112298,0.0,0.0,0.0,0.00021237,2.11691e-05,1.21802e-05,0.0,0.0,0.00230814,0.0016489,0.0,4.87736e-06,0.0,0.000134149,0.0301575,0.00402195,0.000204034,0.00342074,0.0731799,0.0114484,0.00064477,0.00823275,0.0238197,0.00298373,0.00847695,0.000284498,0.00216059,0.000961723,0.0121488,0.000354548,0.0221984,0.0,0.001143,0.00342579,0.00310491,0.00389069,0.000498682,0.0527439,0.000329718,0.000150417,1.35107e-05,0.00021539,0.0,0.0,0.000178623,0.000878478,0.0,0.00015022,7.17978e-05,0.000431767,2.30622e-05,0.00020589,0.000357429,0.0
0.00852001,0.0342621,2.37389e-06,0.240745,0.0,0.0,0.00243949,0.000334,0.00312068,7.27164e-05,0.00134606,7.34651e-05,0.000419508,1.31893e-05,0.0,2.15358e-06,0.000200382,2.76708e-05,7.36176e-06,2.82278e-07,0.000287714,0.000116887,2.22793e-05,0.00171471,0.000118558,0.11148,0.00198145,0.0,2.75918e-05,0.00103769,0.00646142,0.00523525,0.00349812,0.00874801,0.0,0.00163068,3.76483e-05,0.000168298,3.16191e-05,3.96388e-05,0.0,0.00055582,0.000132676,1.41157e-05,0.00331363,0.000254272,9.60764e-05,1.26669e-06,0.0,0.0,0.000184863,0.00135162,0.000126245,1.46845e-05,0.00130795,0.00152144,0.0247755,0.0682987,0.000719206,0.00112422,0.0,0.0,0.0,0.000212178,2.16515e-05,1.21802e-05,0.0,0.0,0.0023071,0.00164851,0.0,4.73019e-06,0.0,0.000134376,0.0301573,0.00402284,0.000204241,0.00341992,0.0731726,0.0114515,0.000644988,0.00823267,0.0238169,0.00298325,0.00847787,0.000284498,0.00215965,0.000961724,0.012149,0.000354291,0.0221934,0.0,0.00114195,0.00342604,0.00310701,0.00388918,0.000498382,0.0527428,0.000328811,0.000148605,1.38206e-05,0.000214509,0.0,0.0,0.000178049,0.00087726,0.0,0.000149928,7.18021e-05,0.000430274,2.30633e-05,0.000206171,0.000357935,0.0
0.00852359,0.0342614,2.95736e-06,0.240743,0.0,0.0,0.00243873,0.00033372,0.00312209,7.3015e-05,0.00134575,7.28905e-05,0.000419804,1.31887e-05,0.0,2.46124e-06,0.000200683,2.7689e-05,6.74836e-06,5.63485e-07,0.000287157,0.000117429,2.22804e-05,0.00171372,0.000118782,0.111481,0.00197811,0.0,2.72622e-05,0.00103708,0.00645377,0.00523409,0.00350027,0.00874771,0.0,0.00162967,3.71346e-05,0.000170118,3.10041e-05,3.96388e-05,0.0,0.000556121,0.000132068,1.38154e-05,0.00331365,0.000254685,9.62747e-05,1.26517e-06,0.0,0.0,0.000185817,0.00135206,0.000126445,1.46845e-05,0.00130676,0.00152164,0.0247751,0.0682989,0.000719199,0.00112262,0.0,0.0,0.0,0.000212359,2.1164e-05,1.23867e-05,0.0,0.0,0.00230781,0.00164892,0.0,4.87736e-06,0.0,0.000134376,0.0301578,0.00402122,0.000204245,0.00342074,0.0731747,0.0114502,0.000644138,0.00823208,0.0238207,0.00298466,0.00847929,0.000284498,0.0021613,0.000961494,0.0121481,0.000354289,0.0221979,0.0,0.00114247,0.00342579,0.00310673,0.00389037,0.000498087,0.052743,0.000331241,0.0001498,1.38206e-05,0.000215088,0.0,0.0,0.000179197,0.000878484,0.0,0.000151121,7.17978e-05,0.000428749,2.33465e-05,0.00020562,0.000356299,0.0
0.00421586,0.0,0.000343256,0.0537012,0.0,0.0,0.00186312,0.000310394,0.000372989,9.24877e-05,0.00309428,6.51694e-05,1.75503e-05,3.98447e-05,0.00069127,0.0,0.0,0.00383516,0.0,0.0,7.20932e-05,0.000108408,6.70556e-06,0.00179418,0.0126531,0.131722,0.00515277,0.0,6.23079e-05,0.00128199,0.0549803,0.00682257,0.00345962,5.16806e-05,3.41182e-05,0.001742,0.000121896,0.00588867,0.000109518,0.0,0.000870582,0.0,2.52839e-05,0.000135155,0.00120193,0.00125905,2.74781e-06,1.26669e-06,0.0,0.0,0.000178531,0.0,1.10665e-05,3.56924e-06,0.000114928,0.000433319,0.000616677,0.00792993,0.000968696,0.00122234,0.0,0.0,0.0,0.00154079,3.37165e-05,7.81517e-06,0.0,0.00144457,3.84527e-05,0.00413786,4.20802e-06,0.0,2.2878e-06,2.59236e-05,0.000810308,0.00419423,6.08538e-05,0.0219267,0.0858392,0.0109901,0.00172264,0.00288209,0.028454,0.00380463,0.00722596,0.000838369,0.00203399,0.00114204,0.00278636,0.00687952,0.00417631,2.62648e-07,0.00154571,0.01203,0.0077913,8.98361e-05,0.000632634,0.00597136,0.00011924,0.000373372,0.0130943,0.000234936,0.0,0.0,0.000185076,2.35349e-05,9.51962e-06,0.00079146,0.0,0.0149615,0.0,0.000555468,0.000294491,0.0
0.00421586,0.0,0.000344443,0.053702,0.0,0.0,0.00186211,0.000310114,0.000372117,9.24895e-05,0.00309367,6.4865e-05,1.69826e-05,3.98447e-05,0.000693064,0.0,0.0,0.00383402,0.0,0.0,7.15595e-05,0.00010759,7.31613e-06,0.00179313,0.0126523,0.131725,0.0051559,0.0,6.20062e-05,0.0012793,0.0549761,0.00682108,0.00345932,5.13733e-05,3.46927e-05,0.00174197,0.000121896,0.00589475,0.000109823,0.0,0.000870287,0.0,2.58931e-05,0.000134559,0.00120312,0.00125884,2.74781e-06,1.26517e-06,0.0,0.0,0.00017836,0.0,1.10523e-05,3.56924e-06,0.000115642,0.000433531,0.000616875,0.00792973,0.000968376,0.00122267,0.0,0.0,0.0,0.00153992,3.32389e-05,8.21594e-06,0.0,0.00144432,3.84527e-05,0.00413865,4.41842e-06,0.0,2.4254e-06,2.54599e-05,0.000809629,0.00419421,6.129e-05,0.0219278,0.0858456,0.0109873,0.00172219,0.00288229,0.028465,0.00380443,0.00722661,0.000837897,0.00203446,0.00114089,0.00278492,0.00688022,0.00418269,2.62648e-07,0.0015444,0.0120303,0.00779048,8.98353e-05,0.000634119,0.00597139,0.00011865,0.000373378,0.0130955,0.000236384,0.0,0.0,0.000185075,2.47571e-05,9.21254e-06,0.000789957,0.0,0.0149573,2.92631e-07,0.00055547,0.00029441,0.0
0.00421188,0.0,0.000344139,0.0537011,0.0,0.0,0.00186362,0.000309826,0.000372483,9.21874e-05,0.00309306,6.51608e-05,1.75503e-05,3.95376e-05,0.000690965,0.0,0.0,0.00383463,0.0,0.0,7.18342e-05,0.00010841,6.70617e-06,0.0017947,0.0126531,0.131715,0.00515283,0.0,6.34346e-05,0.00128196,0.0549761,0.00682264,0.00346023,5.16806e-05,3.44035e-05,0.0017417,0.000121896,0.00589781,0.000109516,0.0,0.000869985,0.0,2.52839e-05,0.000135155,0.00120224,0.00125884,2.74781e-06,1.26517e-06,0.0,0.0,0.000178528,0.0,1.10665e-05,3.7571e-06,0.000114907,0.000433317,0.000616308,0.0079288,0.000969046,0.00122358,0.0,0.0,0.0,0.001542,3.32406e-05,8.01555e-06,0.0,0.00144478,3.84527e-05,0.00413668,4.41842e-06,0.0,2.15509e-06,2.56891e-05,0.000810771,0.0041948,6.08538e-05,0.0219273,0.0858488,0.010989,0.00172285,0.00288254,0.0284565,0.0038051,0.00722619,0.000837898,0.00203494,0.00114181,0.00278685,0.00687736,0.00418044,5.25296e-07,0.00154517,0.0120308,0.00779284,8.98325e-05,0.000633528,0.00597257,0.000119546,0.000371251,0.0130956,0.000234066,0.0,0.0,0.000184774,2.4453e-05,9.51962e-06,0.000790263,0.0,0.0149624,2.92631e-07,0.000555967,0.000293312,0.0
0.00421836,0.0,0.000343546,0.0537025,0.0,0.0,0.00186012,0.000310673,0.000373229,9.24895e-05,0.0030949,6.51694e-05,1.7267e-05,3.95382e-05,0.000691564,0.0,0.0,0.0038373,0.0,0.0,7.29129e-05,0.000107316,7.01048e-06,0.00179593,0.0126529,0.131727,0.00515344,0.0,6.20062e-05,0.00127931,0.0549807,0.00682175,0.00345992,5.16806e-05,3.44073e-05,0.00174165,0.000121896,0.00588685,0.000108903,0.0,0.000869688,0.0,2.55885e-05,0.000134856,0.00120252,0.00125863,2.74781e-06,1.01274e-06,0.0,0.0,0.000178353,0.0,1.08561e-05,3.56924e-06,0.000115158,0.000433319,0.000616685,0.00793065,0.000968196,0.00122232,0.0,0.0,0.0,0.00154235,3.34853e-05,7.81517e-06,0.0,0.00144457,3.84527e-05,0.0041411,4.41842e-06,0.0,2.28051e-06,2.54582e-05,0.000809177,0.00419369,6.10719e-05,0.0219278,0.085846,0.0109887,0.00172177,0.00288229,0.0284591,0.00380325,0.00722526,0.000838133,0.00203422,0.00114181,0.0027848,0.00688017,0.00418245,2.62648e-07,0.00154441,0.0120303,0.00778946,8.95291e-05,0.000634119,0.00597408,0.000117107,0.000371874,0.0130974,0.000235496,0.0,0.0,0.000184487,2.41452e-05,9.51962e-06,0.000791159,0.0,0.0149563,0.0,0.000557011,0.000293876,0.0
0.00421425,0.0,0.000343848,0.0536995,0.0,0.0,0.00186361,0.000309551,0.00037251,9.27886e-05,0.00309428,6.54558e-05,1.75503e-05,4.01512e-05,0.000692465,0.0,0.0,0.00383334,0.0,0.0,7.10039e-05,0.00010841,6.70581e-06,0.00179336,0.0126521,0.131725,0.00515392,0.0,6.28465e-05,0.00128077,0.0549792,0.00682218,0.00345932,5.10656e-05,3.44035e-05,0.00174292,0.000121896,0.00589628,0.000110128,0.0,0.000869393,0.0,2.55885e-05,0.000134856,0.00120222,0.00125904,2.74781e-06,1.51911e-06,0.0,0.0,0.000178052,0.0,1.10665e-05,3.7571e-06,0.000115155,0.000433317,0.000616688,0.00792903,0.000968532,0.00122286,0.0,0.0,0.0,0.00154216,3.29911e-05,8.01555e-06,0.0,0.00144456,3.84527e-05,0.00413695,4.20802e-06,0.0,2.56298e-06,2.54564e-05,0.000809631,0.00419462,6.10719e-05,0.0219282,0.0858411,0.0109907,0.00172285,0.00288187,0.0284587,0.00380441,0.00722687,0.000838135,0.00203495,0.00114227,0.00278438,0.00688072,0.00418011,2.62648e-07,0.00154516,0.0120303,0.007791,8.95328e-05,0.00063323,0.00596987,0.000119855,0.000372452,0.0130946,0.000234937,0.0,0.0,0.000185366,2.50646e-05,9.51962e-06,0.000790852,0.0,0.0149591,2.92631e-07,0.000555464,0.000294411,0.0
0.00421422,0.0,0.000344442,0.0537036,0.0,0.0,0.00186261,0.000310672,0.000372726,9.24877e-05,0.00309336,6.45785e-05,1.67004e-05,3.95382e-05,0.000691265,0.0,0.0,0.00383552,0.0,0.0,7.20955e-05,0.000107855,6.40202e-06,0.00179389,0.0126547,0.131717,0.00515288,0.0,6.23079e-05,0.00128195,0.0549773,0.00682137,0.00346022,5.19882e-05,3.46927e-05,0.00174138,0.000121896,0.00589384,0.000109823,0.0,0.000870582,0.0,2.55885e-05,0.000134856,0.00120224,0.00125905,2.74781e-06,1.01274e-06,0.0,0.0,0.000179005,0.0,1.10523e-05,3.56924e-06,0.000115161,0.000433531,0.000616871,0.0079306,0.000968198,0.00122286,0.0,0.0,0.0,0.00154371,3.3723e-05,8.01555e-06,0.0,0.00144457,3.84527e-05,0.00413634,4.41842e-06,0.0,2.14778e-06,2.54582e-05,0.000810093,0.00419348,6.08538e-05,0.0219258,0.0858458,0.0109879,0.00172241,0.00288252,0.0284584,0.00380396,0.00722449,0.000838133,0.00203423,0.00114088,0.0027874,0.00687737,0.00418081,2.62648e-07,0.00154414,0.0120306,0.00779183,8.92245e-05,0.000633825,0.00597255,0.000120775,0.000371557,0.0130977,0.000236382,0.0,0.0,0.000185366,2.41462e-05,9.51962e-06,0.000789961,0.0,0.0149618,2.92631e-07,0.000556502,0.000294165,0.0
0.0042153,0.0,0.000343862,0.0537016,0.0,0.0,0.00186214,0.000309833,0.000372449,9.21892e-05,0.00309367,6.48737e-05,1.75503e-05,4.01512e-05,0.000692475,0.0,0.0,0.0038343,0.0,0.0,7.18242e-05,0.000108147,7.31542e-06,0.00179474,0.0126514,0.131721,0.0051531,0.0,6.20062e-05,0.00128134,0.0549809,0.00682206,0.003459,5.19888e-05,3.41182e-05,0.00174438,0.000121896,0.00589385,0.000108288,0.0,0.000870287,0.0,2.55885e-05,0.000135155,0.00120164,0.00125863,2.74781e-06,1.01274e-06,0.0,0.0,0.000177718,0.0,1.10665e-05,3.7571e-06,0.000115394,0.000433319,0.000616692,0.00792863,0.000969547,0.00122233,0.0,0.0,0.0,0.00153948,3.32373e-05,7.81517e-06,0.0,0.00144481,3.86275e-05,0.00413917,4.41842e-06,0.0,2.29269e-06,2.54564e-05,0.000810304,0.00419388,6.10719e-05,0.0219276,0.0858472,0.0109894,0.00172199,0.00288187,0.0284608,0.0038044,0.00722671,0.000838369,0.00203446,0.00114227,0.00278508,0.00688092,0.00418052,2.62648e-07,0.00154624,0.01203,0.00779208,8.98347e-05,0.000634121,0.0059717,0.000118949,0.000372178,0.0130946,0.000234347,0.0,0.0,0.000184483,2.44511e-05,9.51962e-06,0.000790265,0.0,0.0149567,0.0,0.000555728,0.000293319,0.0
0.00421607,0.0,0.000343246,0.0537012,0.0,0.0,0.00186286,0.000310389,0.000372164,9.2186e-05,0.00309489,6.54558e-05,1.7267e-05,3.92311e-05,0.000690649,0.0,0.0,0.00383668,0.0,0.0,7.1547e-05,0.000108134,7.31613e-06,0.00179309,0.0126522,0.131719,0.00515395,0.0,6.31492e-05,0.00128198,0.0549749,0.00682158,0.00345962,5.16806e-05,3.46927e-05,0.00174078,0.000121629,0.00589262,0.000109823,0.0,0.000869985,0.0,2.55885e-05,0.000134556,0.00120281,0.00125863,2.74781e-06,1.01274e-06,0.0,0.0,0.000178837,0.0,1.08561e-05,3.56924e-06,0.000115153,0.000433317,0.000616498,0.0079297,0.000968201,0.00122322,0.0,0.0,0.0,0.0015426,3.32339e-05,8.21594e-06,0.0,0.00144456,3.84527e-05,0.00413784,4.41842e-06,0.0,2.42052e-06,2.56926e-05,0.000808731,0.00419458,6.10719e-05,0.0219271,0.0858417,0.0109879,0.00172263,0.00288252,0.0284619,0.00380579,0.00722588,0.0008379,0.00203447,0.00114135,0.00278562,0.00687685,0.00418063,5.25296e-07,0.00154465,0.0120306,0.00778995,8.98345e-05,0.000633828,0.00597345,0.000118317,0.000373051,0.0130937,0.000234053,0.0,0.0,0.000185366,2.44528e-05,9.51962e-06,0.000790252,0.0,0.0149573,2.92631e-07,0.000556227,0.000294158,0.0
0.00421558,0.0,0.000345034,0.0537,0.0,0.0,0.00186211,0.000310111,0.000373653,9.24916e-05,0.00309336,6.48744e-05,1.75503e-05,4.01512e-05,0.000692472,0.0,0.0,0.00383458,0.0,0.0,7.20965e-05,0.000107861,6.40052e-06,0.00179521,0.0126541,0.131734,0.00515445,0.0,6.22916e-05,0.00127959,0.0549773,0.00682212,0.00346115,5.16806e-05,3.41182e-05,0.00174197,0.000121896,0.00589263,0.000109518,0.0,0.000869987,0.0,2.55885e-05,0.000134856,0.00120194,0.00125863,2.74781e-06,1.51911e-06,0.0,0.0,0.000178531,0.0,1.10665e-05,3.56924e-06,0.000115155,0.000433531,0.000616681,0.00793046,0.00096888,0.00122321,0.0,0.0,0.0,0.00154159,3.34904e-05,8.01555e-06,0.0,0.00144408,3.84527e-05,0.00413879,4.20802e-06,0.0,2.15267e-06,2.56891e-05,0.000810324,0.00419499,6.10719e-05,0.0219267,0.0858417,0.0109903,0.00172263,0.00288209,0.0284569,0.00380374,0.00722651,0.000837897,0.00203422,0.00114181,0.00278448,0.00688073,0.00417926,2.62648e-07,0.00154519,0.0120303,0.00779102,8.98333e-05,0.000635314,0.00597223,0.000118342,0.000370955,0.0130977,0.000235819,0.0,0.0,0.000184779,2.5063e-05,9.51962e-06,0.000791755,0.0,0.0149621,2.92631e-07,0.000556766,0.000293583,0.0
0.00421471,0.0,0.000344143,0.0536988,0.0,0.0,0.00186213,0.000310397,0.000372473,9.24857e-05,0.0030952,6.51608e-05,1.69826e-05,3.95382e-05,0.000692473,0.0,0.0,0.00383552,0.0,0.0,7.15429e-05,0.000109244,7.31613e-06,0.00179416,0.0126528,0.131719,0.00515288,0.0,6.25785e-05,0.0012796,0.054979,0.00682182,0.00345962,5.10656e-05,3.46927e-05,0.0017408,0.000122162,0.00589294,0.000109514,0.0,0.000870285,0.0,2.55885e-05,0.000134859,0.00120341,0.00125925,2.74781e-06,1.01274e-06,0.0,0.0,0.000178685,0.0,1.10523e-05,3.7571e-06,0.000115405,0.000433104,0.000616692,0.0079294,0.000968544,0.00122269,0.0,0.0,0.0,0.00154347,3.37146e-05,8.01555e-06,0.0,0.00144506,3.84527e-05,0.0041379,4.41842e-06,0.0,2.29025e-06,2.52255e-05,0.0008094,0.00419221,6.10719e-05,0.0219276,0.0858465,0.0109887,0.00172198,0.00288231,0.0284602,0.00380487,0.00722399,0.000837664,0.00203423,0.00114181,0.00278733,0.00687924,0.00418263,2.62648e-07,0.00154413,0.0120306,0.00779126,8.95304e-05,0.000632632,0.00597198,0.000118637,0.000372173,0.0130925,0.000235783,0.0,0.0,0.000184779,2.44522e-05,9.51962e-06,0.000789956,0.0,0.0149588,0.0,0.000555734,0.000294433,0.0
0.0321948,0.046577,0.000745336,0.0218841,0.0,3.8025e-05,0.0,0.000369882,0.0182791,0.000399094,0.0,0.000431672,8.22862e-06,0.000174926,0.0151092,0.0,0.00351605,0.0,0.0,1.41057e-05,0.000822001,9.33829e-05,4.26826e-05,0.00681081,6.60623e-06,0.263491,0.0044503,0.0,0.00015734,0.00072776,0.0231577,0.00630519,0.0168949,0.000937898,0.0,1.34984e-05,4.88502e-05,0.000482393,0.000128293,0.0,8.75895e-05,0.000511992,9.83753e-05,0.000475501,4.85393e-05,0.000260459,0.0,0.0,0.00745006,0.0119941,0.00116137,0.0,0.000243149,0.00086782,0.000120981,0.00116718,0.0,0.00566368,0.00719704,0.0077443,0.0,0.0,0.0,0.0044548,0.0532102,0.00433811,0.0,0.115204,0.000266032,1.69043e-05,0.0,0.000246432,0.0,0.00064234,3.87036e-05,0.0300949,0.0,0.011718,0.628771,0.070838,0.00427168,4.48643e-07,0.225599,0.0235534,0.0711591,0.00625836,0.0170005,0.00963454,0.0234091,0.0085721,0.0299165,0.0,0.00137878,0.0262005,0.000686265,0.0,0.0,0.00689818,0.000856951,0.037669,6.12939e-07,0.00102444,0.00344649,0.0,0.00420335,0.00110481,0.0,0.0812302,0.00373129,0.00335156,0.000316571,0.00035571,0.00157598,0.0
0.0321916,0.0465788,0.00074477,0.0218838,0.0,3.8025e-05,0.0,0.000369887,0.0182787,0.000399094,0.0,0.000431673,8.20852e-06,0.000173705,0.0151083,0.0,0.00351458,0.0,0.0,1.41069e-05,0.000823659,9.39368e-05,4.26801e-05,0.0068093,6.56329e-06,0.263497,0.00444965,0.0,0.000158023,0.000730672,0.0231547,0.00630522,0.0168919,0.00093759,0.0,1.50328e-05,4.88502e-05,0.000480865,0.000128598,0.0,8.69952e-05,0.000512292,9.86795e-05,0.0004761,4.82483e-05,0.000260459,0.0,0.0,0.00745206,0.0119948,0.00116218,0.0,0.000243607,0.000867425,0.000121214,0.00116698,0.0,0.00566343,0.00719737,0.00774447,0.0,0.0,0.0,0.00445958,0.0532097,0.00433749,0.0,0.115205,0.000266039,1.70964e-05,0.0,0.00024668,0.0,0.000642809,3.87036e-05,0.0300966,0.0,0.0117186,0.628767,0.0708389,0.00427189,2.99095e-07,0.225597,0.0235532,0.0711583,0.00625789,0.0170012,0.00963501,0.0234087,0.00857153,0.0299141,0.0,0.00137905,0.0262002,0.000685764,0.0,0.0,0.00689377,0.000858173,0.0376717,6.12939e-07,0.00102358,0.00344619,0.0,0.00420276,0.00110511,0.0,0.0812281,0.00373277,0.00334819,0.000314879,0.000356221,0.0015766,0.0
0.0321964,0.0465778,0.000746224,0.021883,0.0,3.8245e-05,0.0,0.000370446,0.0182783,0.000399698,0.0,0.000432552,7.33715e-06,0.000174927,0.0151095,0.0,0.00351398,0.0,0.0,1.38235e-05,0.000821678,9.39093e-05,4.2988e-05,0.00681156,6.35685e-06,0.263493,0.0044503,0.0,0.000156526,0.000728625,0.0231523,0.00630621,0.0168956,0.000938206,0.0,1.44205e-05,4.85848e-05,0.000482097,0.000127684,0.0,8.75895e-05,0.000512886,9.83753e-05,0.000476694,4.82375e-05,0.000260664,0.0,0.0,0.00745085,0.0119938,0.00116104,0.0,0.000243149,0.00086802,0.00012075,0.00116718,0.0,0.0056639,0.00719687,0.0077452,0.0,0.0,0.0,0.00445846,0.0532104,0.00433749,0.0,0.115203,0.000266032,1.69043e-05,0.0,0.000246827,0.0,0.000642571,3.89273e-05,0.0300944,0.0,0.0117184,0.628771,0.0708364,0.00427017,2.99095e-07,0.2256,0.0235541,0.0711586,0.00625813,0.0170012,0.00963456,0.0234079,0.00857201,0.0299176,0.0,0.00137748,0.0262,0.000687293,0.0,0.0,0.00689995,0.000853578,0.037667,6.12939e-07,0.00102415,0.00344619,0.0,0.00420247,0.00110572,0.0,0.0812317,0.00373129,0.00335154,0.000315146,0.000355433,0.00157742,0.0
0.0321956,0.0465781,0.000745329,0.0218841,0.0,3.8025e-05,0.0,0.000370447,0.0182791,0.000398794,0.0,0.000431961,8.5184e-06,0.000174007,0.0151146,0.0,0.00351396,0.0,0.0,1.41069e-05,0.000823175,9.4475e-05,4.23739e-05,0.00681105,6.39978e-06,0.263495,0.00444832,0.0,0.000158341,0.000726283,0.0231559,0.00630447,0.0168912,0.000938205,0.0,1.38055e-05,4.88502e-05,0.000480261,0.000128292,0.0,8.72916e-05,0.00051229,9.89842e-05,0.00047699,4.94276e-05,0.000260255,0.0,0.0,0.00745106,0.0119953,0.00116106,0.0,0.000243378,0.000868018,0.000120981,0.00116718,0.0,0.00566365,0.00719671,0.00774465,0.0,0.0,0.0,0.00445728,0.0532099,0.00433811,0.0,0.115204,0.000265864,1.69043e-05,0.0,0.000246816,0.0,0.000642575,3.87036e-05,0.0300954,0.0,0.011718,0.62878,0.0708396,0.00427147,4.48643e-07,0.2256,0.023555,0.0711582,0.00625812,0.0169995,0.0096357,0.0234085,0.00857086,0.0299166,0.0,0.00137877,0.0261999,0.00068678,0.0,0.0,0.00689495,0.000856344,0.0376677,6.12939e-07,0.00102445,0.0034468,0.0,0.00420422,0.00110419,0.0,0.0812293,0.00373188,0.00334885,0.000315407,0.000355685,0.00157715,0.0
0.032198,0.0465763,0.000745348,0.0218852,0.0,3.82468e-05,0.0,0.000369603,0.0182774,0.000399396,0.0,0.000431964,7.63361e-06,0.000174622,0.0151107,0.0,0.00351457,0.0,0.0,1.35423e-05,0.000822238,9.42106e-05,4.29855e-05,0.00681139,6.76974e-06,0.263493,0.0044492,0.0,0.000158037,0.000729777,0.0231477,0.00630522,0.0168925,0.000937898,0.0,1.41177e-05,4.91142e-05,0.000479659,0.000129826,0.0,8.72916e-05,0.000512291,9.83749e-05,0.000475798,4.79366e-05,0.000260459,0.0,0.0,0.00745105,0.0119936,0.00116169,0.0,0.000243378,0.000867423,0.000120981,0.00116677,0.0,0.00566416,0.00719672,0.00774414,0.0,0.0,0.0,0.00445972,0.0532097,0.00433749,0.0,0.115206,0.000266207,1.69043e-05,0.0,0.000246752,0.0,0.00064234,3.89273e-05,0.0300957,0.0,0.0117188,0.628765,0.0708358,0.00427147,2.99095e-07,0.225599,0.0235531,0.071157,0.0062586,0.0170014,0.00963478,0.0234095,0.00857301,0.0299147,0.0,0.00137933,0.0262002,0.000685759,0.0,0.0,0.00689761,0.000856648,0.037664,6.12939e-07,0.00102503,0.00344619,0.0,0.00420277,0.00110603,0.0,0.0812326,0.00373159,0.00335064,0.000315723,0.000355686,0.00157713,0.0
0.0321903,0.0465777,0.000744172,0.0218855,0.0,3.8245e-05,0.0,0.000370731,0.0182786,0.000399094,0.0,0.000432259,8.21373e-06,0.000174314,0.0151128,0.0,0.00351665,0.0,0.0,1.41069e-05,0.000824493,9.36265e-05,4.32911e-05,0.00680974,6.35685e-06,0.263495,0.00445192,0.0,0.000157046,0.000727453,0.023159,0.00630491,0.0168919,0.000937898,0.0,1.5029e-05,4.83264e-05,0.000481782,0.000127375,0.0,8.7293e-05,0.000512589,9.86799e-05,0.000475801,4.82466e-05,0.000260459,0.0,0.0,0.00745086,0.0119945,0.00116137,0.0,0.000243149,0.00086801,0.000121214,0.00116697,0.0,0.00566366,0.00719686,0.00774464,0.0,0.0,0.0,0.00445634,0.0532112,0.0043377,0.0,0.115202,0.000265864,1.70964e-05,0.0,0.000246329,0.0,0.000643042,3.87036e-05,0.0300963,0.0,0.0117182,0.628769,0.0708385,0.00427168,4.48643e-07,0.225597,0.0235536,0.0711587,0.00625813,0.0170009,0.00963478,0.0234047,0.00857085,0.0299154,0.0,0.00137798,0.0261994,0.000686525,0.0,0.0,0.00689489,0.00085603,0.0376738,6.12939e-07,0.00102387,0.00344649,0.0,0.00420335,0.00110603,0.0,0.0812272,0.00373188,0.00335146,0.000315741,0.000356516,0.00157629,0.0
0.0321996,0.0465795,0.000745324,0.0218843,0.0,3.8025e-05,0.0,0.000369602,0.0182787,0.000398794,0.0,0.000431379,7.92694e-06,0.00017523,0.0151092,0.0,0.00351159,0.0,0.0,1.38235e-05,0.000821687,9.4208e-05,4.23767e-05,0.00681183,6.56329e-06,0.263492,0.00444801,0.0,0.000156541,0.000728631,0.0231526,0.00630558,0.0168977,0.000937898,0.0,1.35018e-05,4.88502e-05,0.000483613,0.000128905,0.0,8.72916e-05,0.00051229,9.83749e-05,0.000477589,4.91168e-05,0.000260459,0.0,0.0,0.00745125,0.0119948,0.00116218,0.0,0.000243378,0.00086782,0.000120981,0.00116697,0.0,0.00566324,0.00719653,0.00774483,0.0,0.0,0.0,0.00445863,0.0532093,0.0043377,0.0,0.115205,0.000266207,1.69043e-05,0.0,0.000246007,0.0,0.000642806,3.87036e-05,0.030095,0.0,0.0117177,0.628772,0.0708395,0.00427083,2.99095e-07,0.2256,0.0235545,0.0711558,0.00625788,0.0170005,0.00963502,0.0234115,0.00857276,0.0299172,0.0,0.00137906,0.0262012,0.000686786,0.0,0.0,0.0068985,0.00085756,0.0376677,3.06469e-07,0.00102474,0.00344649,0.0,0.00420246,0.00110541,0.0,0.0812308,0.00373159,0.00334945,0.000316273,0.00035542,0.00157713,0.0
0.0321944,0.0465781,0.000746219,0.0218837,0.0,3.8025e-05,0.0,0.000370451,0.0182791,0.000399698,0.0,0.000432545,7.63361e-06,0.000174314,0.015111,0.0,0.00351515,0.0,0.0,1.38279e-05,0.00082282,9.39333e-05,4.29861e-05,0.00681034,6.39978e-06,0.263502,0.00444894,0.0,0.000158344,0.000728026,0.0231544,0.00630518,0.0168916,0.00093759,0.0,1.4417e-05,4.88502e-05,0.000479957,0.000127986,0.0,8.75895e-05,0.000512291,9.86799e-05,0.000476099,4.82414e-05,0.000260664,0.0,0.0,0.00745125,0.0119941,0.00116137,0.0,0.000243378,0.000867423,0.000120981,0.00116697,0.0,0.00566365,0.00719721,0.00774501,0.0,0.0,0.0,0.00445801,0.0532095,0.00433708,0.0,0.115206,0.000265864,1.69043e-05,0.0,0.000247271,0.0,0.000642575,3.89273e-05,0.0300939,0.0,0.0117186,0.628772,0.0708361,0.00427125,2.99095e-07,0.225599,0.0235548,0.0711599,0.0062586,0.0170009,0.00963593,0.0234038,0.00857277,0.0299167,0.0,0.00137878,0.0261992,0.000685753,0.0,0.0,0.00689618,0.000855424,0.0376664,6.12939e-07,0.00102415,0.00344649,0.0,0.00420247,0.00110602,0.0,0.0812299,0.00373188,0.00334767,0.000315725,0.000355684,0.00157629,0.0
0.032201,0.0465779,0.000745355,0.0218868,0.0,3.8245e-05,0.0,0.000370167,0.0182762,0.000399094,0.0,0.000431673,8.21089e-06,0.000173706,0.0151092,0.0,0.00351517,0.0,0.0,1.43847e-05,0.000821712,9.41811e-05,4.32922e-05,0.0068108,6.35685e-06,0.263494,0.00445,0.0,0.000157756,0.000729209,0.0231539,0.00630704,0.0168925,0.00093882,0.0,1.50357e-05,4.88502e-05,0.000481187,0.000128904,0.0,8.69952e-05,0.000512589,9.86787e-05,0.000476395,4.82375e-05,0.000260459,0.0,0.0,0.00745065,0.0119945,0.00116137,0.0,0.000243149,0.000868018,0.000120983,0.00116697,0.0,0.00566414,0.00719669,0.00774482,0.0,0.0,0.0,0.00445787,0.0532104,0.00433811,0.0,0.115201,0.000266207,1.70964e-05,0.0,0.000246384,0.0,0.00064234,3.87036e-05,0.0300978,0.0,0.0117171,0.628765,0.0708395,0.0042719,4.48643e-07,0.225599,0.0235532,0.0711592,0.00625789,0.0169997,0.00963478,0.0234118,0.0085713,0.0299143,0.0,0.00137772,0.0262012,0.000687052,0.0,0.0,0.00689815,0.00085634,0.0376637,6.12939e-07,0.00102415,0.00344649,0.0,0.00420336,0.00110419,0.0,0.0812305,0.00373159,0.00335659,0.000315146,0.000355702,0.0015786,0.0
0.0321902,0.0465788,0.000745636,0.0218838,0.0,3.8025e-05,0.0,0.000369884,0.0182797,0.000399396,0.0,0.00043197,7.92762e-06,0.000175534,0.0151116,0.0,0.00351367,0.0,0.0,1.38235e-05,0.00082452,9.36597e-05,4.23751e-05,0.00681256,6.76974e-06,0.263494,0.00444945,0.0,0.000157575,0.000727754,0.023155,0.006303,0.0168952,0.000936976,0.0,1.38065e-05,4.85848e-05,0.000480565,0.000128909,0.0,8.75895e-05,0.000512587,9.86799e-05,0.000475205,4.91325e-05,0.000260255,0.0,0.0,0.00745105,0.011994,0.00116201,0.0,0.000243378,0.000867623,0.000120981,0.00116718,0.0,0.00566343,0.00719705,0.00774537,0.0,0.0,0.0,0.00445597,0.0532102,0.0043375,0.0,0.115207,0.000265864,1.69043e-05,0.0,0.000246685,0.0,0.000642575,3.87036e-05,0.0300956,0.0,0.0117192,0.628776,0.0708382,0.00427104,2.99095e-07,0.225599,0.0235541,0.0711582,0.00625836,0.0170014,0.00963501,0.0234086,0.0085723,0.029915,0.0,0.00137904,0.0262002,0.000686263,0.0,0.0,0.00689435,0.000856956,0.0376696,6.12939e-07,0.00102503,0.00344619,0.0,0.00420451,0.00110572,0.0,0.0812278,0.00373188,0.00334587,0.000316277,0.000355188,0.00157597,0.0
0.0,0.0,0.000997222,1.54377,0.0,9.28484e-06,0.000980778,0.0,0.1546,9.05379e-07,0.0375742,2.48924e-05,0.000720138,4.03294e-05,0.000739601,0.0,0.000337976,0.00101145,0.0,0.00109751,0.066105,0.0,0.0,0.000937513,0.0104301,0.00213348,5.01465e-05,0.0,7.70776e-07,3.54647e-05,4.27757e-05,0.0,0.000208914,0.000513524,0.0,0.028063,0.000116726,0.0,8.60986e-06,0.0,0.0,0.0,3.04239e-07,0.0,0.000763589,0.000213806,8.82028e-05,0.0,0.0033588,0.0,0.0499946,0.0,0.000332913,0.000434785,0.000212352,0.000452212,0.0,0.0201992,0.114934,0.579128,0.0,0.0,0.0,0.00751435,0.000332909,0.0,0.0,5.58494e-05,0.0105664,0.153071,0.0,3.40887e-05,6.73282e-06,0.000392323,0.0,0.2535,0.0,0.00114691,0.22089,0.0190071,0.00224371,0.00629325,0.00617626,0.0119229,0.0129584,0.0,0.00125396,0.000100043,0.0,0.000895307,0.0629451,0.0,0.094157,0.00188259,0.022511,0.0,0.00197333,0.0469606,3.07356e-06,0.00273745,0.0,0.0,0.00147167,0.0,0.00323264,8.1536e-05,2.45996e-06,0.0499107,0.00469801,3.97845e-05,0.00398876,0.000188264,0.00113777,0.0
1.42239,0.00472658,0.0,0.249131,0.0,9.29042e-06,2.00266e-05,0.0,0.0844062,0.000276819,0.11485,1.82897e-05,0.000177804,1.31671e-05,1.48964e-06,0.0,0.00161683,0.00136305,0.0,9.20003e-05,0.004917,0.0,0.0,0.000599903,0.000193114,0.934267,0.00180439,0.0,0.000461317,0.0,0.000242866,0.0677907,0.172588,0.000993236,0.0,0.000392054,0.0,0.00435778,0.000874265,0.0,0.0019092,0.0,0.000451625,0.012302,0.0109425,0.000369571,0.000264347,0.0,0.001976,0.00524456,2.4182e-06,5.49867e-06,3.48677e-05,0.00016959,0.00279122,0.00489649,0.0,0.0311736,0.0,0.00060446,0.0,0.0,0.00018487,0.00111536,0.0,0.0088858,4.24708e-07,1.13685e-06,0.0136816,0.0,1.26432e-05,0.00169746,0.0,0.00790341,0.0,0.0389502,0.000486397,0.00397667,0.166832,0.00706512,0.00347945,0.069512,0.00111907,0.000104191,0.000228267,0.00142668,0.000447795,0.000103895,0.000204641,0.000659783,0.0254946,0.0,0.0247612,0.000478,3.05207e-05,2.48868e-05,0.00303168,0.0452283,1.47563e-05,0.00261996,0.015125,0.0,0.00426829,0.0,0.0042943,0.00077015,2.76745e-06,0.069403,0.00344726,0.00274487,0.0,0.00193341,0.0068651,0.0
0.506742,0.000191672,0.0,0.513997,0.0,2.47781e-05,2.87261e-05,0.0,0.00158179,4.82416e-06,0.0066997,7.81677e-05,0.00022804,2.11235e-05,0.0,0.0,0.00224574,0.000356011,0.0,5.63443e-07,0.000118405,0.000548334,0.0,6.81707e-05,0.000529022,0.872782,0.00162185,0.0,5.32944e-05,0.0,0.0,0.00191483,7.72385e-05,0.0,0.0,0.0,0.0,2.73092e-06,0.0,0.0,0.000379691,0.0,3.04239e-07,0.00374321,0.0400023,0.000141406,0.0,0.0,0.00202835,0.00174922,0.0565377,6.7395e-05,0.000134447,0.000264219,0.0286406,0.0,0.0,0.0362606,0.017442,0.00123862,0.0,0.0,0.0,0.0,0.0304439,0.0,0.0,0.00141129,0.00390593,0.0817477,6.64302e-06,0.00091762,0.0,0.000433763,0.0377589,0.010835,0.0,0.00172544,0.41375,0.0256836,0.000271417,0.00847211,0.0150876,0.000377218,0.000551228,0.0,0.00122991,5.68426e-05,0.000250371,0.00355594,0.131846,0.0,0.0,0.0,2.71351e-05,0.0,0.00216245,0.00519518,0.0248675,4.50966e-05,0.0,0.0,0.0,0.0,0.0,0.0,2.45996e-06,0.0,0.000792285,9.0404e-05,0.00182224,7.28215e-05,0.0,0.0
0.0,2.92348e-05,0.0,8.46029e-05,0.0,5.52988e-06,0.0010599,0.0,0.000278826,9.05901e-07,0.24937,0.0,9.05491e-06,9.51055e-06,0.0,0.0,1.7948e-06,0.0,0.0,9.21009e-05,0.0314505,0.00414051,0.000192147,0.000566091,0.000627566,2.12045,0.00566423,0.0,0.0,1.16037e-05,4.62475e-05,0.0,0.0388868,0.000551986,0.0,0.0310875,0.0,0.000243796,0.0,0.0,0.0347891,0.00074138,0.000218679,0.0,0.00018934,0.0,0.0,0.0,0.000769368,0.0,6.12612e-06,2.4114e-05,0.0,7.8704e-05,8.26801e-05,0.0,0.0,0.000396531,0.0,0.000256255,0.0,0.0,0.0,0.000118124,0.0,0.0,0.0,0.0,0.00775271,0.0,0.0,0.00145398,0.0,1.91323e-05,0.00612025,0.000155124,0.0,0.0,0.107647,0.000260075,4.32422e-07,0.000325123,0.0021039,0.000437872,0.00240687,0.0,0.00180228,0.00606584,0.000366146,0.00205678,0.0913944,0.000645427,0.354792,0.000448064,3.49089e-05,0.0,0.00047506,0.0360645,0.000188962,3.72356e-05,0.000133132,0.0,5.02886e-05,0.0,1.10445e-05,0.0,2.76745e-06,0.000337909,1.80403e-05,0.00824531,9.65199e-06,0.00264775,0.000139975,0.0
0.0,0.0,0.0,1.00116,0.0,3.31867e-06,3.92385e-05,0.0,0.00323187,0.0,0.0,0.0,0.000279932,3.37934e-06,5.94875e-07,0.0,0.0,0.000647478,0.0,8.33937e-05,0.00593751,4.78763e-06,0.0,0.000869952,0.000548965,1.12611,0.0105846,0.0,0.345221,0.0,0.000268951,0.000865164,0.082725,0.000569253,2.66755e-05,7.59566e-05,0.000268848,0.00126527,0.0,0.000121591,0.0061279,0.0,0.000282601,0.00684465,0.0371382,0.000813991,0.000115757,0.0,0.00185467,0.0,2.90184e-06,4.07964e-06,0.0,0.00179446,0.0262224,0.000508965,0.0148903,0.0417543,0.0,0.000547338,6.59279e-05,0.0,0.00356068,0.0217159,0.210158,0.00231976,0.000149798,0.0180971,0.0,0.00142141,6.32158e-05,0.00253936,0.0,0.000492681,0.0825512,0.00015402,0.000210487,0.000501133,0.0654199,0.000160335,0.0,0.00545452,0.00513723,0.027948,0.0118858,0.0,0.000222745,1.6598e-05,0.0,0.00168644,0.0529811,0.0,0.0125605,0.000453462,3.68069e-05,0.0,0.0,0.00468829,0.0,3.89687e-05,0.0,0.0,0.00201753,0.0,0.0150616,0.000819782,7.69136e-06,0.00399708,0.00107798,0.000399727,0.0,0.000248714,5.13957e-05,0.0
1.09803,1.74491e-06,0.0,0.00248709,0.0,6.63737e-07,0.000981798,1.56242e-05,0.0251871,0.0,0.0,0.0,0.0,3.68173e-06,0.0,0.0,2.97843e-07,0.0,0.0,1.96069e-06,0.000131605,0.0,0.0005388,1.94858e-05,0.000629383,2.09373,0.080129,0.0,0.000692366,0.0399489,0.000199406,0.00100086,0.00932218,0.00784901,0.0019404,0.000652074,0.0,0.0,3.07655e-07,0.000723699,0.00680937,0.0320445,2.43391e-06,0.00631252,0.0275949,0.0,0.000677476,0.0,0.00185079,0.0,0.0279214,3.33083e-05,0.0,0.00147038,0.0,0.00105921,0.000204157,0.0232266,0.00544134,3.45854e-05,0.0,0.0,0.0191032,0.000867384,0.0,0.00640866,0.0,0.0,0.0,0.000396297,0.0,0.00231214,0.0,0.000744267,0.0,0.000199631,0.0,0.0001045,0.019039,0.000349893,0.0,0.00804295,0.000320708,0.00116076,0.00481191,0.000944423,7.32638e-05,2.12921e-05,0.00358984,0.00804937,0.0621283,0.000304584,0.0099558,0.0,3.28865e-05,0.000145781,0.00364047,0.0172547,0.00277671,0.00068647,0.00381798,0.0,0.0,0.0,0.0,0.000630684,0.000323977,0.0,0.0,0.204092,2.66191e-05,0.00616021,0.00440331,0.0
2.11586,0.0,0.0,2.25377,0.0,0.0,3.09698e-05,1.59032e-05,0.00993969,2.2603e-05,0.000242516,9.2867e-05,0.000795071,4.29337e-06,0.0,0.0,0.0,0.00173603,0.0,9.68351e-05,0.00832594,0.00851568,0.000187311,0.000507992,0.0,0.00052916,0.0,0.0,3.91066e-05,0.0,8.67305e-05,0.00506447,0.0,0.000518995,0.0,0.000116022,0.0,3.94527e-06,0.000172781,0.000409526,0.0,0.0192158,6.07659e-07,6.4718e-05,0.0541647,0.0030734,0.000125283,0.000708382,0.00143252,0.0,0.0,0.0,0.000137424,0.000395772,0.017525,0.00141648,0.0810773,0.145536,0.00303251,0.0,0.0,0.0,0.0030885,5.37497e-05,0.0374447,2.787e-05,0.00194574,0.00544482,0.0,0.00285329,0.00011336,0.00218969,2.31441e-06,0.00623068,0.000542067,0.0,0.00223882,0.000146433,0.000907079,8.87474e-07,0.0,0.00466214,0.00726966,0.000728609,0.0288544,0.0,0.0,3.17995e-05,0.0,0.0687969,0.000248162,0.0,0.0,0.000386163,4.11951e-05,0.0,0.0,0.016282,0.00618018,0.000341037,0.0,0.0,0.000246911,0.0,9.48104e-05,0.0,2.45996e-06,0.00220873,1.05923e-05,0.00548812,5.94041e-05,0.0,9.42954e-05,0.0
0.0728215,0.0,0.000485263,0.00637059,0.0,0.0,1.29889e-05,1.64612e-05,1.0267e-05,0.0,0.0,0.0,0.0,5.21372e-06,0.0,0.0,0.0,0.0,0.0,0.0,0.000708148,0.0121147,0.0,0.00472723,0.0,0.000147032,0.000360461,0.0,0.460556,0.000762178,0.000925122,0.000729777,0.0929048,0.000207082,5.66855e-05,0.000146913,0.000326478,0.00140008,0.000196859,0.00113949,0.014471,0.0348441,0.000298473,0.0246019,0.0137253,0.0,0.0,0.0,0.00131063,0.0,0.0,9.39508e-07,0.00084323,0.000161395,0.0,0.000116091,0.0,0.0,0.00559163,0.0,0.0,0.0,0.0,0.0,0.000400722,0.0,0.0,0.22457,0.0,0.0650138,0.0,0.000360231,0.0,0.00194385,0.0,0.00237606,0.0,0.0,5.70592e-05,1.11415e-05,0.0,0.00356793,1.74686e-05,0.000186991,0.00172899,0.00060327,0.0,3.00235e-06,5.00728e-05,0.0305256,0.234305,0.00116323,0.000596014,0.0,4.24761e-05,0.118379,6.55567e-05,0.0078876,0.0052737,0.0,0.0291599,0.0,0.0,0.0,0.0,0.0,0.00150226,0.0,0.0,0.275278,0.0,0.0,0.0,0.0
0.0,0.0,0.000577974,3.94655e-06,0.0,0.0,9.78165e-07,1.53452e-05,2.30876e-06,1.20787e-06,0.000286442,0.0,0.0,1.22636e-06,0.0,0.0,0.0,0.0,0.0,0.0,0.000169668,1.5176e-06,0.000353634,1.88181e-05,7.29858e-05,0.419903,0.0118224,0.0,0.24409,9.00116e-06,0.0276954,7.64235e-05,0.0260029,0.000171081,5.40184e-05,8.82394e-05,0.000489094,0.000300317,0.0,3.47836e-05,3.16409e-05,2.4031e-06,7.21927e-05,0.00113838,3.30991e-06,0.000221687,3.60088e-05,0.0,0.00213006,0.0,0.00161237,0.000795225,0.0,0.000257299,3.39761e-05,0.0,0.000566127,0.0414823,0.00278756,0.0,0.0,0.0,0.0,8.33022e-05,0.0183209,0.0,0.0,0.0330557,1.23401e-05,2.83198e-06,0.0,6.17006e-06,1.052e-06,0.000594347,0.0,0.0,0.0,0.000157749,0.00014476,0.0,0.0,0.00448245,0.0,6.82111e-07,0.000662135,0.00106651,0.0,0.00084231,0.0043608,0.122115,0.14813,0.000869224,9.12007e-05,0.000429258,5.12394e-05,0.552532,3.00901e-07,0.0573661,0.00980069,0.0,0.0,0.0,0.0,0.0,0.0,0.000169103,1.75272e-05,0.0,0.000316805,0.000530459,8.30065e-05,0.00492808,0.006827,0.0
2.26413,0.0,0.0,0.00727902,0.0,5.86249e-05,4.5378e-05,5.50848e-05,0.0206604,0.0,0.000182819,0.0,5.90615e-06,0.000957792,0.0,4.21487e-05,0.0,0.0,0.0,0.0,0.014555,0.000472529,0.0,0.0153185,0.455469,2.20174,0.401139,0.0,0.000912839,0.0,0.000164418,0.0,0.0,0.0,0.0,0.0,0.0347258,3.34144e-06,0.0,0.000678054,0.000332056,0.0384142,0.0,0.000288219,0.0434564,0.00344118,2.96764e-05,0.0,0.00290477,0.00262217,0.000269135,7.66844e-07,0.00010499,0.00155638,0.00100301,0.0,0.0746306,0.222045,0.000354958,0.00665783,0.0,0.0,3.78064e-05,0.0980577,0.00145136,0.00116168,0.000750868,0.00906944,0.00879047,0.00535705,0.000236149,0.0011285,0.0,0.000448373,9.37832e-06,0.00208512,0.000866057,0.0,1.03238,0.00229462,0.0,0.00437716,0.0249821,8.72378e-06,0.0,0.0,0.00301325,0.000547589,0.00525269,0.0791227,0.0509964,0.000254567,0.0163298,0.00102724,0.0166541,4.33214e-05,2.64775e-05,0.00265052,0.0049999,1.84059e-06,0.0140642,0.0,0.0,0.0,0.000760765,0.0,0.00157537,2.07525e-06,0.0017383,0.511356,0.000152753,0.0344783,0.00823985,0.0
0.0,0.000372671,0.000197526,7.83926e-05,0.0,0.0,2.64764e-05,0.0,5.49476e-06,0.00040273,1.99975e-05,0.0,0.0,0.0,3.00901e-07,0.0,6.04464e-07,0.0,0.0,3.9236e-06,0.000192539,0.0,0.0,0.000476858,0.0176517,0.668878,0.265748,0.0,0.0,9.02702e-07,1.52456e-06,0.0,6.15172e-07,1.81021e-05,0.0,0.00188891,0.0,1.81971e-06,0.0,9.57235e-05,0.000339594,0.0259335,0.0,8.9249e-05,0.00656511,0.00441136,9.81218e-05,0.0,0.00211481,0.0,0.00783548,0.0,1.82354e-05,0.00111034,0.0,0.0,0.0,0.0,0.0139309,0.0,0.0,0.0,0.0022946,6.96168e-05,0.001451,0.0,1.14671e-05,0.0232987,0.0,0.0,0.0,6.40092e-06,5.58914e-05,0.0,0.0,0.000418959,0.00159718,0.000171425,0.000116165,0.0,5.03843e-05,0.0022473,0.0,0.000315729,0.00234016,0.0,2.90961e-05,8.40035e-05,0.0,0.139798,0.101381,0.000152302,0.0,0.0,6.76434e-05,3.59476e-05,0.0154791,0.0444613,1.8747e-05,0.0,0.0,0.0,0.0071461,0.0,8.62044e-05,6.66475e-05,2.15246e-05,0.0,0.0,0.0,1.06021e-05,0.0063579,0.00328356,0.0
1.22204,0.0,0.0,0.524595,0.0,0.0,0.0,0.0,0.00163507,0.0,0.00133747,0.0,0.000254228,0.0,0.0,0.0,0.0,0.000394686,0.0,0.000139672,0.0140789,0.00108876,0.000454395,0.000405278,0.0,8.7078e-05,0.0,0.0,3.34003e-06,0.0,5.51561e-06,0.0,1.22132e-06,0.00384233,0.0,2.45996e-06,0.00188049,1.51472e-06,0.000809219,0.000411994,0.0,0.00231697,0.00193381,5.70634e-06,0.344567,0.000202774,0.000104741,0.0,0.00204794,0.0114528,0.00883802,1.08947e-05,0.00021109,0.000533333,0.0,0.0,0.0,0.0,0.00190561,7.16796e-07,0.0,0.0,0.0,1.42804e-05,0.0,0.0,8.49417e-05,0.035033,0.000157258,0.0,0.0,0.0,8.20563e-06,1.96308e-05,0.0,3.7571e-07,0.0,0.0,0.00177698,1.96272e-07,0.0,0.0,0.0242942,0.00114072,0.000613779,0.0,1.77796e-05,3.15919e-05,0.000572574,0.0441609,0.00472822,0.0,0.000267809,0.0,4.11584e-05,0.0,0.0,0.00766682,0.0,0.0,0.0,0.0,0.0,0.0,0.000462108,0.0,3.99743e-06,0.0,0.00168353,7.92338e-06,0.000576779,0.00205243,0.0033451,0.0
0.0,0.0111819,0.000409392,0.000887245,0.0,1.99102e-05,5.75954e-06,1.67402e-05,0.00262696,0.0,0.000353672,0.0,0.0,0.000866472,3.01967e-06,2.83042e-05,0.0,0.0,0.0,0.0,0.000115668,0.00144855,0.0,0.0053638,0.20697,0.937422,0.148939,0.0,2.67186e-06,0.0,0.0,0.000578868,0.000163554,0.0,0.0,0.0,0.0,1.81766e-06,0.0,0.00118294,0.00030694,0.0511546,0.0,0.000186787,0.000192572,0.00153775,0.000102389,0.000367366,0.00217843,0.0,9.30157e-05,5.55305e-06,8.09203e-05,0.000696064,9.46814e-05,0.00148161,0.0498919,0.193283,0.000182748,0.00207898,0.0,0.0,0.003345,0.0377951,0.0151002,0.000387943,0.0,0.0118463,0.0,0.00314077,0.000227791,0.000886717,0.0,0.000833707,0.0,0.0009513,0.0,0.0,0.349076,0.00045768,0.0,0.00112193,0.00358621,7.92457e-05,0.00226945,0.0,0.00104134,0.000229626,0.000741279,0.00844127,0.15018,0.000966349,0.0206818,0.000194861,0.00319912,0.176955,0.0,0.00542197,0.00839993,1.841e-06,0.0207429,0.0,0.0,0.0,0.000315857,0.0,0.00238635,0.0,0.0,0.689767,1.06021e-05,0.00979818,0.00137225,0.0
0.000168991,0.0,6.5842e-05,0.00140191,0.0,1.46003e-05,3.89622e-05,3.20854e-05,0.00284704,0.0,0.000339062,0.0,1.40414e-06,0.000141227,0.0,0.0,0.0,0.0,0.0,3.6557e-06,0.00607156,2.71888e-07,2.83951e-05,0.00432268,0.0109277,0.955648,0.248459,0.0,0.000323983,0.0,0.000401852,0.0,0.0,0.0,0.0,0.0,0.0186897,1.21177e-06,8.15634e-05,0.000828589,4.43097e-05,0.0393988,0.0,0.0001246,0.0419926,0.00376668,6.02019e-05,0.0,0.00245763,0.0,5.98917e-05,9.46078e-07,4.04785e-05,0.00129438,9.37832e-05,0.0,0.0,2.48454e-05,0.000206504,0.00137663,0.0,0.0,0.0,0.0236194,0.00213545,0.000216821,0.000312093,0.00201751,0.0014911,0.0,0.0,0.000396984,6.93568e-05,9.54124e-05,0.0,0.000287515,6.81064e-05,0.0,0.240646,0.000421653,7.37279e-05,0.0011316,0.0100424,0.000111866,0.000117476,0.0,0.000601024,0.000198256,0.000453367,0.00128412,0.0149193,0.000136609,0.000120446,0.0,9.50322e-05,2.79592e-05,0.00459903,0.00813757,8.63934e-05,2.45481e-06,0.0,0.0,0.0,0.0,0.000338914,0.0,2.55221e-05,0.0,0.000613536,0.00738976,6.10509e-05,0.00898819,0.00332875,0.0
0.00484678,0.0,0.000194832,0.000802209,0.0,6.7116e-07,0.000147884,3.20854e-05,0.00126256,0.0,4.98248e-05,0.0,2.7554e-07,0.000360689,0.0,1.23034e-05,0.0,0.0,9.20707e-07,1.69501e-05,0.00104576,0.0,0.0,0.00409378,8.39109e-05,0.716956,0.165707,0.0,4.9917e-06,0.0,0.0,0.0,0.0,0.0,0.0,0.0,0.0,5.16505e-06,8.64694e-05,0.00085002,0.000509419,0.0390722,0.0,0.000105417,0.0343601,0.000184496,4.75248e-05,0.0,0.00211943,0.0,0.0,0.0,5.92812e-05,0.000250683,7.08458e-05,0.0,0.0,0.000272415,0.000256133,0.000221471,0.0,0.0,0.0,0.000884087,0.0032237,3.20622e-06,5.20727e-05,0.00114553,0.0,0.0,0.0,0.000406636,1.44743e-06,0.000809323,0.0,0.0,5.57824e-05,3.34537e-05,0.00333335,0.0,0.000166434,0.00122395,0.00490717,8.24357e-05,9.83069e-05,0.0,0.0,0.00012925,0.000259758,0.000732888,0.0229671,0.000229134,0.000238989,0.0,3.5313e-05,2.6423e-05,0.00247908,0.000892364,7.3578e-05,2.7615e-06,0.0,0.0,0.0,0.0,0.000292377,0.0,3.68994e-06,0.0,0.000409,0.00383991,2.15078e-05,0.00628738,0.00149024,0.0
