15.316,1.44405,17.6555,117.821,0.0,1.09792,0.609753,0.322173,11.8009,9.88314,67.3094,10.9663,18.2939,22.9095,0.6065,0.76025,21.6582,18.627,0.418775,0.385323,15.7927,0.312286,0.541046,1.6488,45.482,52.1569,7.06693,0.000808577,19.079,28.6126,321.317,0.766462,52.9136,8.70915,15.0449,45.138,3.56496,34.9194,6.21482,0.758885,3.07928,2.93878,1.63191,2.5886,0.0,1.42153,0.00887884,0.0,0.681927,0.273898,0.423461,2.62676,2.71781,2.28455,0.951886,0.709939,3.68613e-08,1.66668,1.64317,0.820228,0.0077298,0.0,0.0309634,2.79281,0.0277464,0.31952,0.325829,1.21263,3.13843,1.22195,0.570412,0.661374,0.123,0.507123,1.68054,5.03596,1.92813,5.45848,173.453,9.9279,0.331096,4.19817,18.3846,1.1075,0.414946,1.41061,2.81941,1.49232,2.72573,12.9835,0.560722,0.00189102,0.593313,0.103119,0.712736,9.01739,0.595008,43.4193,74.0269,204.53,9.72361,20.211,4.59569,0.0,26.1713,34.4207,7.57828,26.5473,13.5981,19.2159,9.23619,23.0377,8.94084,0.0
15.3048,1.45967,17.6936,117.877,0.0,1.10554,0.595248,0.325236,11.6318,9.88279,67.4575,11.0407,18.1858,22.9334,0.597986,0.760475,21.7511,18.6741,0.420405,0.386352,15.7914,0.318532,0.535105,1.66322,45.2712,52.6875,7.03896,0.000750173,19.0771,28.3479,322.167,0.748947,52.9993,8.71637,15.1486,45.1161,3.55243,34.7128,6.20742,0.758357,3.04105,2.8841,1.65167,2.50231,0.0,1.42334,0.00935676,0.0,0.685801,0.276434,0.428516,2.70317,2.71984,2.27538,0.956023,0.706796,3.4393e-08,1.67411,1.65955,0.833952,0.00796279,0.0,0.032809,2.7299,0.0270992,0.320169,0.32806,1.21674,3.16807,1.23812,0.571906,0.653685,0.126362,0.512314,1.67406,5.07282,1.93453,5.48382,173.543,10.0206,0.335631,4.19404,18.4557,1.12054,0.413005,1.40235,2.82168,1.48002,2.72274,12.9516,0.548181,0.002098,0.598309,0.101507,0.702193,8.93791,0.599055,43.4493,73.6866,204.124,9.6128,20.2404,4.61262,0.0,26.2485,34.4905,7.4766,26.4946,13.6692,19.0223,9.25524,23.0744,8.85786,0.0
14.989,1.47443,17.7195,117.339,0.0,1.12145,0.615916,0.327114,11.6686,9.87341,67.3121,11.0936,18.178,22.8568,0.587519,0.7607,21.8282,18.6812,0.421995,0.388879,15.6641,0.319092,0.530159,1.64957,45.6591,52.3929,6.95706,0.0007837,19.2416,28.5489,322.194,0.753365,53.0933,8.72808,15.1717,45.4265,3.57037,34.6796,6.2189,0.758879,2.94273,2.84284,1.64023,2.42872,0.0,1.42464,0.00982386,0.0,0.68406,0.280168,0.433251,2.76604,2.73289,2.28301,0.968833,0.712109,3.74676e-08,1.67819,1.67537,0.849348,0.00838082,0.0,0.0342205,2.78502,0.0246631,0.323481,0.329434,1.20638,3.23627,1.24321,0.573015,0.674167,0.12976,0.522969,1.68243,5.08568,1.94658,5.49196,174.091,10.0957,0.339523,4.23469,18.8016,1.10935,0.411769,1.39573,2.79748,1.4838,2.70066,12.9472,0.560314,0.00215071,0.610061,0.101739,0.713635,8.98054,0.606609,43.621,73.734,204.152,9.69415,20.2581,4.60244,0.0,26.2205,34.5075,7.52592,26.7795,13.7668,19.1213,9.41535,22.9835,8.84996,0.0
14.6587,1.48557,17.7299,117.569,0.0,1.11942,0.600207,0.329423,11.7897,9.87747,67.5067,11.1068,17.9432,22.8489,0.593018,0.760418,21.8661,18.6185,0.423598,0.387491,15.6614,0.329336,0.530678,1.66636,45.6479,52.2447,6.89551,0.000812877,19.4433,28.8556,323.137,0.765051,53.1915,8.75015,15.3617,45.6069,3.63544,34.7217,6.26671,0.754436,2.95154,2.81661,1.61805,2.43376,0.0,1.42032,0.00925962,0.0,0.650906,0.279574,0.437909,2.75802,2.7268,2.17092,0.979656,0.711643,3.82354e-08,1.68755,1.69095,0.859114,0.00815157,0.0,0.030108,2.79674,0.0265291,0.318836,0.327571,1.22353,3.27284,1.18694,0.563833,0.684393,0.127772,0.522234,1.69227,5.09251,1.93891,5.50089,175.053,9.95024,0.329489,4.24325,18.8745,1.10098,0.408878,1.40637,2.78626,1.468,2.705,12.7097,0.565697,0.00250462,0.613832,0.106922,0.747495,9.08168,0.603584,43.5078,73.7692,203.838,9.71821,20.2595,4.58251,0.0,26.1995,34.5487,7.52416,26.5683,13.6548,19.0517,9.42638,23.0331,8.68858,0.0
14.9007,1.49274,17.7607,117.122,0.0,1.13557,0.56687,0.322214,11.8719,9.89456,67.4346,11.179,18.0601,22.8641,0.593128,0.760209,21.9708,18.6782,0.422947,0.392219,15.6269,0.327039,0.537221,1.67362,45.1153,51.6099,6.98439,0.000769768,19.3829,28.839,322.574,0.7597,53.1548,8.76271,15.3017,45.4939,3.60186,34.4699,6.09871,0.760763,2.96784,2.84423,1.64827,2.44327,0.0,1.41922,0.00980935,0.0,0.668546,0.287176,0.442459,2.75868,2.71608,2.21584,0.917498,0.713044,3.96811e-08,1.66139,1.70528,0.873796,0.00860904,0.0,0.0319941,2.83278,0.0278866,0.323556,0.321911,1.232,3.32547,1.18793,0.565983,0.703633,0.125989,0.510932,1.66307,5.13312,1.88985,5.51473,175.422,10.0239,0.328438,4.17598,19.0507,1.12594,0.418,1.40568,2.78329,1.46961,2.7222,12.6466,0.553604,0.0027326,0.607827,0.109468,0.764279,9.06869,0.605893,43.3934,73.5077,203.775,9.77437,20.2074,4.59625,0.0,26.1997,34.5359,7.48389,26.5663,13.5219,19.1596,9.48132,22.9808,8.86145,0.0
15.0043,1.50088,17.7536,117.238,0.0,1.00129,0.489139,0.325271,11.6864,9.91796,67.4688,11.2067,17.781,22.8488,0.578746,0.760443,21.965,18.7342,0.4203,0.371236,15.5367,0.328734,0.538649,1.64919,44.4491,51.3675,7.08832,0.00080581,19.5867,28.9234,320.713,0.769141,52.7762,8.73888,15.1746,45.444,3.68817,34.1502,6.15833,0.758382,2.9426,2.823,1.65644,2.42035,0.0,1.42197,0.010195,0.0,0.674724,0.290779,0.447068,2.80149,2.67038,2.2458,0.929172,0.723727,4.11475e-08,1.65171,1.7186,0.871254,0.00866732,0.0,0.0334032,2.87063,0.0276784,0.325411,0.324567,1.21711,3.33765,1.22705,0.562934,0.718636,0.128794,0.511386,1.68755,5.13055,1.91296,5.52506,174.944,10.0306,0.32061,4.20832,19.2201,1.11952,0.416501,1.39909,2.78475,1.47898,2.71799,12.7886,0.582569,0.0029334,0.615268,0.104838,0.68966,9.14763,0.610142,43.6178,73.6667,204.282,9.90392,20.2134,4.59132,0.0,26.1882,34.5131,7.55898,26.7415,13.6537,19.4676,9.5356,22.9554,8.80946,0.0
15.2713,1.50128,17.7862,117.544,0.0,1.05673,0.514862,0.327932,11.7784,9.93949,67.4393,11.1281,17.7822,22.9036,0.587059,0.760617,21.9559,18.7372,0.424274,0.364294,15.55,0.331876,0.538774,1.66725,43.5647,51.2069,7.00645,0.00083476,19.7665,28.6645,319.894,0.771703,52.9033,8.74032,15.1956,45.2738,3.77042,34.7095,6.3096,0.764366,2.97446,2.85033,1.67504,2.45551,0.0,1.42477,0.0102775,0.0,0.687894,0.293725,0.451659,2.82709,2.69135,2.27364,0.948436,0.731855,4.22271e-08,1.66663,1.7345,0.890246,0.00866314,0.0,0.0337246,2.9162,0.0292269,0.328867,0.326971,1.23492,3.41066,1.21106,0.565596,0.739367,0.125062,0.520378,1.70993,5.11458,1.93124,5.56145,175.11,10.0167,0.325371,4.26655,18.9636,1.12159,0.421607,1.40823,2.79262,1.48972,2.76132,12.8543,0.586837,0.00288503,0.624705,0.108287,0.709209,9.19138,0.618233,43.8591,73.8479,204.538,9.93678,20.2234,4.59893,0.0,26.295,34.4007,7.59168,26.9806,13.8452,19.4646,9.7023,23.1187,8.94373,0.0
14.8631,1.51404,17.8392,116.243,0.0,1.07121,0.498494,0.330618,11.6732,9.85908,67.5303,11.0466,17.8145,22.9287,0.592381,0.760194,21.8515,18.6299,0.425848,0.373792,15.464,0.34343,0.535803,1.71477,44.1115,50.2668,6.84355,0.000807019,19.971,28.5939,316.292,0.759119,52.8719,8.75927,15.3634,45.4691,3.84222,34.7085,6.13588,0.762991,2.94133,2.79251,1.66166,2.40283,0.0,1.42258,0.00962617,0.0,0.694635,0.301124,0.443421,2.82772,2.64684,2.2869,0.971534,0.739284,4.14569e-08,1.67065,1.70867,0.894758,0.00843688,0.0,0.0316991,2.94844,0.027947,0.332084,0.328562,1.22739,3.47834,1.22437,0.567387,0.755293,0.125856,0.524869,1.71906,5.02069,1.93893,5.58056,173.501,9.97825,0.329307,4.27993,18.3692,1.17099,0.437691,1.41771,2.79653,1.49079,2.83551,12.802,0.583884,0.00310089,0.628953,0.108179,0.721557,9.21334,0.607504,43.8458,74.0651,204.902,9.82474,20.2316,4.57179,0.0,26.2574,33.8213,7.54914,26.9662,13.8716,19.4639,9.71985,23.0707,8.90711,0.0
14.3585,1.51472,17.1068,116.439,0.0,1.06111,0.518288,0.332665,11.7179,9.77371,66.8623,11.02,17.7916,22.926,0.594088,0.760396,21.7772,18.5987,0.427348,0.381602,15.456,0.338448,0.543879,1.71822,44.0339,50.7005,6.60278,0.000785752,19.7269,28.2564,312.27,0.767419,52.8569,8.72922,14.7806,45.466,3.76958,33.8947,5.83679,0.752173,2.80688,2.68282,1.59881,2.28921,0.0,1.41998,0.00871135,0.0,0.664358,0.303381,0.450243,2.8943,2.65173,2.21928,0.946371,0.726137,3.92968e-08,1.66436,1.73054,0.899145,0.00763766,0.0,0.0284492,2.90767,0.0271491,0.330013,0.330141,1.22564,3.45343,1.24449,0.563419,0.739306,0.126553,0.49462,1.66675,5.03599,1.95321,5.47981,173.096,9.98813,0.328661,4.18936,18.2749,1.16452,0.435333,1.42532,2.7968,1.47559,2.85569,12.9076,0.590003,0.00308866,0.627514,0.108087,0.731243,9.13586,0.610406,43.9449,73.5582,203.984,9.88226,20.2438,4.58162,0.0,26.2115,34.0656,7.56693,26.6933,13.731,19.5338,9.12006,22.6202,8.3835,0.0
14.1898,1.52467,17.01,116.37,0.0,1.09883,0.541439,0.33459,11.8398,9.72707,66.9721,10.8472,17.9236,22.8977,0.59609,0.760594,21.5391,18.4193,0.426735,0.387107,15.5645,0.343298,0.552674,1.76049,44.2787,51.5851,6.5836,0.000831205,19.9082,27.6781,305.251,0.78419,52.7756,8.77233,14.7687,45.2363,3.88224,33.2405,5.19038,0.734415,2.74768,2.65756,1.56224,2.27595,0.0,1.4226,0.00815886,0.0,0.67296,0.29649,0.455066,2.95726,2.64677,2.17792,0.934294,0.724529,3.30587e-08,1.6654,1.74835,0.915042,0.00678616,0.0,0.0256811,2.92216,0.0268875,0.325686,0.331706,1.20911,3.51156,1.26864,0.557517,0.747801,0.128593,0.488917,1.67454,5.05936,1.97072,5.50767,173.226,10.0071,0.330162,4.19734,18.4447,1.21758,0.45305,1.42584,2.79664,1.47857,2.84606,12.5706,0.637339,0.00364921,0.619321,0.112216,0.72577,9.22796,0.612381,43.9528,73.8835,203.737,10.2802,20.2418,4.57786,0.0,26.1412,34.2599,7.65157,26.6347,13.6053,20.0034,8.67777,21.9989,7.93953,0.0
14.4689,1.52994,16.6386,114.89,0.0,1.08177,0.543664,0.336733,11.6459,9.76575,66.9726,10.9081,17.9835,22.9508,0.602323,0.760806,21.6782,18.4358,0.429276,0.393548,15.5933,0.329717,0.561355,1.70037,44.2785,50.3415,6.6017,0.000863991,19.8463,27.5736,306.647,0.764655,52.9513,8.71817,14.8784,45.0909,3.92714,33.8627,5.40805,0.743168,2.76843,2.69043,1.58088,2.30474,0.0,1.42424,0.00857568,0.0,0.675847,0.300577,0.449327,3.00762,2.65932,2.19005,0.927328,0.731946,3.33741e-08,1.65872,1.76128,0.910717,0.00732881,0.0,0.0262743,2.90837,0.0263645,0.329879,0.331772,1.1959,3.5681,1.29143,0.557232,0.763315,0.13222,0.490642,1.63802,5.05282,1.96931,5.45808,173.557,9.85022,0.306013,4.13824,18.3358,1.19309,0.433765,1.43484,2.80137,1.48411,2.84578,12.5258,0.650565,0.00349973,0.613664,0.106908,0.715621,9.23838,0.611145,43.9483,73.8298,203.935,10.2325,20.2201,4.52813,0.0,26.0137,34.3861,7.71662,26.4318,13.3982,20.1596,8.5567,21.8195,7.77,0.0
15.3322,1.53606,15.751,114.645,0.0,1.11271,0.548395,0.337835,11.4777,9.79838,66.5957,11.0534,18.1762,22.9536,0.603477,0.761028,21.924,18.5315,0.430804,0.388274,15.7475,0.340241,0.569911,1.67216,43.4958,48.1895,6.45124,0.000836345,19.8791,27.746,309.425,0.759228,52.9025,8.69046,15.0511,45.0902,3.93364,34.3763,5.68723,0.758768,2.80219,2.75046,1.57541,2.34253,0.0,1.42623,0.00906549,0.0,0.689004,0.300486,0.455332,2.91972,2.67773,2.22419,0.910339,0.726549,3.38584e-08,1.65919,1.75405,0.92941,0.0077395,0.0,0.0278417,2.95623,0.0281654,0.332876,0.324512,1.21301,3.54572,1.27504,0.559768,0.73631,0.129739,0.489283,1.55768,5.08506,1.9288,5.41587,173.114,9.7833,0.304206,4.03141,17.765,1.13441,0.411702,1.393,2.75383,1.4613,2.71055,12.3499,0.697681,0.00338352,0.605306,0.102092,0.714268,9.1447,0.604726,43.9907,73.6303,203.528,10.2587,20.2015,4.47683,0.0,25.9048,34.1367,7.74223,26.1392,13.196,20.0576,8.72859,22.1304,8.04801,0.0
16.0287,1.54168,15.6667,114.532,0.0,1.09781,0.563885,0.337778,11.5551,9.81805,66.4473,11.157,18.1239,22.9704,0.590396,0.76123,22.0707,18.6114,0.43048,0.363854,15.8187,0.357013,0.578158,1.68304,42.8856,44.3802,6.45063,0.000880393,19.9985,27.956,312.548,0.758186,52.9494,8.72296,15.1945,45.2159,3.92886,34.7993,5.8646,0.760447,2.83218,2.76826,1.57867,2.37383,0.0,1.42238,0.00916609,0.0,0.651008,0.293425,0.456358,2.76159,2.68584,2.17354,0.926406,0.722157,3.17741e-08,1.66618,1.70429,0.904907,0.00761699,0.0,0.029216,2.92051,0.0293068,0.334466,0.32443,1.20508,3.35098,1.21985,0.561428,0.684925,0.125061,0.497437,1.56054,4.92649,1.92335,5.37858,173.884,9.56819,0.301642,4.03781,17.4225,1.15083,0.418478,1.38426,2.75439,1.43867,2.71833,12.3212,0.716161,0.0032727,0.578073,0.10527,0.724088,9.10591,0.609967,43.9986,73.7649,203.796,10.2359,20.1953,4.50527,0.0,25.9648,34.0892,7.7517,26.2748,13.2416,19.9898,8.7377,22.3925,8.20852,0.0
16.296,1.52721,15.5791,114.499,0.0,1.11774,0.565937,0.339291,11.5595,9.83845,66.4931,11.2355,18.2416,23.0207,0.598799,0.761407,22.1659,18.6763,0.43242,0.371137,16.0084,0.35263,0.58437,1.67111,43.2478,44.4221,6.3985,0.000859323,20.0071,27.6159,311.129,0.767305,52.8974,8.72174,15.2388,44.7809,3.86435,35.0936,6.00425,0.762291,2.82978,2.7613,1.58368,2.36749,0.0,1.42284,0.00856203,0.0,0.657115,0.284819,0.45148,2.82218,2.66402,2.14733,0.921291,0.728066,3.57132e-08,1.66211,1.72899,0.91509,0.00729819,0.0,0.0259401,2.93627,0.0272318,0.338104,0.322902,1.19301,3.31914,1.23639,0.562876,0.6922,0.128011,0.508646,1.56494,4.98679,1.90785,5.41589,174.802,9.55386,0.299154,4.06396,17.0849,1.13122,0.407592,1.381,2.74563,1.45128,2.64877,12.2106,0.720768,0.00358742,0.555676,0.105337,0.721207,9.03939,0.625021,44.0793,73.8247,203.938,10.0535,20.1928,4.4709,0.0,25.9694,33.8853,7.68987,26.3335,13.2931,19.76,8.90417,22.6074,8.36927,0.0
16.3031,1.53293,15.5115,114.592,0.0,1.06409,0.566615,0.342062,11.6345,9.83376,66.6473,11.2017,18.1622,23.0568,0.592925,0.761549,22.1124,18.6994,0.433902,0.373982,15.9831,0.360617,0.581421,1.69662,44.1694,44.6188,6.47216,0.000890988,20.2041,27.7694,311.269,0.784425,52.6492,8.74963,15.3413,44.7795,3.89161,34.6892,5.89559,0.761489,2.79573,2.75192,1.60001,2.3292,0.0,1.4259,0.00865471,0.0,0.6723,0.293696,0.457437,2.89519,2.67884,2.17189,0.936534,0.739521,3.32944e-08,1.67814,1.74571,0.931014,0.00778158,0.0,0.0241401,2.98317,0.0277821,0.341441,0.325562,1.18986,3.41585,1.2718,0.564493,0.711363,0.129368,0.517812,1.58453,4.98078,1.93006,5.45809,175.277,9.6314,0.305227,4.13125,16.7743,1.13346,0.415097,1.37372,2.75087,1.43717,2.6616,12.333,0.702587,0.00365182,0.560123,0.112354,0.739374,9.04854,0.61837,44.1134,74.1166,204.222,9.96864,20.2055,4.45311,0.0,25.9855,33.944,7.69512,26.3277,13.3477,19.6523,9.17572,22.9188,8.55771,0.0
16.0849,1.53187,15.5529,114.591,0.0,1.06762,0.586051,0.344203,11.6885,9.84057,66.745,11.0321,17.9958,23.0559,0.592089,0.761761,21.938,18.4736,0.427056,0.379829,15.8979,0.368858,0.589107,1.71595,44.4412,44.9093,6.48392,0.000925166,20.3208,27.9903,309.954,0.77631,52.489,8.75945,15.4536,45.2086,3.86896,33.9056,5.82978,0.750576,2.76746,2.66028,1.58907,2.2514,0.0,1.42816,0.00889878,0.0,0.679463,0.294738,0.461854,2.94631,2.68948,2.20096,0.949747,0.740192,3.73375e-08,1.6932,1.75987,0.944389,0.00754503,0.0,0.0260117,3.02717,0.0261614,0.344483,0.327261,1.18066,3.49342,1.27408,0.566129,0.742263,0.130366,0.518589,1.6025,5.02507,1.93633,5.48922,176.049,9.71974,0.305412,4.15334,16.7116,1.16632,0.426763,1.38464,2.76129,1.45116,2.69534,12.4525,0.689426,0.00352265,0.560602,0.115587,0.722301,8.9606,0.594375,43.7837,73.9232,203.879,9.97441,20.2152,4.45832,0.0,26.0111,33.916,7.63322,26.2645,13.3396,19.6148,9.11006,22.9793,8.46449,0.0
15.7445,1.53312,15.5784,114.306,0.0,1.10664,0.582893,0.346235,11.8229,9.84027,66.6333,10.9039,17.9357,23.0772,0.599115,0.76193,21.8401,18.3842,0.430931,0.372408,15.9075,0.373375,0.59671,1.73722,44.011,44.7124,6.52747,0.000955534,20.4308,28.2798,311.793,0.775309,52.6814,8.68709,15.5896,45.1948,3.84274,33.8718,5.75455,0.756324,2.76749,2.67001,1.61543,2.25329,0.0,1.42726,0.00944834,0.0,0.656276,0.295685,0.466349,2.74327,2.7025,2.17998,0.94867,0.732567,3.85292e-08,1.70119,1.77479,0.957808,0.0081089,0.0,0.0274502,2.94521,0.0258566,0.340145,0.327596,1.17092,3.4333,1.30901,0.562492,0.685666,0.125149,0.524264,1.55883,5.06106,1.92237,5.44333,175.322,9.7014,0.303166,4.10109,16.9942,1.19923,0.439977,1.38065,2.7634,1.42746,2.69525,12.429,0.701244,0.00361795,0.581076,0.113487,0.735896,8.98423,0.582936,43.9482,74.0499,204.425,10.0496,20.226,4.46334,0.0,26.0401,34.0915,7.71989,26.4577,13.4199,19.7763,9.32243,23.2059,8.68436,0.0
15.4878,1.53877,15.6183,114.509,0.0,1.13055,0.606521,0.325105,11.943,9.73209,66.0508,10.7554,17.886,23.0549,0.595732,0.762084,21.4622,18.2919,0.432896,0.379541,16.0157,0.36537,0.604693,1.73217,43.7496,44.7698,6.47665,0.000987703,20.5863,28.3857,308.826,0.779435,52.3994,8.6558,15.611,45.3002,3.93347,33.1824,5.57128,0.753227,2.67981,2.63242,1.62134,2.17761,0.0,1.41632,0.00978495,0.0,0.667168,0.300787,0.46756,2.75687,2.70254,2.22207,0.936342,0.725516,4.05429e-08,1.69377,1.7325,0.941706,0.00833979,0.0,0.0288199,2.98652,0.0275271,0.339897,0.319633,1.17094,3.25834,1.31568,0.565178,0.639029,0.123695,0.522418,1.53064,5.08495,1.85934,5.41493,174.367,9.70264,0.298797,4.0188,17.0629,1.20786,0.43882,1.39365,2.76449,1.438,2.73711,12.4251,0.69088,0.00343228,0.601508,0.110423,0.750983,9.01703,0.581685,43.9045,73.9047,204.385,9.95942,20.2411,4.46349,0.0,26.071,34.0828,7.62036,26.3986,13.4018,19.6652,9.32605,23.386,8.84695,0.0
15.2183,1.54475,15.683,114.506,0.0,1.15883,0.634089,0.327916,12.0457,9.73582,65.9635,10.8195,17.8685,22.9999,0.597656,0.761336,21.4683,18.3401,0.431506,0.385669,16.0071,0.358984,0.611056,1.71094,43.6347,44.9665,6.45368,0.00102415,20.5948,28.2869,310.071,0.783107,52.5171,8.69506,15.6491,45.5003,3.99401,33.1764,5.55864,0.761978,2.71979,2.6592,1.63613,2.20888,0.0,1.41685,0.00971826,0.0,0.659511,0.300981,0.457341,2.81406,2.70176,2.22686,0.934593,0.709167,3.95504e-08,1.70764,1.70061,0.94383,0.00794964,0.0,0.0301983,2.9948,0.0272816,0.334409,0.318478,1.17676,3.33645,1.35066,0.562737,0.644983,0.12511,0.530419,1.52978,5.11449,1.86654,5.37532,173.901,9.78068,0.303389,4.08285,17.1556,1.22329,0.44332,1.39722,2.77415,1.44545,2.74443,12.4085,0.681586,0.00330613,0.605076,0.109515,0.771014,9.17005,0.589844,44.3222,74.0985,203.666,10.0465,20.2518,4.4611,0.0,26.0649,34.0128,7.679,26.2655,13.2688,19.9461,9.12189,23.216,8.80545,0.0
15.2661,1.55266,15.7673,114.549,0.0,1.14404,0.592073,0.327701,12.0742,9.67606,66.2071,10.7253,17.7226,23.0535,0.603452,0.761525,21.2559,18.2604,0.434406,0.38314,16.008,0.365341,0.618067,1.73551,43.5775,45.5564,6.49211,0.00105682,20.3643,28.1876,312.236,0.769823,52.574,8.7045,15.5027,45.6793,3.93951,33.3051,5.58574,0.761534,2.70998,2.6539,1.65304,2.20124,0.0,1.41946,0.00958796,0.0,0.666247,0.288433,0.443803,2.86975,2.71048,2.18035,0.917778,0.721682,4.17396e-08,1.68454,1.69656,0.952154,0.00735359,0.0,0.0283978,2.99106,0.0269836,0.338985,0.321166,1.17685,3.36798,1.36606,0.56222,0.629481,0.124331,0.504335,1.5261,5.10851,1.88469,5.41085,175.895,9.78702,0.306964,4.02948,17.4431,1.25615,0.456233,1.38551,2.7707,1.45376,2.77334,12.4174,0.707621,0.00318213,0.606738,0.107082,0.732473,9.20488,0.587334,43.9309,74.4491,204.091,10.0013,20.2461,4.4306,0.0,25.752,34.166,7.73305,26.2055,12.9863,20.2209,8.78205,22.7151,8.76519,0.0
15.2401,1.50845,15.8435,115.19,0.0,1.14055,0.545621,0.330929,12.161,9.67087,66.3818,10.7744,17.9071,23.085,0.60825,0.76171,21.306,18.2958,0.432788,0.382134,16.0527,0.374154,0.625535,1.7426,44.1164,45.8245,6.51092,0.0010248,20.4612,28.0935,312.148,0.783952,52.6365,8.70432,15.5197,45.461,3.98208,33.3963,5.68786,0.759763,2.68747,2.63029,1.65195,2.18675,0.0,1.41594,0.0098145,0.0,0.669919,0.297759,0.451556,2.92635,2.71845,2.22607,0.938493,0.705833,4.39229e-08,1.68896,1.71816,0.957379,0.00754169,0.0,0.0302393,2.95698,0.0267345,0.335029,0.317484,1.17894,3.38748,1.40333,0.562019,0.622803,0.123507,0.506478,1.55263,5.14038,1.85951,5.41905,177.374,9.72676,0.310419,4.0505,17.4567,1.26291,0.458568,1.39897,2.7842,1.46372,2.79202,12.5208,0.747179,0.00360873,0.620002,0.108,0.732758,9.2037,0.585746,44.0071,74.4425,203.906,10.2239,20.2578,4.43656,0.0,25.8135,34.2386,7.79785,26.0903,13.0165,20.5851,8.69138,22.8256,8.64992,0.0
15.1305,1.5227,15.9041,115.021,0.0,1.11555,0.517442,0.330249,12.2638,9.68154,66.2808,10.833,18.046,23.1015,0.601112,0.761945,21.4182,18.3253,0.432007,0.394124,16.2549,0.382715,0.63298,1.77203,44.4005,46.6413,6.57616,0.00106141,20.5229,28.2075,312.186,0.79742,52.6696,8.69195,15.5876,45.6096,3.99717,33.1468,5.73637,0.762226,2.71684,2.65909,1.665,2.21771,0.0,1.41909,0.010002,0.0,0.683643,0.30416,0.457467,2.96921,2.70956,2.27136,0.960377,0.717736,4.56576e-08,1.70468,1.73518,0.972256,0.00777537,0.0,0.0316343,3.01568,0.0265979,0.33917,0.320221,1.18114,3.48459,1.41842,0.56475,0.64966,0.126134,0.511866,1.56747,5.1817,1.88309,5.45456,178.69,9.83053,0.315088,4.105,17.6262,1.30003,0.469572,1.40473,2.78821,1.44692,2.79402,12.5611,0.735083,0.00404164,0.637042,0.111018,0.73474,9.2487,0.58839,44.1904,74.6975,203.956,10.265,20.2733,4.45219,0.0,25.8918,34.121,7.78299,26.0329,12.9336,20.7161,8.6988,23.0713,8.6553,0.0
14.9408,1.5273,15.8732,114.924,0.0,1.12312,0.534615,0.332138,12.3183,9.59695,66.3413,10.5877,18.0028,23.1208,0.605272,0.761398,21.0749,18.1138,0.435486,0.401617,16.3446,0.385587,0.640832,1.80004,44.957,47.1543,6.60502,0.00109806,20.5358,28.1736,308.815,0.803398,52.5157,8.70739,15.6837,45.6644,3.89496,32.3496,5.63976,0.742043,2.72182,2.64576,1.54854,2.22653,0.0,1.42125,0.0105237,0.0,0.688693,0.310484,0.462006,3.05671,2.68344,2.31143,0.96266,0.712565,4.75385e-08,1.71783,1.75039,0.985799,0.00820163,0.0,0.0330417,3.04128,0.0251737,0.337794,0.32213,1.17969,3.56996,1.4394,0.566354,0.678469,0.122267,0.521846,1.57832,5.21698,1.90146,5.46849,178.877,9.75503,0.308448,4.14754,17.8325,1.32352,0.478464,1.41579,2.80243,1.44092,2.83772,12.5903,0.724907,0.00431243,0.653614,0.111769,0.743719,9.32736,0.587315,44.6266,74.5577,203.27,10.2808,20.2877,4.4341,0.0,25.8699,34.446,7.84909,25.7374,12.7995,21.034,8.45771,23.1632,8.1299,0.0
14.5686,1.52565,15.9221,115.339,0.0,1.17423,0.550839,0.335091,12.4354,9.56468,66.496,10.3643,18.0561,23.0935,0.61178,0.761595,20.8562,17.9953,0.430234,0.410195,16.4344,0.389692,0.648256,1.83459,44.9925,46.9964,6.62069,0.00113149,20.7017,28.2689,307.522,0.808361,52.195,8.69997,15.7001,45.6899,3.9992,31.491,5.45907,0.741815,2.74137,2.62108,1.53806,2.23834,0.0,1.41462,0.00881057,0.0,0.689234,0.313622,0.43046,2.91063,2.68712,2.2541,0.966635,0.68128,4.5175e-08,1.71347,1.64383,0.999326,0.00656874,0.0,0.0303785,3.06723,0.0270298,0.334331,0.31567,1.19111,3.58192,1.39401,0.565254,0.680292,0.120798,0.526583,1.54476,5.2224,1.8515,5.37042,178.487,9.75642,0.310937,4.07706,18.0033,1.36965,0.497974,1.42214,2.81387,1.44151,2.90718,12.6979,0.741958,0.0042106,0.671606,0.11195,0.74273,9.28277,0.579015,44.6501,74.6781,202.838,10.2866,20.3011,4.36805,0.0,25.7199,34.269,7.87311,25.4046,12.6606,21.2727,8.21974,22.927,7.86212,0.0
14.5321,1.52646,16.0161,115.561,0.0,1.13783,0.549699,0.336496,12.5012,9.60227,66.2877,10.4807,18.1211,23.0042,0.61574,0.761443,21.0355,18.0693,0.4146,0.402491,16.5615,0.384324,0.655881,1.83608,45.4149,46.411,6.68757,0.00116207,20.6367,28.5507,307.225,0.816491,52.3725,8.7415,15.8501,45.9168,4.04451,31.609,5.44388,0.749379,2.79544,2.65287,1.57087,2.28369,0.0,1.41785,0.00939632,0.0,0.703079,0.32,0.435617,2.92651,2.6891,2.28902,0.950036,0.693984,4.45995e-08,1.72654,1.65139,1.0128,0.00688166,0.0,0.0322833,3.11301,0.0265561,0.338748,0.318396,1.17195,3.67614,1.43328,0.567848,0.709791,0.122005,0.521931,1.55348,5.26318,1.87369,5.40609,180.771,9.82725,0.315463,4.09797,18.2834,1.40933,0.50264,1.43016,2.82844,1.4554,2.92328,12.7512,0.728035,0.00405003,0.684009,0.10957,0.707786,9.30079,0.587227,44.7798,75.0679,203.396,10.2575,20.3091,4.36753,0.0,25.808,34.2853,7.9462,25.4674,12.7674,21.5166,8.13816,23.0505,7.82955,0.0
14.6782,1.53694,16.0905,115.805,0.0,1.12853,0.524203,0.319505,12.4708,9.62803,66.5158,10.6053,18.2428,23.0425,0.619904,0.761609,21.2503,18.1475,0.411863,0.397888,16.6677,0.377004,0.662336,1.809,45.0712,45.9077,6.61262,0.00119457,20.7164,28.8604,309.596,0.80072,52.5307,8.76567,15.9335,46.2265,4.11596,31.9041,5.45298,0.748394,2.76737,2.62686,1.58385,2.24677,0.0,1.42025,0.00993615,0.0,0.715277,0.32627,0.442875,2.93927,2.70014,2.33433,0.972109,0.704654,4.69455e-08,1.70978,1.66562,1.02217,0.00739358,0.0,0.0336924,3.12695,0.0251068,0.342177,0.320073,1.17328,3.69893,1.46945,0.569419,0.732391,0.123201,0.531903,1.57696,5.296,1.88082,5.44876,182.09,9.92968,0.319603,4.12294,18.2902,1.41441,0.496557,1.43931,2.83223,1.44897,2.95859,12.7488,0.729674,0.00390745,0.701183,0.111912,0.719188,9.23894,0.606861,44.9815,74.8938,203.36,10.0043,20.3226,4.36209,0.0,25.849,34.2608,7.84778,25.6294,12.9139,21.3286,8.37305,23.3154,7.90104,0.0
14.7945,1.5353,16.1205,115.62,0.0,1.04011,0.523321,0.321567,12.5265,9.61742,66.509,10.5543,18.2162,22.8564,0.614638,0.761416,21.2369,18.0604,0.401375,0.400231,16.5857,0.380446,0.668061,1.79025,45.7215,46.0513,6.46484,0.00122495,20.7985,28.878,309.726,0.799156,52.6231,8.7571,15.9473,46.2369,4.15086,31.9969,5.50055,0.75087,2.75631,2.62751,1.60658,2.22996,0.0,1.41876,0.00853659,0.0,0.694277,0.323941,0.446733,2.93139,2.70275,2.26342,0.97618,0.685474,3.03318e-08,1.71341,1.6873,1.03628,0.00684487,0.0,0.0267523,3.11265,0.026883,0.334818,0.320485,1.18511,3.56429,1.42026,0.571024,0.720408,0.120668,0.52403,1.57677,5.33161,1.87537,5.40605,183.036,9.97278,0.310458,4.10571,18.082,1.42814,0.509107,1.4475,2.8476,1.45873,3.02527,12.8263,0.765096,0.00375156,0.712097,0.118706,0.749342,9.3198,0.6081,44.8704,74.9405,203.65,10.0706,20.3355,4.35096,0.0,25.8347,34.3755,7.837,25.7588,12.9814,21.5609,8.48751,23.3543,7.99916,0.0
14.8562,1.53302,16.1805,116.168,0.0,1.06623,0.529287,0.324911,12.6283,9.62325,66.4915,10.6112,18.3568,22.9067,0.621252,0.7616,21.2849,18.1356,0.402473,0.405046,16.6272,0.405874,0.674726,1.79041,46.5295,46.3204,6.49949,0.00125345,20.8681,28.863,311.859,0.81759,52.6368,8.73788,15.5469,46.3676,4.13514,32.0865,5.73904,0.742734,2.76089,2.59634,1.58919,2.2132,0.0,1.42191,0.00875812,0.0,0.707592,0.318868,0.437305,3.0269,2.71572,2.27327,0.992916,0.690156,3.20299e-08,1.72427,1.66022,1.04605,0.00683289,0.0,0.0273336,3.12494,0.026659,0.339762,0.323161,1.18706,3.5835,1.46821,0.572566,0.696699,0.121399,0.538057,1.59249,5.35548,1.89376,5.44747,184.952,10.07,0.316588,4.15911,18.3122,1.43681,0.510363,1.44795,2.84492,1.4625,3.03952,12.8181,0.79532,0.00370352,0.729335,0.123987,0.772701,9.42073,0.601155,45.2488,75.0705,203.003,10.1874,20.3467,4.34734,0.0,25.8033,34.4015,7.74931,25.7627,12.9565,21.6666,8.31058,23.3049,7.76442,0.0
15.1557,1.52471,16.2815,116.415,0.0,1.01188,0.539708,0.327067,12.8211,9.64907,66.5636,10.6867,18.436,22.9397,0.62602,0.761774,21.4326,18.2002,0.407036,0.403845,16.8336,0.432061,0.681922,1.83956,46.2536,45.8074,6.50428,0.00128932,21.0743,29.1022,313.158,0.826613,52.3338,8.67294,15.7367,46.0911,4.1528,32.4495,5.74374,0.748031,2.77101,2.62636,1.6096,2.2285,0.0,1.42074,0.00935293,0.0,0.721919,0.327362,0.443257,3.0206,2.72814,2.32581,0.977803,0.690534,3.67049e-08,1.7196,1.66731,1.06006,0.00735697,0.0,0.0292586,3.16858,0.0261185,0.343226,0.316109,1.19178,3.62257,1.48687,0.574144,0.713794,0.121733,0.541036,1.57956,5.37159,1.85286,5.45053,181.608,10.0937,0.319052,4.12482,18.2248,1.48838,0.52478,1.45276,2.84433,1.46784,3.08942,12.8595,0.822169,0.00473142,0.757096,0.129118,0.788589,9.54766,0.620467,45.99,75.5203,203.527,10.2056,20.3467,4.38769,0.0,25.9644,34.4042,7.78334,26.0726,13.125,21.9491,8.45607,23.6132,7.93293,0.0
14.9352,1.53281,16.2593,116.789,0.0,1.00336,0.537596,0.327954,12.8943,9.661,66.2619,10.8039,18.6149,22.9435,0.62299,0.761984,21.6108,18.2578,0.405919,0.411906,16.8748,0.424516,0.688863,1.81738,46.9942,45.7605,6.47291,0.00132393,20.8349,28.7334,311.539,0.827777,52.5129,8.70354,15.7023,45.9345,4.02035,32.5906,5.69763,0.746002,2.75213,2.63666,1.6229,2.24338,0.0,1.42251,0.00982342,0.0,0.724266,0.330735,0.448132,3.10371,2.7414,2.36574,0.977615,0.686872,3.51934e-08,1.73004,1.68396,1.04813,0.00776763,0.0,0.0306432,3.12036,0.0251622,0.33936,0.317954,1.19642,3.63342,1.44612,0.575665,0.736298,0.124592,0.52858,1.58365,5.40636,1.85225,5.47714,180.572,10.133,0.318961,4.13508,18.4416,1.47961,0.516698,1.45803,2.84811,1.47905,3.08342,12.9248,0.828539,0.00580774,0.787177,0.134642,0.804586,9.58655,0.627678,46.171,75.8143,203.62,10.3226,20.3577,4.42587,0.0,25.9804,34.6168,7.84021,26.192,13.0825,22.2746,8.48418,23.5758,8.01302,0.0
14.4799,1.54639,16.21,117.274,0.0,0.98079,0.544423,0.330451,12.9149,9.64424,66.5089,10.6557,18.5313,22.9849,0.627699,0.762127,21.4778,18.1559,0.409281,0.417593,16.9106,0.428094,0.695588,1.82468,47.5306,45.872,6.4047,0.00136501,20.4767,28.4711,309.088,0.847183,52.5535,8.73455,15.4645,45.9821,3.90772,32.1439,5.44364,0.750358,2.73929,2.65276,1.6431,2.26212,0.0,1.42381,0.00972302,0.0,0.724761,0.333298,0.452724,3.19098,2.75475,2.37274,0.985335,0.696055,3.72204e-08,1.73236,1.69953,1.06043,0.00776195,0.0,0.0310255,3.16797,0.0251015,0.343624,0.320082,1.20353,3.7134,1.45877,0.577139,0.761178,0.128046,0.524988,1.60503,5.44214,1.87018,5.51464,179.172,10.1133,0.324439,4.17605,18.6211,1.52426,0.523717,1.45286,2.86233,1.47789,3.08985,12.9082,0.802861,0.00725423,0.805782,0.142511,0.828794,9.52715,0.625576,46.2218,75.6952,203.679,10.5373,20.3597,4.46581,0.0,25.9384,34.9078,7.91505,26.2287,12.9112,22.5964,7.89237,22.4168,7.5278,0.0
14.8533,1.53979,16.2376,117.931,0.0,1.03079,0.571073,0.33268,12.969,9.6423,66.2421,10.6904,18.5553,22.8103,0.62796,0.761997,21.5193,18.202,0.400436,0.420585,16.8212,0.429852,0.702633,1.85413,47.29,45.1584,6.34252,0.00140524,20.1074,28.3775,311.389,0.852246,52.6527,8.75556,14.8933,46.2868,3.78691,32.4204,5.69047,0.754426,2.75345,2.70352,1.65112,2.29829,0.0,1.42719,0.00994872,0.0,0.741292,0.317728,0.457332,3.07046,2.76767,2.40942,1.01233,0.701856,3.40927e-08,1.74839,1.71556,1.07147,0.00772335,0.0,0.0324348,3.20253,0.0266319,0.345723,0.322451,1.21938,3.56682,1.43675,0.577629,0.728736,0.128042,0.535938,1.6277,5.40259,1.89587,5.53826,181.078,10.2066,0.328091,4.23653,18.7631,1.57138,0.538855,1.46027,2.87546,1.4891,3.12762,13.0447,0.82506,0.00821199,0.826255,0.150353,0.855626,9.6295,0.623279,46.538,75.7771,202.995,10.5619,20.3517,4.45441,0.0,25.8857,34.9853,7.93589,25.8627,12.7923,22.7918,7.85309,22.4291,7.52568,0.0
15.0316,1.54316,16.366,117.928,0.0,1.02674,0.592629,0.313821,12.9866,9.64935,66.059,10.666,18.5516,22.783,0.601267,0.762182,21.5137,18.1706,0.391245,0.424863,16.9826,0.426758,0.70949,1.87374,46.9044,44.1409,6.45703,0.00143736,19.6888,28.1289,310.029,0.868823,52.6341,8.76126,14.1139,46.323,3.70892,32.9398,5.78545,0.758076,2.77673,2.72496,1.66571,2.31852,0.0,1.42888,0.00976354,0.0,0.753277,0.311623,0.452086,3.13801,2.77771,2.43012,0.986082,0.706996,3.69702e-08,1.75134,1.7135,1.06332,0.00785753,0.0,0.0308133,3.24767,0.0265851,0.349351,0.319036,1.21778,3.53714,1.42686,0.577811,0.739254,0.124729,0.529859,1.60168,5.43651,1.88177,5.53712,181.738,10.2533,0.324193,4.22906,18.9135,1.5897,0.548824,1.46812,2.87526,1.49539,3.15697,13.0226,0.842626,0.00842811,0.840621,0.152687,0.840209,9.67759,0.616107,46.4782,75.8636,203.355,10.4186,20.3639,4.46602,0.0,25.9808,34.9697,7.89148,26.0194,12.895,22.7179,7.96568,22.5756,7.56878,0.0
15.116,1.55178,16.433,118.129,0.0,1.02116,0.543538,0.299731,13.0506,9.67802,66.2995,10.7535,18.6292,22.8527,0.603806,0.762301,21.6741,18.2329,0.396086,0.409116,16.9746,0.421959,0.716342,1.86307,47.0549,43.6998,6.55267,0.00146633,19.7211,28.2772,307.468,0.881196,52.6428,8.78896,13.9267,46.3719,3.74507,33.2928,5.81875,0.760922,2.81533,2.73253,1.68956,2.33298,0.0,1.43133,0.0101618,0.0,0.759919,0.321857,0.458352,3.16753,2.78813,2.45908,0.976648,0.707504,3.94921e-08,1.74865,1.72965,1.06479,0.00804444,0.0,0.0328423,3.28168,0.0264541,0.35062,0.321666,1.21991,3.63592,1.46773,0.577954,0.743862,0.12621,0.534953,1.58762,5.47711,1.89301,5.56008,183.655,10.3161,0.328828,4.2562,19.1253,1.6115,0.554708,1.47574,2.88211,1.50354,3.16279,12.9611,0.84495,0.00904239,0.849221,0.15864,0.879107,9.60852,0.607935,45.9948,75.5978,203.684,10.4037,20.3725,4.48992,0.0,26.0839,35.1045,7.93714,26.2888,13.0184,22.871,8.22871,22.9476,7.8144,0.0
15.3859,1.55916,16.5241,118.334,0.0,1.02921,0.540879,0.302556,13.1094,9.68737,66.0712,10.7492,18.5379,22.7922,0.578629,0.762095,21.6085,18.2712,0.387505,0.402999,17.1512,0.427886,0.723115,1.88017,46.583,43.4754,6.57216,0.00141311,19.8149,28.1174,307.627,0.900254,52.795,8.80535,13.7231,46.5404,3.78711,33.4657,5.83491,0.76762,2.83383,2.73767,1.68161,2.32351,0.0,1.43244,0.0103548,0.0,0.755083,0.32927,0.462881,3.22024,2.79142,2.46494,0.985865,0.718572,3.99929e-08,1.7524,1.74539,1.08031,0.00824954,0.0,0.0331079,3.32004,0.027412,0.354209,0.323687,1.22724,3.67149,1.43086,0.578135,0.754248,0.12909,0.530684,1.58856,5.51037,1.91344,5.58363,184.963,10.3542,0.33061,4.29931,19.0588,1.61415,0.555215,1.45131,2.86963,1.5023,3.0815,12.9609,0.867309,0.0086662,0.867982,0.163294,0.897163,9.58,0.602278,45.9166,75.7889,203.271,10.5275,20.3804,4.46664,0.0,26.0821,34.7952,7.94737,26.0665,13.0391,23.0753,8.39219,23.3227,8.02916,0.0
15.2121,1.55889,16.563,118.382,0.0,1.03338,0.54524,0.298154,13.1549,9.64177,66.2792,10.7044,18.5673,22.8492,0.584335,0.762275,21.5626,18.2138,0.389702,0.395456,17.0237,0.432156,0.728042,1.90431,47.5439,43.5163,6.50172,0.00146333,19.9851,28.3561,311.335,0.900699,52.7441,8.81088,13.8693,46.8357,3.80797,33.6411,5.94532,0.772669,2.83899,2.76377,1.70031,2.34348,0.0,1.43537,0.0103805,0.0,0.770542,0.335457,0.467434,3.28646,2.79027,2.49756,0.984271,0.723253,4.28035e-08,1.75021,1.76008,1.07859,0.00838713,0.0,0.033341,3.34107,0.0291051,0.356975,0.325339,1.22726,3.70696,1.47003,0.578282,0.753687,0.124232,0.53615,1.57015,5.52209,1.91715,5.60039,186.521,10.4074,0.334597,4.29277,19.1957,1.66556,0.572963,1.44735,2.87596,1.49691,3.07863,12.7104,0.867319,0.00907286,0.886088,0.163954,0.9263,9.52463,0.595254,45.8128,75.3078,203.17,10.5033,20.334,4.44403,0.0,26.0246,34.9485,7.84081,25.9928,12.8399,23.17,8.375,23.5368,8.15173,0.0
15.3754,1.56151,16.6083,118.48,0.0,1.03682,0.520142,0.302117,13.2332,9.64258,66.4808,10.6885,18.4793,22.8993,0.588715,0.762411,21.4471,18.2453,0.393744,0.4054,16.9644,0.428155,0.734551,1.90383,47.9652,44.0655,6.42977,0.00140037,19.8671,28.3309,311.234,0.904223,52.897,8.81428,13.9262,46.7979,3.7565,34.1342,6.00285,0.755951,2.83199,2.75474,1.66457,2.33828,0.0,1.43692,0.00984692,0.0,0.771254,0.34166,0.459931,3.37619,2.74962,2.4701,0.982239,0.728954,4.51576e-08,1.74981,1.76321,1.08349,0.00747378,0.0,0.033581,3.35503,0.0261397,0.359742,0.327034,1.20722,3.77597,1.42626,0.577732,0.759162,0.124548,0.539086,1.5821,5.51846,1.93406,5.62565,187.054,10.2359,0.336144,4.33449,19.3055,1.65648,0.579377,1.45709,2.88493,1.50458,3.1214,12.7453,0.891244,0.00935962,0.900943,0.171517,0.965293,9.5737,0.59635,45.909,75.3228,203.552,10.6961,20.2847,4.45316,0.0,26.1022,35.2271,7.91396,26.1647,12.9372,23.5829,8.32935,23.3819,8.25004,0.0
15.3757,1.57098,16.6161,117.609,0.0,1.05279,0.537228,0.305067,13.3478,9.55514,66.4782,10.53,18.1021,22.8687,0.592473,0.762554,21.1507,18.1245,0.386776,0.390037,16.8956,0.409762,0.741019,1.87932,48.5804,44.4294,6.36648,0.00144354,19.7514,28.3773,313.246,0.919662,52.7602,8.82625,14.1543,46.7407,3.62105,34.1672,6.13569,0.739698,2.78027,2.74197,1.57973,2.31273,0.0,1.43976,0.0104448,0.0,0.786156,0.347778,0.457572,3.42337,2.76065,2.51703,0.974136,0.734778,4.70398e-08,1.74575,1.77909,1.08391,0.00805454,0.0,0.0349986,3.39837,0.0246623,0.362832,0.32542,1.20163,3.87947,1.45825,0.578595,0.803583,0.124444,0.521258,1.57587,5.55896,1.93301,5.65186,189.442,10.3395,0.341324,4.30571,19.5919,1.64623,0.576162,1.44686,2.86822,1.50564,3.0516,12.6919,0.885641,0.00884209,0.920888,0.169162,0.98489,9.68678,0.592187,46.271,75.54,202.961,10.7129,20.1367,4.45022,0.0,26.0885,35.2935,7.92328,26.2298,12.8678,23.6782,8.13594,23.3483,8.08329,0.0
15.3844,1.55193,16.668,117.615,0.0,1.03476,0.54103,0.307212,13.489,9.51766,66.6069,10.3603,17.8566,22.8737,0.595009,0.761986,20.9981,18.01,0.389017,0.389212,16.8531,0.420854,0.746942,1.89445,48.9894,44.993,6.3888,0.0014815,19.4316,28.0319,310.153,0.911367,52.6532,8.80064,13.6585,46.1997,3.61867,33.7116,6.1068,0.737512,2.75273,2.70818,1.54005,2.28709,0.0,1.44234,0.0107789,0.0,0.797931,0.353876,0.449005,3.48535,2.76814,2.5514,0.947423,0.734923,4.33271e-08,1.72975,1.74605,1.09992,0.00823658,0.0,0.036432,3.43939,0.0252186,0.365743,0.326024,1.20821,3.87104,1.4653,0.578724,0.826105,0.127966,0.50715,1.594,5.58672,1.93645,5.67713,189.53,10.3952,0.344541,4.22276,19.7759,1.6999,0.596239,1.45233,2.85482,1.49637,3.10888,12.7163,0.887769,0.00905194,0.9185,0.168285,0.972499,9.61025,0.578957,46.1868,75.5103,203.216,10.7423,20.1795,4.47532,0.0,26.1522,35.408,7.99714,26.2259,12.8147,23.9963,8.06343,23.3464,8.12404,0.0
15.5159,1.55988,16.654,117.134,0.0,1.02518,0.517493,0.301898,13.5955,9.54817,66.2731,10.387,17.5538,22.8328,0.601163,0.762138,21.0471,17.9884,0.386818,0.386934,16.8016,0.427037,0.753184,1.90821,49.8735,45.9115,6.39692,0.00151227,19.2476,27.7086,309.973,0.923815,52.716,8.75464,12.9735,45.6094,3.65784,33.8816,6.26517,0.733893,2.72364,2.69111,1.50165,2.26984,0.0,1.44245,0.0100076,0.0,0.809412,0.346042,0.445956,3.42815,2.78174,2.54648,0.953121,0.720695,4.88209e-08,1.74028,1.71992,1.08592,0.00786092,0.0,0.0321205,3.40222,0.0270299,0.367492,0.323464,1.22599,3.93002,1.47065,0.578867,0.824364,0.124149,0.510235,1.57343,5.53472,1.90805,5.63898,191.334,10.2684,0.347141,4.09061,19.8679,1.74328,0.619984,1.4506,2.86561,1.49585,3.11901,12.6469,0.884026,0.00876647,0.941413,0.175524,0.981097,9.6404,0.564514,46.1296,75.3455,203.208,10.8107,20.2133,4.54444,0.0,26.3267,35.6849,8.04576,26.4777,12.9403,24.3107,8.03674,23.4557,8.09268,0.0
15.7023,1.56315,16.7197,116.949,0.0,1.05386,0.52844,0.305782,13.7865,9.50485,66.0771,10.38,17.189,22.7332,0.602138,0.758745,20.9091,18.0089,0.383901,0.361011,16.735,0.423382,0.759177,1.90295,50.1963,45.9149,6.33114,0.00154528,19.0653,27.7818,310.676,0.930064,52.6651,8.76601,12.8401,45.8302,3.58324,34.0393,6.33812,0.731132,2.73364,2.6689,1.51792,2.26314,0.0,1.44519,0.0103913,0.0,0.821146,0.355143,0.436182,3.50125,2.79547,2.5782,0.968423,0.725754,5.1391e-08,1.75221,1.64741,1.09737,0.00815915,0.0,0.0324125,3.40917,0.0285798,0.370153,0.326051,1.24404,3.95325,1.45289,0.579044,0.845357,0.127768,0.519992,1.58927,5.56032,1.92962,5.64551,193.608,10.2848,0.350709,4.15814,19.8657,1.71048,0.623907,1.46091,2.88053,1.50927,3.16052,12.703,0.899186,0.00841626,0.962403,0.180502,1.00196,9.63014,0.561971,46.1082,75.6765,203.48,11.0229,20.2181,4.53854,0.0,26.3833,35.6858,8.09884,26.5484,13.0523,24.6635,8.17286,23.7041,8.25783,0.0
15.5409,1.53641,16.6602,117.347,0.0,1.07375,0.518207,0.307965,13.8427,9.49074,66.2407,10.2186,17.1968,22.7289,0.607748,0.758091,20.726,17.8551,0.388781,0.369691,16.8625,0.439095,0.765266,1.91726,50.3899,45.9721,6.28503,0.00159027,19.1123,28.0501,312.231,0.913867,52.5498,8.77466,12.6819,45.6428,3.58807,34.2371,6.49948,0.733305,2.69908,2.67289,1.5251,2.24152,0.0,1.44397,0.0104388,0.0,0.805021,0.353992,0.441137,3.47804,2.80579,2.53249,0.956518,0.727495,5.34352e-08,1.75415,1.67269,1.10525,0.0083614,0.0,0.0308974,3.40534,0.028171,0.373295,0.323281,1.25421,4.0096,1.43208,0.57917,0.873688,0.126938,0.518432,1.57059,5.59963,1.9085,5.64252,194.082,10.2947,0.351503,4.10371,20.1263,1.69352,0.632199,1.46759,2.88684,1.51805,3.21118,12.6983,0.96962,0.00827945,0.994454,0.187066,1.01906,9.59707,0.570055,46.0024,75.8921,203.498,11.3856,20.239,4.5302,0.0,26.348,35.7582,8.15556,26.7502,13.0227,25.0865,8.3727,23.7152,8.52897,0.0
15.9851,1.53685,16.676,117.811,0.0,1.10639,0.539064,0.310735,13.9065,9.53958,66.345,10.3402,17.4209,22.6801,0.608314,0.758401,20.9894,17.9525,0.390686,0.380294,17.0226,0.451284,0.771258,1.93005,50.9327,46.2969,6.20963,0.00163791,18.9555,28.0577,312.172,0.901711,52.4298,8.7775,12.8423,45.5482,3.48219,34.6586,6.58447,0.740047,2.66467,2.69343,1.54725,2.23342,0.0,1.44664,0.0105338,0.0,0.819901,0.356315,0.445931,3.55589,2.78351,2.55878,0.904113,0.715645,5.55595e-08,1.75778,1.67678,1.12153,0.00884954,0.0,0.0311528,3.43266,0.0300171,0.375696,0.32298,1.2615,4.06862,1.42757,0.579308,0.907319,0.127652,0.51291,1.49358,5.63548,1.88798,5.55433,195.253,10.3621,0.344596,3.95101,20.2619,1.68818,0.644345,1.47323,2.88735,1.51495,3.25999,12.7016,1.0265,0.00807047,1.00375,0.18751,1.01218,9.61669,0.568995,45.6939,76.0668,203.665,11.5147,20.2642,4.51885,0.0,26.4192,35.9055,8.20286,26.772,13.0635,25.4173,8.49656,23.8336,8.71973,0.0
16.0438,1.53936,16.7668,118.027,0.0,1.11792,0.552646,0.29273,13.9144,9.5289,66.4493,10.3412,17.4308,22.7359,0.608881,0.758677,21.0269,17.9795,0.39257,0.352916,17.0342,0.466784,0.777218,1.94193,51.0307,46.6203,6.07654,0.00168786,18.9952,27.9834,310.074,0.884103,52.4469,8.80798,12.9447,45.3208,3.45952,34.3686,6.3581,0.737562,2.64465,2.68506,1.56457,2.21593,0.0,1.44792,0.0111365,0.0,0.81736,0.359392,0.430406,3.46633,2.7824,2.5897,0.911985,0.727274,5.92313e-08,1.76082,1.67546,1.13438,0.00928042,0.0,0.0330189,3.48114,0.0278958,0.378857,0.32567,1.25834,4.12306,1.47005,0.579439,0.934649,0.129817,0.523638,1.52046,5.66787,1.91169,5.58616,197.19,10.411,0.341562,4.01715,20.5382,1.70798,0.654639,1.46628,2.88365,1.51388,3.22783,12.7697,1.03354,0.00773684,1.02704,0.18774,0.974087,9.53319,0.559358,44.9483,75.9822,204.016,11.5155,20.2421,4.54808,0.0,26.4687,36.2147,8.21791,26.8964,13.1158,25.5163,8.59901,23.8308,8.76231,0.0
15.515,1.5504,16.7981,117.993,0.0,1.09114,0.563313,0.296532,14.0489,9.49669,66.5683,10.2545,17.2327,22.7659,0.613083,0.758963,20.9425,17.925,0.394432,0.341281,16.7515,0.474555,0.783032,1.95339,51.2193,47.1789,6.14511,0.00173656,19.2165,28.0994,310.341,0.891907,52.5734,8.82262,13.0502,45.316,3.50534,34.4176,6.31732,0.732074,2.60977,2.66709,1.53717,2.19463,0.0,1.44767,0.011432,0.0,0.803188,0.366134,0.438072,3.55515,2.73815,2.59457,0.912747,0.731179,6.14913e-08,1.74264,1.69371,1.14722,0.00971348,0.0,0.0329233,3.48361,0.0297325,0.374049,0.327449,1.25883,4.18558,1.43814,0.579552,0.943952,0.130895,0.528183,1.53893,5.6984,1.92593,5.5951,198.292,10.4217,0.345213,4.07412,20.5272,1.76581,0.672489,1.45845,2.8821,1.52064,3.27262,12.6652,1.03394,0.00795537,1.03363,0.190283,0.976118,9.45788,0.54162,44.3102,75.7756,203.846,11.5288,20.2715,4.60818,0.0,26.6091,36.5178,8.23644,27.1696,13.2419,25.689,8.64023,24.0014,8.68433,0.0
15.417,1.55738,16.8213,117.55,0.0,1.05833,0.547708,0.29894,14.0242,9.44963,66.6912,10.2776,17.1884,22.7766,0.617608,0.759245,20.9469,17.9276,0.396279,0.348787,16.7177,0.47422,0.78847,1.96857,52.2902,48.2367,6.31061,0.00179002,19.4009,28.2258,310.54,0.914576,52.5353,8.82253,13.1536,45.3633,3.51592,34.1215,6.33341,0.734883,2.66476,2.65539,1.5376,2.21288,0.0,1.44938,0.0109222,0.0,0.814949,0.362958,0.434585,3.59078,2.7471,2.5768,0.935334,0.716544,4.97348e-08,1.75492,1.67274,1.09162,0.00915628,0.0,0.0331849,3.38387,0.0305078,0.37434,0.325527,1.27464,4.16889,1.39449,0.579675,0.950946,0.133973,0.50899,1.52301,5.45882,1.91274,5.53502,197.919,10.0275,0.328203,4.04519,20.1066,1.77647,0.684141,1.46851,2.87915,1.52308,3.29,12.6321,1.02089,0.00772546,1.03911,0.195293,0.978272,9.45686,0.549194,44.4321,75.7691,203.844,11.6302,20.2895,4.64692,0.0,26.7205,36.8018,8.27758,27.3677,13.3293,25.9223,8.69261,24.1345,8.70117,0.0
15.6143,1.52064,16.8437,117.657,0.0,1.08175,0.558838,0.302323,14.1587,9.47882,66.7359,10.3963,17.2419,22.783,0.621975,0.759552,21.1345,17.9983,0.398094,0.358023,16.7551,0.484524,0.794194,1.97179,51.9916,48.2351,6.31327,0.00171098,19.3082,27.8294,308.962,0.927057,52.5829,8.82099,12.4732,45.2285,3.51819,34.3088,6.47992,0.741984,2.66663,2.69181,1.54964,2.22334,0.0,1.44176,0.0105098,0.0,0.800782,0.370491,0.44202,3.59584,2.72857,2.57381,0.927241,0.711617,3.56508e-08,1.75047,1.69642,1.11359,0.00906411,0.0,0.0319113,3.3698,0.0299811,0.367309,0.322188,1.25969,4.16262,1.41102,0.579775,0.890846,0.121595,0.503217,1.5332,5.51144,1.90025,5.52756,200.555,10.0733,0.333731,3.99645,20.0201,1.74329,0.676974,1.46573,2.86849,1.51487,3.26917,12.4892,1.01908,0.00724508,1.01778,0.198249,0.960763,9.45569,0.562627,44.6923,75.4785,203.637,11.3398,20.3004,4.63649,0.0,26.7749,36.5965,8.15277,27.3617,13.4711,25.6096,8.89069,24.4294,8.87177,0.0
15.7152,1.51992,16.8712,117.938,0.0,1.1266,0.553348,0.285704,14.3364,9.50302,66.9253,10.4053,17.3337,22.8255,0.62605,0.759828,21.2551,17.9835,0.39738,0.358412,16.8278,0.493802,0.799457,1.96632,52.0696,48.2473,6.19082,0.00179222,19.0036,27.7198,308.398,0.934573,52.5468,8.84455,12.2289,45.2307,3.44893,34.64,6.53364,0.746085,2.63715,2.70889,1.49734,2.23146,0.0,1.44502,0.0106645,0.0,0.817123,0.357887,0.446781,3.62893,2.72801,2.60637,0.933179,0.72226,4.05496e-08,1.7277,1.71443,1.13191,0.00959193,0.0,0.0323924,3.42402,0.0317274,0.371703,0.324659,1.28007,4.16755,1.32225,0.579836,0.892538,0.119012,0.50386,1.54642,5.56395,1.91936,5.56071,201.619,10.1855,0.334372,4.04189,19.2544,1.70965,0.674998,1.44892,2.85144,1.51825,3.26639,12.573,1.03857,0.00657869,0.993356,0.207351,1.00007,9.48225,0.562504,44.3583,75.638,203.88,11.1909,20.2486,4.61657,0.0,26.7386,36.5987,8.11728,27.4188,13.5488,25.5739,9.1434,24.5594,9.11186,0.0
15.9812,1.52492,16.8627,118.032,0.0,1.1496,0.580999,0.287797,14.3407,9.51041,66.5739,10.3962,17.3679,22.7752,0.630035,0.760066,21.2496,18.0229,0.40054,0.355901,16.9134,0.504574,0.80484,1.99287,51.168,48.6391,6.18485,0.00185862,18.8443,27.6817,308.161,0.913418,52.6154,8.85128,12.1968,45.2587,3.40015,34.9018,6.69573,0.754377,2.67953,2.74531,1.53514,2.28167,0.0,1.44589,0.0103204,0.0,0.815045,0.36248,0.451372,3.65884,2.73875,2.54606,0.958317,0.731152,3.81025e-08,1.73995,1.72422,1.09396,0.00847649,0.0,0.0326833,3.37792,0.0309943,0.375031,0.326288,1.29177,4.16293,1.31791,0.579922,0.863465,0.118891,0.513303,1.56603,5.57764,1.93487,5.58407,203.193,10.2069,0.338995,4.08487,18.9277,1.71349,0.676009,1.45507,2.85236,1.52464,3.29002,12.6714,1.06689,0.00618223,1.02535,0.219229,1.05471,9.5827,0.564205,44.9324,75.875,204.372,11.3377,20.2854,4.619,0.0,26.7914,36.6171,8.14258,27.4534,13.6109,25.7426,9.30629,24.7966,9.28132,0.0
16.229,1.51797,16.9131,118.287,0.0,1.09327,0.556807,0.290666,14.4529,9.54437,66.6317,10.4479,17.5241,22.7723,0.633807,0.760302,21.3351,18.0298,0.394459,0.36534,16.8805,0.501624,0.80892,2.00583,51.6165,48.6393,6.24291,0.00192404,18.7881,27.5087,308.384,0.920117,52.6735,8.85215,12.2673,45.3634,3.36595,35.2364,6.80436,0.752556,2.666,2.72099,1.55012,2.27243,0.0,1.44691,0.0100141,0.0,0.827281,0.368926,0.455976,3.70632,2.74054,2.56863,0.942996,0.733126,4.26655e-08,1.71566,1.74037,1.11335,0.00902487,0.0,0.0280126,3.42785,0.0315108,0.375983,0.327382,1.29417,4.1756,1.3563,0.579996,0.892934,0.118503,0.512266,1.5627,5.61343,1.94397,5.60173,204.443,10.249,0.327931,4.10227,18.8454,1.73046,0.691933,1.46313,2.85779,1.52771,3.33206,12.7667,1.14304,0.00753969,1.04547,0.226645,1.09492,9.62701,0.576837,45.5737,75.7944,204.809,11.4932,20.2765,4.6592,0.0,26.9065,36.9391,8.19569,27.7596,13.6369,26.0918,9.52981,25.0677,9.52747,0.0
15.8633,1.52578,16.7128,117.977,0.0,1.12623,0.539934,0.29405,14.4538,9.5438,66.4454,10.4894,17.6717,22.7986,0.625448,0.760532,21.4193,18.0248,0.399239,0.361394,16.8599,0.493077,0.814312,2.03194,52.0083,48.4474,6.20476,0.00198899,18.9302,27.9009,308.761,0.933976,52.6558,8.8176,12.5552,45.4451,3.32579,34.722,6.59077,0.741242,2.60982,2.71286,1.51433,2.23002,0.0,1.44574,0.00958422,0.0,0.811634,0.341466,0.450528,3.75243,2.74367,2.52758,0.939008,0.741675,4.30916e-08,1.71119,1.72433,1.09615,0.00878654,0.0,0.0283503,3.37053,0.029999,0.375567,0.328736,1.27835,4.20549,1.26797,0.580061,0.922514,0.116746,0.512728,1.56024,5.64439,1.95484,5.61812,205.86,10.3244,0.33213,4.12336,19.0172,1.75725,0.705789,1.43515,2.82641,1.47366,3.28646,12.6052,1.11935,0.00880534,1.08475,0.229703,1.09894,9.73368,0.56876,45.727,75.9893,204.948,11.3874,20.2342,4.67993,0.0,26.9819,37.0635,8.15678,27.9396,13.7308,26.2066,9.4687,25.2718,9.46861,0.0
15.1971,1.52847,16.6425,118.378,0.0,1.1662,0.517176,0.296801,14.5885,9.49509,66.5194,10.3004,17.6646,22.8347,0.623848,0.760726,21.2465,17.8504,0.401192,0.365466,16.7863,0.488492,0.819201,2.04361,52.4371,48.8158,6.14518,0.00205825,18.8061,28.1192,306.664,0.947636,52.6179,8.83273,12.5843,45.3701,3.29367,33.9121,6.41241,0.745588,2.58521,2.72207,1.52397,2.23093,0.0,1.44532,0.010137,0.0,0.827837,0.330515,0.425011,3.78159,2.76134,2.5644,0.952713,0.729104,4.60757e-08,1.69438,1.64735,1.02162,0.00936888,0.0,0.0303281,3.37365,0.0285484,0.377093,0.327224,1.26383,4.12795,1.30821,0.58013,0.949854,0.11739,0.511817,1.55159,5.41922,1.92866,5.61638,206.694,10.1912,0.336433,4.05106,19.2855,1.77354,0.717212,1.44841,2.83445,1.46778,3.35072,12.6085,1.16043,0.0104897,1.10335,0.226761,1.11104,9.69725,0.565872,45.8543,75.6244,204.835,11.4262,20.2413,4.66948,0.0,26.965,37.2097,8.20069,27.736,13.7181,26.2329,9.31167,25.3208,9.40244,0.0
14.911,1.52839,16.5127,118.381,0.0,1.15881,0.513596,0.290523,14.6428,9.46627,66.5214,10.3067,17.7507,22.8597,0.622973,0.760974,21.3044,17.8604,0.400391,0.371921,16.7836,0.491361,0.824319,2.07904,51.4126,48.3281,6.2156,0.00212965,18.45,28.2349,306.116,0.958627,52.5553,8.81155,12.5941,45.2039,3.17398,33.156,6.33622,0.741448,2.58445,2.65718,1.52671,2.18571,0.0,1.44129,0.010059,0.0,0.820787,0.308009,0.420224,3.81362,2.76953,2.56718,0.972361,0.723641,3.95153e-08,1.70306,1.59346,0.957134,0.00946029,0.0,0.0307644,3.27027,0.0289735,0.372216,0.324994,1.2785,3.92018,1.24087,0.580206,0.920702,0.118701,0.515765,1.55993,5.33689,1.91711,5.63964,208.519,10.088,0.339706,3.99789,19.5984,1.81362,0.740174,1.45293,2.84389,1.48119,3.38217,12.67,1.18214,0.0120608,1.10532,0.231067,1.10422,9.73875,0.577268,46.3702,75.5248,204.708,11.5377,20.2531,4.63691,0.0,26.8067,37.4295,8.2616,27.8653,13.5913,26.4059,9.12363,25.2014,9.15292,0.0
15.0577,1.52818,16.6055,118.593,0.0,1.17143,0.520413,0.293956,14.6555,9.51474,66.6422,10.3678,17.5957,22.9121,0.630702,0.761175,21.3777,17.9375,0.403669,0.35961,16.8178,0.483891,0.829436,2.06157,50.7375,48.2027,6.13408,0.00220199,18.4727,28.3461,306.784,0.969416,52.5044,8.81435,12.7899,44.7888,3.12381,33.3957,6.51164,0.759047,2.5841,2.68969,1.54403,2.1754,0.0,1.44374,0.00933893,0.0,0.834342,0.318243,0.427853,3.90961,2.77102,2.59961,0.97305,0.728678,4.35838e-08,1.70043,1.60788,0.943641,0.00853894,0.0,0.032166,3.29791,0.0304257,0.376149,0.324438,1.28075,3.93026,1.25393,0.580292,0.902351,0.117037,0.515017,1.56619,5.38617,1.9145,5.66474,210.329,10.1618,0.33356,4.02054,19.6168,1.82739,0.736485,1.45971,2.84588,1.49219,3.34384,12.7661,1.18903,0.0117793,1.08322,0.234487,1.09696,9.63878,0.578955,46.4807,75.3519,204.359,11.5603,20.2602,4.63129,0.0,26.6866,37.2471,8.28887,27.5199,13.2665,26.6456,8.929,25.1521,9.22332,0.0
15.1654,1.52853,16.4964,118.413,0.0,1.18456,0.522585,0.296953,14.6472,9.50387,66.1144,10.3522,17.6842,22.894,0.634702,0.761385,21.3352,17.9627,0.405439,0.371359,17.0658,0.486806,0.834464,2.05602,50.5586,47.8148,6.16688,0.00227587,18.6819,28.4592,307.966,0.984336,52.6502,8.84828,12.9625,44.8553,3.18186,33.7334,6.60061,0.775308,2.6268,2.72295,1.5683,2.20916,0.0,1.44296,0.00943511,0.0,0.845877,0.325195,0.433707,3.97924,2.78428,2.63244,0.997109,0.733852,4.65727e-08,1.70354,1.62873,0.949249,0.00876106,0.0,0.0321007,3.34124,0.0319179,0.379228,0.327103,1.29955,3.97226,1.27092,0.580371,0.937309,0.119352,0.508387,1.59272,5.42369,1.93125,5.69306,212.356,10.1477,0.338344,4.02176,19.8023,1.80744,0.728707,1.42399,2.80435,1.47837,3.26351,12.7361,1.17428,0.0114694,1.0969,0.236453,1.13083,9.57564,0.579882,46.1886,75.0723,204.195,11.4922,20.2851,4.64438,0.0,26.7392,37.0701,8.18363,27.4462,13.2518,26.4595,8.92025,25.2297,9.33042,0.0
15.1628,1.53996,16.6186,117.915,0.0,1.23005,0.55242,0.299322,14.4917,9.52211,66.2645,10.4819,17.7925,22.875,0.638569,0.761575,21.5654,18.0255,0.407195,0.375801,17.091,0.481672,0.839485,2.02876,50.334,46.7117,6.30021,0.00235115,18.6926,28.7346,308.172,0.984756,52.7305,8.86799,12.9146,45.2399,3.22089,33.9346,6.6424,0.778331,2.66179,2.73604,1.58049,2.23756,0.0,1.44306,0.0100607,0.0,0.836184,0.294856,0.438448,4.05691,2.79415,2.65428,0.969185,0.730366,4.06634e-08,1.71213,1.64527,0.961072,0.00929911,0.0,0.0338964,3.30177,0.0332256,0.374519,0.325792,1.30272,3.94916,1.27597,0.580451,0.909552,0.118146,0.511304,1.5942,5.45424,1.91967,5.69274,212.033,10.0902,0.337131,4.0141,19.7681,1.82398,0.732961,1.41768,2.80399,1.48795,3.2338,12.7378,1.16926,0.0111984,1.08436,0.241077,1.12184,9.50865,0.569437,45.5546,74.8133,203.573,11.3403,20.3086,4.67407,0.0,26.8187,37.2309,7.99956,27.6298,13.3449,26.3988,8.9434,25.3051,9.34706,0.0
15.6079,1.54769,16.5572,117.802,0.0,1.2346,0.565047,0.301379,14.5298,9.54831,66.4152,10.5346,17.7576,22.8705,0.642403,0.761656,21.6212,18.0777,0.4059,0.37515,17.0681,0.498959,0.844385,2.0262,50.481,45.2307,6.24105,0.00210425,18.8537,29.0475,309.244,0.98758,52.8003,8.89694,13.1678,45.4416,3.23765,34.1834,6.67172,0.787461,2.64792,2.77381,1.57006,2.24192,0.0,1.4462,0.00968519,0.0,0.851322,0.295181,0.424301,4.05451,2.80359,2.66893,0.98285,0.736808,4.75081e-08,1.71568,1.66135,0.976854,0.00973371,0.0,0.0317374,3.34762,0.0345448,0.378435,0.328129,1.31674,4.03433,1.31565,0.580515,0.951813,0.119779,0.510909,1.61484,5.48902,1.93429,5.72516,212.637,10.1033,0.340544,4.04701,19.0403,1.81758,0.737316,1.42912,2.81756,1.49801,3.24761,12.8448,1.17153,0.0106267,1.09925,0.245267,1.15214,9.3558,0.566916,44.9682,74.4335,203.803,11.2152,20.2919,4.64921,0.0,26.847,37.2724,8.02473,27.4938,13.3446,26.6036,8.93721,25.4999,9.59139,0.0
15.8017,1.54195,16.6394,117.56,0.0,1.26594,0.559371,0.283757,14.5127,9.56556,66.5244,10.579,17.6849,22.924,0.625534,0.76183,21.7018,18.1333,0.409326,0.381935,17.1684,0.520129,0.849048,2.035,51.4283,45.1979,6.21992,0.00220316,18.8863,29.0911,304.681,1.01301,52.6176,8.91018,13.2442,45.3916,3.22112,34.2178,6.62273,0.785349,2.63908,2.75854,1.58717,2.24865,0.0,1.43913,0.0102628,0.0,0.811066,0.304064,0.417057,4.13536,2.78794,2.68207,0.990895,0.743875,5.0763e-08,1.71313,1.67706,0.990326,0.00995016,0.0,0.0337858,3.26473,0.0351444,0.368377,0.326551,1.32177,4.14081,1.349,0.580596,0.999566,0.122407,0.508967,1.63354,5.52158,1.93473,5.75568,213.549,10.0631,0.345251,4.06443,18.3812,1.81034,0.742384,1.41905,2.8103,1.49035,3.253,12.8599,1.21662,0.0108355,1.12241,0.24666,1.17067,9.38984,0.583539,45.1529,74.7977,203.952,11.2817,20.2596,4.65056,0.0,26.8208,37.164,8.1073,27.5656,13.3118,26.9589,8.99278,25.6812,9.81927,0.0
15.94,1.54932,16.6774,117.285,0.0,1.26122,0.549294,0.286441,14.4349,9.58141,66.692,10.5254,17.527,22.9648,0.631433,0.762007,21.6092,18.1242,0.41102,0.354565,17.2925,0.53071,0.852109,2.0601,50.8174,44.322,6.218,0.00230376,18.8868,29.2009,304.803,1.0361,52.6477,8.91415,13.2895,45.262,3.23907,34.1302,6.49907,0.78485,2.65887,2.76612,1.56102,2.25544,0.0,1.44265,0.0106176,0.0,0.82979,0.277528,0.424675,4.22483,2.80419,2.70564,0.999907,0.738306,5.34167e-08,1.70323,1.69265,1.00376,0.0103883,0.0,0.0342096,3.31612,0.0310945,0.369267,0.325299,1.31411,4.17933,1.37188,0.580697,1.03796,0.122656,0.522317,1.65083,5.55448,1.93441,5.77622,215.449,10.1643,0.349413,4.12184,18.274,1.80758,0.756668,1.41307,2.81282,1.48951,3.28127,12.7271,1.26635,0.0103837,1.13867,0.249794,1.19838,9.41034,0.589324,45.4205,74.9645,203.826,11.481,20.2934,4.68764,0.0,26.9164,37.4602,8.17632,27.7291,13.3866,27.3017,9.00948,25.8274,9.62616,0.0
16.1656,1.55057,16.6364,117.522,0.0,1.29722,0.545207,0.289376,14.3734,9.5571,66.711,10.5001,17.6775,22.9826,0.635829,0.761839,21.5413,18.1595,0.412722,0.357828,17.3024,0.538352,0.856766,2.03193,50.1213,44.2745,6.15129,0.00237891,18.737,29.2751,305.193,1.0358,52.7209,8.87703,13.3443,45.1528,3.09142,34.3648,6.46777,0.781257,2.61614,2.72888,1.56983,2.24311,0.0,1.4457,0.00966091,0.0,0.843578,0.277073,0.429708,4.2364,2.81163,2.70397,0.980182,0.748764,4.2894e-08,1.7225,1.70814,1.01709,0.00990983,0.0,0.0312539,3.3616,0.0296325,0.373671,0.327822,1.30206,4.20759,1.25684,0.580784,0.984101,0.117449,0.512803,1.6544,5.54415,1.96038,5.795,218.123,10.1275,0.349784,4.13532,18.4753,1.80401,0.748714,1.40878,2.80764,1.48697,3.24217,12.6036,1.34693,0.00974263,1.16478,0.248658,1.22637,9.52662,0.590937,45.5616,74.8444,204.355,11.7222,20.3036,4.73978,0.0,27.0483,37.7573,8.21147,28.152,13.6162,27.5771,9.34505,26.0202,9.83107,0.0
15.7631,1.54706,16.6309,117.041,0.0,1.27671,0.547551,0.292736,14.3074,9.54167,66.8664,10.3402,17.5055,23.0242,0.611724,0.762014,21.4154,18.0379,0.414388,0.361822,17.1916,0.535676,0.860726,2.04496,51.1598,44.863,5.90826,0.00245428,18.8003,29.6248,304.753,1.04841,52.7655,8.88824,13.3622,45.4774,3.09824,34.1462,6.34807,0.773,2.57444,2.69241,1.58328,2.20067,0.0,1.4448,0.010198,0.0,0.851806,0.28687,0.43317,4.3262,2.82053,2.73773,0.994085,0.749885,4.59174e-08,1.72657,1.7016,1.03037,0.0101475,0.0,0.0332901,3.40223,0.0276235,0.376128,0.324691,1.28846,4.30441,1.28018,0.58091,1.03071,0.118004,0.51161,1.66638,5.57307,1.94456,5.81231,219.428,10.1842,0.354954,4.14051,18.8759,1.85849,0.77791,1.42207,2.82195,1.4968,3.32131,12.7538,1.34841,0.0105464,1.17057,0.249908,1.21631,9.55459,0.595918,45.9106,74.7521,204.547,11.6838,20.3288,4.73752,0.0,27.0197,37.7342,8.20744,28.3561,13.6381,27.6165,9.10574,25.7113,9.6358,0.0
15.5409,1.54956,16.6475,117.178,0.0,1.27814,0.556528,0.294708,14.5319,9.52809,66.6464,10.3483,17.1933,23.0297,0.605897,0.762213,21.3465,18.061,0.414053,0.347698,16.9651,0.520933,0.865104,2.01279,51.6723,45.6833,5.78276,0.0025306,18.9293,29.53,304.292,1.06762,52.8725,8.89865,13.3735,45.6364,3.09522,34.179,6.41629,0.753334,2.53911,2.64725,1.5368,2.18189,0.0,1.44225,0.0101775,0.0,0.817814,0.29333,0.437997,4.42177,2.81407,2.65667,0.986006,0.731589,4.69766e-08,1.73218,1.71853,1.03263,0.00985038,0.0,0.0335463,3.38966,0.0293407,0.370161,0.32013,1.2953,4.35711,1.24113,0.581024,1.0477,0.119176,0.519786,1.65126,5.54922,1.91469,5.73205,220.917,10.1405,0.354025,4.08674,19.1995,1.89866,0.792228,1.42713,2.82361,1.4722,3.36951,12.5946,1.38615,0.010127,1.18758,0.252323,1.25149,9.43495,0.5955,45.5717,74.2322,203.992,11.6405,20.3491,4.79128,0.0,27.0867,37.8498,8.18551,28.5311,13.7341,27.6852,8.91032,25.2907,9.31213,0.0
15.8503,1.51308,16.63,116.499,0.0,1.30347,0.57581,0.297314,14.6868,9.55932,66.7395,10.3642,17.0224,23.0774,0.605552,0.762012,21.3956,18.0956,0.416429,0.353829,16.9462,0.52028,0.869672,1.97816,52.0424,45.9112,5.80378,0.00260744,18.8277,29.4851,303.981,1.05212,52.4733,8.84682,13.2849,45.2067,3.02243,34.1338,6.53473,0.748923,2.54642,2.64222,1.51435,2.18448,0.0,1.44578,0.0106817,0.0,0.835957,0.299714,0.438258,4.43887,2.8018,2.70273,0.999454,0.732961,5.0884e-08,1.74298,1.69115,1.03826,0.0103423,0.0,0.0349695,3.43868,0.0306746,0.374223,0.322819,1.30522,4.4378,1.28769,0.581128,1.06939,0.115396,0.529936,1.6675,5.5407,1.93608,5.76332,223.492,10.1606,0.358664,4.11554,19.3316,1.86049,0.772738,1.42226,2.81712,1.47218,3.32276,12.5449,1.3967,0.00964013,1.20741,0.257523,1.29203,9.48086,0.595956,45.6665,74.2109,204.156,11.5519,20.3429,4.81087,0.0,27.1741,38.0967,8.15888,28.7145,13.8456,27.825,8.89719,25.4787,9.45134,0.0
16.2902,1.4943,16.4488,116.458,0.0,1.27316,0.573036,0.29086,14.6746,9.59051,66.4577,10.4307,17.1382,23.0955,0.605415,0.762196,21.5655,18.1447,0.418082,0.365045,17.0426,0.514227,0.874082,1.95882,52.7162,46.3175,5.8556,0.00251939,18.6558,29.2959,303.903,1.0444,52.2312,8.86023,13.2714,44.9814,3.06844,34.4521,6.74549,0.755032,2.58406,2.6764,1.54667,2.22959,0.0,1.44405,0.0111713,0.0,0.813288,0.292167,0.443755,4.48511,2.80865,2.71289,1.02262,0.741821,5.42946e-08,1.75555,1.70947,1.02118,0.0107853,0.0,0.0363992,3.40937,0.0288128,0.374413,0.324995,1.29609,4.39155,1.269,0.581246,1.04574,0.116837,0.540021,1.69313,5.58166,1.96023,5.80237,224.865,10.1467,0.361577,4.18381,19.0272,1.83386,0.772795,1.41426,2.8178,1.4551,3.30629,12.5955,1.40919,0.00990335,1.24337,0.265165,1.31585,9.54769,0.601876,45.881,74.439,203.763,11.5557,20.3709,4.77299,0.0,27.1022,37.9665,8.04755,28.4641,13.7373,27.7951,9.02124,25.5472,9.66586,0.0
16.7101,1.49936,16.5617,117.305,0.0,1.31248,0.594663,0.294862,14.3698,9.60967,66.2746,10.534,17.385,23.071,0.608341,0.762366,21.6865,18.2262,0.419711,0.369082,17.2612,0.522937,0.878368,1.99884,52.583,46.134,5.86439,0.00244517,18.6849,29.4199,303.079,1.06321,52.1548,8.87064,13.2437,44.9783,3.11803,34.6567,6.71458,0.755207,2.54978,2.68302,1.56938,2.20007,0.0,1.4431,0.0108205,0.0,0.827787,0.294086,0.448719,4.09373,2.79932,2.72312,1.02697,0.724816,5.78588e-08,1.74409,1.72891,1.03766,0.00989237,0.0,0.037838,3.40773,0.0290652,0.375276,0.313334,1.30543,4.31702,1.27652,0.581299,1.04298,0.115294,0.545765,1.6709,5.60977,1.87488,5.75765,225.46,10.1325,0.358204,4.0929,18.797,1.87664,0.788503,1.41308,2.82543,1.46196,3.3159,12.6112,1.43403,0.0107789,1.23088,0.270721,1.32006,9.56185,0.603818,45.9758,74.3833,203.459,11.5144,20.3924,4.76909,0.0,27.1652,37.7508,8.02188,28.5835,13.915,27.6862,9.2354,25.7154,9.89329,0.0
16.9608,1.48866,16.6168,116.696,0.0,1.28667,0.505936,0.297455,14.1558,9.63296,66.4198,10.5852,17.4292,23.0346,0.605521,0.762509,21.8098,18.2714,0.414104,0.379109,17.3365,0.539048,0.882635,2.03266,52.8284,46.1626,5.76593,0.00254718,18.5759,29.4455,303.631,1.06951,52.1114,8.91007,13.3966,45.0915,3.00828,34.1645,6.68632,0.748165,2.47814,2.62164,1.5844,2.12411,0.0,1.44366,0.0109551,0.0,0.821893,0.298105,0.440714,4.17706,2.8153,2.71961,1.03014,0.714643,6.15882e-08,1.75162,1.72972,1.01936,0.0100233,0.0,0.038026,3.43522,0.030927,0.376624,0.313987,1.31875,4.30373,1.3122,0.581419,1.01245,0.112506,0.529811,1.66004,5.59575,1.86576,5.74347,225.845,10.1335,0.360383,4.08157,18.0011,1.92453,0.809767,1.4241,2.83323,1.46457,3.37677,12.6108,1.42475,0.012267,1.21242,0.276939,1.30923,9.56915,0.603421,45.8594,74.2524,203.585,11.3614,20.3756,4.79039,0.0,27.1481,37.6973,7.9513,28.7132,13.8574,27.262,9.12177,25.8894,9.72353,0.0
17.1717,1.47274,16.7122,116.572,0.0,1.30706,0.50437,0.299707,14.2397,9.62867,66.5286,10.5682,17.2529,23.0048,0.607862,0.762666,21.6285,18.2883,0.415347,0.373723,17.3164,0.541719,0.886827,2.02625,53.7714,47.0876,5.79312,0.00262328,18.6395,29.3649,302.733,1.0825,52.0796,8.90975,13.5696,45.0848,2.97382,33.4074,6.53412,0.743732,2.47061,2.5668,1.58987,2.09299,0.0,1.44672,0.0112639,0.0,0.834381,0.304973,0.446067,4.22384,2.80378,2.7549,1.01665,0.719049,6.12692e-08,1.76007,1.72855,1.03112,0.0102102,0.0,0.0395393,3.44037,0.0327565,0.379241,0.31267,1.33158,4.41087,1.28439,0.581527,1.02518,0.114784,0.520991,1.647,5.6092,1.86026,5.69877,227.811,10.1204,0.357071,4.03794,18.0266,1.97305,0.821972,1.40793,2.82486,1.45203,3.34364,12.641,1.42835,0.012083,1.21492,0.284082,1.24771,9.57833,0.601219,45.9367,74.2145,203.421,11.3246,20.2928,4.82185,0.0,27.2429,37.7969,7.98355,28.8325,13.9938,27.054,8.95499,25.7648,9.70196,0.0
17.0032,1.47689,16.7458,116.678,0.0,1.32697,0.520484,0.295076,14.2962,9.63516,66.7299,10.5916,17.306,23.0507,0.607866,0.762827,21.5949,18.3435,0.41583,0.372436,17.3412,0.545612,0.890946,2.00876,54.183,47.7482,5.76636,0.00252882,18.6596,29.5126,303.094,1.07553,51.8387,8.94314,13.7505,45.2185,2.99488,32.8029,6.4095,0.740804,2.44216,2.54752,1.60317,2.07056,0.0,1.4488,0.0115237,0.0,0.837056,0.311338,0.439845,4.32411,2.81157,2.77384,1.02777,0.721481,6.51506e-08,1.76135,1.72884,1.02547,0.0106623,0.0,0.039167,3.26492,0.0300491,0.378241,0.311028,1.31552,4.39518,1.2954,0.581649,1.047,0.115554,0.528158,1.64534,5.52963,1.8434,5.72501,226.381,10.1372,0.360488,4.04652,17.391,1.94144,0.813411,1.39308,2.79559,1.43417,3.31399,12.6858,1.45353,0.013174,1.19942,0.290642,1.26636,9.55244,0.598762,45.7422,74.2041,203.437,11.3707,20.3385,4.86014,0.0,27.3679,38.0512,8.06954,29.0072,14.1022,27.1701,8.70455,25.509,9.38814,0.0
17.0887,1.46672,16.7422,116.608,0.0,1.31471,0.530818,0.298813,14.2643,9.61303,66.8421,10.6508,17.0296,23.087,0.607798,0.762953,21.5124,18.397,0.418883,0.373952,17.2839,0.56188,0.894936,1.9893,54.3203,48.085,5.75985,0.0024529,18.6896,29.5602,301.832,1.04097,51.8689,8.92769,13.8925,45.018,2.97895,32.9509,6.52505,0.745201,2.42473,2.55181,1.61754,2.06455,0.0,1.44662,0.0120411,0.0,0.835413,0.309213,0.444794,4.37818,2.81303,2.78537,1.03791,0.720602,6.31074e-08,1.74944,1.69978,1.02452,0.0108499,0.0,0.0411811,3.30927,0.0307533,0.380283,0.307766,1.30253,4.405,1.28457,0.581744,1.0272,0.117475,0.524653,1.66011,5.50492,1.8176,5.71307,226.336,10.1725,0.361347,4.05894,17.5531,1.95772,0.820004,1.39255,2.80271,1.43195,3.32434,12.7883,1.45667,0.012847,1.17183,0.294914,1.24433,9.47129,0.596845,45.557,73.9133,203.021,11.271,20.3465,4.84047,0.0,27.316,37.9967,7.97944,28.845,13.9055,27.2097,8.72596,25.5208,9.59387,0.0
17.3209,1.43865,16.7263,116.332,0.0,1.30434,0.545369,0.301119,14.3731,9.64916,66.9796,10.6998,17.2184,23.1263,0.612678,0.763084,21.5511,18.4456,0.420495,0.383911,17.3913,0.570802,0.898865,1.98184,54.9866,47.8111,5.77816,0.00255178,18.8191,29.441,300.556,1.07725,52.0212,8.93193,13.8722,44.9448,2.99767,33.1333,6.60559,0.753064,2.46673,2.60804,1.63945,2.13036,0.0,1.4434,0.0122661,0.0,0.79356,0.308272,0.449384,4.47776,2.81362,2.79839,1.03948,0.703726,6.35901e-08,1.74399,1.71293,1.02973,0.0109153,0.0,0.0426496,3.28912,0.0298699,0.371944,0.306167,1.29709,4.49992,1.30228,0.58183,1.07265,0.118445,0.518065,1.64053,5.54255,1.80663,5.71428,226.777,10.2455,0.360997,4.03807,17.4514,1.97552,0.818018,1.37765,2.76721,1.43567,3.227,12.6979,1.43435,0.0121205,1.16758,0.289941,1.19735,9.4396,0.591917,45.1425,74.1812,203.45,11.2487,20.3667,4.86305,0.0,27.4174,37.8452,8.01603,28.9576,14.0464,27.3443,8.99448,25.8907,9.89346,0.0
17.5105,1.4409,16.7848,116.839,0.0,1.26674,0.535832,0.303508,14.37,9.6492,66.9328,10.7922,17.282,23.0211,0.616884,0.763232,21.6186,18.4975,0.414856,0.389893,17.5256,0.574259,0.902807,1.98798,55.9388,47.5941,5.81188,0.00262766,19.043,29.4401,301.242,1.08151,51.7925,8.94457,14.0411,44.8798,3.0376,33.0096,6.71945,0.760041,2.52714,2.6327,1.65801,2.18442,0.0,1.44289,0.0121655,0.0,0.780158,0.317058,0.454174,4.55726,2.82948,2.74341,1.04338,0.702209,6.93381e-08,1.73863,1.73136,1.04077,0.0114663,0.0,0.0390119,3.27317,0.0299343,0.373479,0.308511,1.31053,4.60998,1.28435,0.581923,1.10977,0.119706,0.527076,1.63737,5.56938,1.81291,5.74508,229.859,10.3039,0.364475,4.07837,17.6439,1.96535,0.822283,1.36491,2.7399,1.42453,3.17207,12.483,1.45532,0.0114683,1.18517,0.298312,1.20385,9.44308,0.593364,45.214,74.2584,204.063,11.2955,20.279,4.84585,0.0,27.4057,37.5592,8.04922,29.2074,14.2146,27.5836,9.35769,26.16,10.2118,0.0
17.7452,1.44371,16.857,117.152,0.0,1.21852,0.4649,0.30557,14.2657,9.63292,67.122,10.7877,17.1961,23.0677,0.620868,0.763373,21.5879,18.5053,0.419105,0.386456,17.4434,0.570919,0.906613,2.00142,56.198,46.5267,5.76002,0.00270667,19.1378,29.6864,301.329,1.10576,51.9362,8.96249,14.1375,45.3116,3.0569,33.4757,6.85958,0.766863,2.49894,2.67597,1.62576,2.19444,0.0,1.44577,0.0123301,0.0,0.799027,0.323717,0.450909,4.52433,2.83758,2.80005,1.06378,0.699516,7.35462e-08,1.74994,1.74713,1.05542,0.011491,0.0,0.0411575,3.311,0.0286533,0.376017,0.308628,1.30804,4.68198,1.30932,0.582029,1.13702,0.122658,0.531128,1.64415,5.59219,1.80631,5.76006,231.153,10.2811,0.365479,4.05936,17.6109,1.96453,0.836824,1.37392,2.74245,1.43407,3.21119,12.4617,1.46179,0.0114039,1.19668,0.298531,1.21017,9.44163,0.598102,45.3956,74.1181,204.231,11.2399,20.3263,4.82864,0.0,27.4108,37.7635,8.01678,29.2572,14.1874,27.7028,9.43501,26.3902,10.2182,0.0
17.323,1.44639,16.8381,118.026,0.0,1.1971,0.464712,0.30817,14.4688,9.6614,67.2485,10.7659,17.1772,23.1129,0.611742,0.763491,21.5657,18.5245,0.420972,0.373405,17.4172,0.567338,0.910398,1.99548,57.0539,45.606,5.82682,0.00261861,18.761,29.492,300.024,1.13142,51.6112,8.82194,14.1021,44.4942,2.94446,33.588,6.99036,0.781052,2.53326,2.71667,1.63998,2.20467,0.0,1.44229,0.0126985,0.0,0.812226,0.326416,0.454844,4.44573,2.85131,2.7984,1.07487,0.692606,7.21728e-08,1.74852,1.71588,1.05718,0.0109501,0.0,0.0428621,3.21123,0.0262383,0.376869,0.303621,1.29355,4.63228,1.32322,0.58214,1.15909,0.122521,0.52759,1.63642,5.58086,1.7689,5.65227,232.806,10.294,0.360575,3.99983,17.9407,1.9852,0.844244,1.38595,2.75903,1.44767,3.22403,12.6168,1.46124,0.011059,1.198,0.296095,1.18069,9.51258,0.604471,45.4805,74.2619,204.767,11.3172,20.3523,4.85755,0.0,27.4639,38.1279,8.06392,29.3663,14.235,27.9322,9.38084,26.5102,10.1438,0.0
17.4185,1.44359,16.884,118.467,0.0,1.22419,0.489543,0.309733,14.6127,9.62853,67.1323,10.8138,17.1595,23.0338,0.599837,0.763607,21.5321,18.5993,0.417012,0.379742,17.531,0.559491,0.914234,2.00006,56.7298,44.9355,5.77731,0.00256358,18.8828,29.7439,299.433,1.15535,51.5514,8.86022,14.2926,44.609,2.93648,33.2833,7.0107,0.781027,2.51207,2.70828,1.61099,2.18465,0.0,1.43675,0.0121996,0.0,0.818094,0.319905,0.457192,4.47305,2.83861,2.74738,1.06473,0.67124,6.89863e-08,1.7396,1.69565,1.0721,0.0105208,0.0,0.0422171,3.2338,0.0258753,0.374327,0.29465,1.30502,4.64862,1.32778,0.582221,1.13579,0.120135,0.525593,1.6185,5.57448,1.71713,5.60554,234.156,10.2282,0.358012,3.91161,18.114,1.96758,0.839359,1.39629,2.77396,1.45392,3.29651,12.6986,1.44712,0.0120467,1.21343,0.304466,1.22136,9.44001,0.604599,45.5407,73.8045,203.662,11.3965,20.3343,4.78431,0.0,27.3299,38.1972,7.95036,28.351,13.7365,27.9743,8.90621,26.4529,9.93822,0.0
17.4515,1.43795,16.8862,118.722,0.0,1.23133,0.508729,0.303667,14.6048,9.65883,67.2968,10.7786,17.2925,23.0979,0.605429,0.763709,21.5448,18.5939,0.421036,0.390364,17.6503,0.554447,0.917528,1.99572,57.1477,45.4914,5.68616,0.00229388,18.9097,29.7432,299.143,1.14111,51.581,8.90805,14.3765,44.7068,2.96132,33.4383,6.97271,0.760259,2.48513,2.68486,1.61113,2.1453,0.0,1.43169,0.0120093,0.0,0.820046,0.272298,0.453911,4.5364,2.8515,2.71106,1.05163,0.648803,7.60391e-08,1.73728,1.58197,1.06306,0.0101894,0.0,0.0421649,3.18222,0.0254207,0.375385,0.290848,1.2993,4.62676,1.34503,0.582306,1.05374,0.119893,0.524626,1.57866,5.56772,1.67911,5.57783,235.962,10.2302,0.356329,3.82011,18.2154,1.95937,0.841717,1.35728,2.7335,1.4404,3.18129,12.5293,1.46752,0.0117489,1.1854,0.307131,1.20261,9.31284,0.598843,45.4632,73.7572,203.087,11.5079,20.3653,4.78673,0.0,27.3213,38.2858,8.01826,28.0844,13.6187,28.1585,8.58338,26.3736,9.87409,0.0
17.1768,1.41982,16.9359,118.47,0.0,1.18449,0.476882,0.306246,14.552,9.62387,67.329,10.8401,17.4411,23.0566,0.612203,0.763815,21.5361,18.6004,0.422631,0.392887,17.5904,0.536947,0.920686,1.95571,56.8353,46.1282,5.63867,0.00221008,19.0936,29.6693,297.882,1.16214,51.6999,8.92028,14.3744,44.7703,3.01324,33.3456,7.03808,0.765604,2.51237,2.70472,1.63692,2.17665,0.0,1.43175,0.0121509,0.0,0.824713,0.278918,0.443627,4.63108,2.86315,2.71763,1.02544,0.647181,7.94754e-08,1.72195,1.49305,1.05115,0.0108267,0.0,0.0400981,3.21959,0.0260627,0.378363,0.290633,1.30509,4.67982,1.34033,0.582373,1.03892,0.117352,0.524679,1.55703,5.46236,1.65489,5.56074,236.805,10.2745,0.351709,3.77515,18.3923,1.94666,0.838384,1.3648,2.73709,1.45506,3.11544,12.6083,1.45027,0.0119759,1.19634,0.311664,1.20912,9.23,0.589807,45.3778,73.8219,203.026,11.5526,20.3009,4.73979,0.0,27.256,38.29,8.06994,27.7353,13.436,28.3382,8.49257,25.9281,9.81176,0.0
16.7709,1.42542,17.0099,118.758,0.0,1.23056,0.446424,0.30935,14.5929,9.63101,67.508,10.8485,17.3354,23.0833,0.616333,0.763947,21.4288,18.6487,0.421779,0.391147,17.4815,0.52392,0.924191,1.93973,56.3539,45.2468,5.62429,0.00215669,19.2299,29.8106,295.997,1.17948,51.6376,8.92642,14.4072,45.107,3.0248,32.5847,6.77389,0.769342,2.47996,2.703,1.65952,2.13925,0.0,1.43497,0.012645,0.0,0.838701,0.271415,0.416381,4.54316,2.87327,2.76053,1.01877,0.648453,7.1278e-08,1.7325,1.52085,1.0626,0.0112706,0.0,0.0422848,3.24144,0.0269324,0.380873,0.292543,1.31445,4.56147,1.35159,0.58248,1.04107,0.117364,0.536203,1.5186,5.44662,1.6616,5.49607,237.314,10.2019,0.343845,3.77915,18.3429,1.95277,0.847207,1.37712,2.75178,1.46605,3.1714,12.6421,1.42868,0.0125942,1.22319,0.320917,1.22165,9.15852,0.582443,45.2159,73.571,202.236,11.5551,20.3621,4.7025,0.0,27.2421,38.272,8.1002,27.6161,13.4614,28.4535,8.08813,25.6313,9.34105,0.0
16.3378,1.42611,16.9224,118.761,0.0,1.1845,0.441935,0.311865,14.7288,9.53085,67.559,10.6611,17.2526,23.1028,0.612126,0.764051,21.1356,18.4771,0.424387,0.387041,17.3728,0.52639,0.927664,1.9672,56.912,45.8755,5.64528,0.00210691,19.3538,29.8103,296.648,1.21265,51.4632,8.93812,14.4162,45.0725,3.05504,31.9024,6.65186,0.761832,2.44102,2.63643,1.63203,2.0771,0.0,1.43143,0.0128351,0.0,0.809401,0.280859,0.407804,4.54702,2.87068,2.7121,1.01756,0.647571,6.89576e-08,1.7385,1.5387,1.02681,0.0117194,0.0,0.0417,3.13827,0.0274861,0.371367,0.293734,1.32893,4.54728,1.3195,0.582535,1.0371,0.117293,0.512056,1.51291,5.45261,1.67389,5.51279,238.789,10.1173,0.334009,3.75918,18.0288,1.99537,0.868479,1.36828,2.74602,1.4548,3.17248,12.5559,1.41646,0.013122,1.20922,0.325495,1.24872,9.11689,0.577173,44.813,73.5319,202.478,11.476,20.3154,4.69832,0.0,27.2681,38.1678,8.10748,27.4605,13.4715,28.2834,8.05795,25.5699,9.34947,0.0
16.1523,1.38456,16.9852,118.4,0.0,1.137,0.459636,0.31417,14.7753,9.47563,67.4866,10.5711,17.2166,23.0628,0.613666,0.764148,20.9267,18.3416,0.420164,0.397591,17.4196,0.527559,0.931104,1.95009,57.2811,46.3996,5.70736,0.00220993,19.2646,29.6965,295.873,1.23705,51.2462,8.97309,14.058,45.0831,3.05379,31.6638,6.67031,0.75957,2.42617,2.62594,1.64245,2.08302,0.0,1.42961,0.0123745,0.0,0.791901,0.278857,0.415375,4.63044,2.83091,2.63584,0.995434,0.636073,7.50204e-08,1.74198,1.55739,1.04859,0.0106482,0.0,0.0432457,3.14502,0.0289485,0.367739,0.292372,1.33263,4.6207,1.34725,0.582633,1.0371,0.115523,0.519704,1.48593,5.49303,1.66353,5.4331,241.037,10.1001,0.331601,3.76993,18.2075,1.95511,0.852392,1.36789,2.74526,1.4624,3.17844,12.6637,1.45385,0.0140663,1.20902,0.324811,1.23382,9.05217,0.579867,44.6126,73.2623,201.814,11.6636,20.2675,4.68162,0.0,27.2455,38.2594,8.16467,27.1978,13.3774,28.5386,8.01196,25.704,9.26132,0.0
15.7249,1.37004,16.9644,118.498,0.0,1.10867,0.452358,0.316325,14.8747,9.49416,67.6291,10.6372,17.1626,23.1254,0.607916,0.764244,20.9552,18.3874,0.42409,0.395111,17.3796,0.517991,0.93444,1.94328,57.5698,46.628,5.78552,0.00212956,19.2568,29.5694,295.045,1.26652,51.1791,8.99077,14.1327,44.9445,3.00958,31.4275,6.61147,0.760831,2.46317,2.6393,1.65922,2.10986,0.0,1.42852,0.0123631,0.0,0.806302,0.275206,0.406066,4.64591,2.84541,2.67512,1.00345,0.619958,7.94206e-08,1.72975,1.55995,1.05755,0.0104223,0.0,0.0447109,3.16537,0.0305357,0.364069,0.290802,1.34788,4.67815,1.38253,0.58269,1.03557,0.114688,0.52964,1.49554,5.35574,1.64346,5.3128,242.85,9.85887,0.318284,3.78261,18.3728,1.99167,0.854114,1.37777,2.75514,1.47028,3.18579,12.7011,1.43829,0.0143593,1.21154,0.319218,1.23954,8.97531,0.588375,44.683,72.9093,201.934,11.4859,20.2493,4.70579,0.0,27.2567,38.3178,8.1228,27.2617,13.306,28.3832,8.04177,25.7033,9.28555,0.0
15.6439,1.37768,16.9408,118.243,0.0,1.10227,0.45707,0.317238,14.7353,9.47001,67.7201,10.5198,17.2958,23.1628,0.615983,0.764307,20.8262,18.275,0.425648,0.404124,17.439,0.530795,0.937798,1.95502,58.546,46.4441,5.81079,0.0020831,18.931,29.5696,296.418,1.28544,51.2113,9.00817,13.9654,45.0836,2.95537,31.4286,6.68488,0.767587,2.44047,2.66268,1.66879,2.10511,0.0,1.43036,0.0125906,0.0,0.817896,0.282788,0.413931,4.52748,2.85658,2.70753,1.0285,0.628367,7.78017e-08,1.73823,1.58002,1.07173,0.0104399,0.0,0.0462164,3.19836,0.0302287,0.368367,0.291434,1.34699,4.76825,1.40076,0.58279,1.07774,0.112919,0.53491,1.5206,5.40702,1.65075,5.35366,244.366,9.9198,0.31748,3.82606,18.4808,1.98696,0.865318,1.36477,2.76313,1.46046,3.16605,12.8369,1.47238,0.0146877,1.22171,0.321013,1.26905,8.97219,0.584597,44.9655,73.0351,202.203,11.2752,20.3227,4.68235,0.0,27.2331,38.3396,8.08606,27.2323,13.1818,28.391,7.93531,25.6368,9.30995,0.0
15.8896,1.37098,16.9669,117.743,0.0,1.13254,0.479313,0.319551,14.8362,9.46771,66.8969,10.4629,17.3093,22.8726,0.606738,0.760144,20.7557,18.1576,0.418377,0.405361,17.5765,0.533406,0.940943,1.9427,58.3257,46.4577,5.87305,0.00217758,18.9541,29.7915,298.213,1.27803,51.3803,9.02227,14.1727,45.2298,2.95794,31.4611,6.74309,0.771408,2.46499,2.68661,1.69393,2.12976,0.0,1.42366,0.0104383,0.0,0.822668,0.278637,0.405766,4.59275,2.8511,2.64145,1.0365,0.621584,5.82058e-08,1.71598,1.55585,1.05303,0.00826144,0.0,0.0416273,3.18921,0.0294142,0.370561,0.291574,1.35102,4.67409,1.32368,0.582557,1.05887,0.113883,0.53737,1.49219,5.37881,1.64325,5.28204,246.14,9.88239,0.314195,3.74917,18.6289,1.99625,0.867439,1.37767,2.78004,1.46441,3.21566,12.9291,1.46538,0.0155431,1.22464,0.318196,1.27981,8.94371,0.581775,44.8479,72.9275,201.503,11.2409,20.1731,4.7231,0.0,27.2645,38.4153,8.15297,27.3716,13.2605,28.5018,7.98641,25.5985,9.27181,0.0
15.7286,1.37622,16.8218,117.225,0.0,1.1654,0.485753,0.296253,14.8863,9.46062,67.1241,10.3883,17.2657,22.9288,0.613457,0.760383,20.7096,18.0383,0.422489,0.411913,17.4347,0.53876,0.944175,1.97386,58.4212,45.9585,5.88884,0.00208359,18.9676,29.0928,295.763,1.30477,51.2752,9.02317,13.8881,44.8307,2.96217,31.0266,6.55139,0.767695,2.45952,2.66584,1.70013,2.1116,0.0,1.427,0.0111264,0.0,0.835787,0.275904,0.411765,4.71189,2.85282,2.65751,1.01552,0.625169,5.85611e-08,1.7125,1.54457,1.05393,0.0088618,0.0,0.0438281,3.10124,0.0313832,0.373755,0.294077,1.35158,4.8077,1.34695,0.582454,1.10702,0.11566,0.531308,1.47397,5.41487,1.65303,5.30387,247.755,9.88431,0.318606,3.75406,18.5515,1.97549,0.881198,1.37709,2.78837,1.47319,3.27495,12.9798,1.47914,0.0148388,1.23864,0.311676,1.27484,8.89342,0.580388,44.6467,72.8295,201.674,11.2214,20.2486,4.75163,0.0,27.1946,38.6636,8.18252,27.5426,13.2203,28.7425,7.92592,25.4211,9.11389,0.0
15.8956,1.37229,16.8255,116.77,0.0,1.18293,0.44929,0.28806,14.7879,9.46121,66.9159,10.2906,17.2352,22.8802,0.600635,0.75985,20.6444,17.9612,0.421868,0.387641,17.3521,0.529873,0.946033,1.95137,57.5649,45.8709,5.99767,0.0021874,19.0354,29.146,295.762,1.33201,50.898,9.01707,14.0278,44.7152,2.9644,30.8143,6.58529,0.76598,2.47541,2.66686,1.71078,2.12603,0.0,1.42983,0.0117226,0.0,0.847818,0.281909,0.405796,4.77331,2.85547,2.70799,1.01281,0.631034,6.14479e-08,1.69506,1.48796,1.07058,0.00938163,0.0,0.0457654,3.14808,0.0316869,0.376525,0.29464,1.35303,4.79032,1.37453,0.582348,1.12413,0.115044,0.519881,1.49367,5.45185,1.65688,5.33929,250.232,9.89009,0.322596,3.72378,18.5936,1.98937,0.887712,1.38697,2.80218,1.47497,3.29529,13.0608,1.49286,0.0140501,1.23219,0.317396,1.29114,8.85044,0.580385,44.7232,72.4346,200.789,11.2018,20.2836,4.76315,0.0,27.2292,38.7695,8.17427,27.2965,13.1844,28.8663,7.79065,25.5442,9.15677,0.0
16.1003,1.37358,16.6912,116.573,0.0,1.17457,0.456813,0.290554,14.6557,9.49111,67.0065,10.416,17.1742,22.9161,0.609311,0.760096,20.8228,18.0458,0.421734,0.3697,17.4336,0.527039,0.925996,1.93288,57.5604,44.7635,6.02625,0.00227001,19.0694,29.3066,297.258,1.31606,51.131,9.00229,14.2029,44.7546,2.93518,31.4112,6.72598,0.777623,2.50461,2.7274,1.73227,2.15283,0.0,1.42594,0.0121665,0.0,0.816647,0.283949,0.397167,4.36827,2.86783,2.70816,0.988839,0.621325,6.70871e-08,1.70128,1.40835,1.02172,0.00981413,0.0,0.047243,3.1567,0.0305441,0.373417,0.291014,1.36176,4.58676,1.37941,0.582639,1.08485,0.116681,0.513118,1.47228,5.35046,1.635,5.28463,251.149,9.91343,0.322427,3.68317,18.543,1.94739,0.883567,1.38503,2.7998,1.45821,3.30762,12.8171,1.51623,0.0141129,1.21885,0.325964,1.31406,8.80133,0.584904,44.7256,72.1177,200.527,11.1756,20.2437,4.80378,0.0,27.3078,38.8305,8.1942,27.4205,13.322,28.8945,7.91829,25.8091,9.25468,0.0
16.8271,1.37275,16.7984,117.021,0.0,1.19074,0.476973,0.293447,14.7414,9.52213,67.0825,10.5178,17.3297,22.8576,0.615142,0.760017,20.9876,18.1413,0.417332,0.382354,17.4536,0.525377,0.928839,1.94938,57.954,44.4743,6.07495,0.00234482,19.0511,29.1951,298.057,1.31765,51.1693,9.02895,14.2162,44.7753,2.91168,31.6261,6.74174,0.786389,2.52864,2.7505,1.75097,2.17009,0.0,1.42043,0.0120959,0.0,0.782806,0.285828,0.402134,4.47758,2.88066,2.63533,0.976014,0.626799,7.11939e-08,1.71062,1.40612,1.03391,0.00973282,0.0,0.0452772,3.18551,0.0320178,0.37292,0.288375,1.36428,4.50627,1.41495,0.582937,1.09078,0.119078,0.505962,1.46844,5.38971,1.62222,5.23618,251.928,9.92042,0.321293,3.67817,18.5793,1.96033,0.894053,1.39207,2.78282,1.45512,3.30611,12.9061,1.53421,0.0143731,1.23791,0.32542,1.34574,8.92881,0.586546,44.6474,72.6975,201.233,11.2049,20.2848,4.79643,0.0,27.2866,38.3396,8.19927,27.5055,13.4073,29.0803,8.14897,26.1051,9.53992,0.0
17.3533,1.38257,16.8741,117.161,0.0,1.0076,0.440681,0.296695,14.8084,9.54724,66.8925,10.5374,17.5354,22.8824,0.617866,0.76026,21.066,18.1674,0.418036,0.387024,17.4919,0.518707,0.93261,1.96024,58.6036,43.8893,6.01709,0.00242143,18.8395,29.0842,297.176,1.30338,51.2326,9.05633,14.1471,44.8289,2.73349,31.7848,6.70403,0.783881,2.50592,2.74796,1.7646,2.16586,0.0,1.42438,0.0126999,0.0,0.800231,0.289819,0.407534,4.45259,2.89257,2.66582,0.94996,0.63292,7.5463e-08,1.71764,1.426,1.00321,0.0101876,0.0,0.0475227,3.16647,0.0326448,0.376688,0.291527,1.37391,4.44061,1.43712,0.582953,1.08135,0.121658,0.471479,1.47603,5.29687,1.6436,5.24484,254.103,9.63331,0.324062,3.64964,18.4697,1.97859,0.908334,1.37365,2.78787,1.45776,3.31408,12.9394,1.5256,0.0140849,1.25551,0.333159,1.3661,8.92095,0.584883,44.5113,72.8598,201.943,11.1341,20.2274,4.76129,0.0,27.2349,38.2542,8.19363,27.5467,13.4075,29.2276,8.39779,26.4029,9.79543,0.0
17.368,1.38892,16.9351,117.176,0.0,0.966893,0.442028,0.29917,14.9081,9.57165,66.9102,10.5609,17.5075,22.8363,0.616829,0.76043,21.108,18.2183,0.411663,0.383918,17.4201,0.521554,0.936216,1.96817,59.0803,43.8698,5.93063,0.00249564,18.7457,29.1586,298.419,1.27164,51.3121,9.05693,14.3016,44.7901,2.61439,31.9142,6.76998,0.78342,2.48693,2.74312,1.69938,2.15289,0.0,1.4269,0.0125419,0.0,0.812544,0.297239,0.412442,4.55135,2.88754,2.69003,0.962663,0.623167,7.88847e-08,1.72508,1.44457,1.0241,0.010269,0.0,0.0461343,3.21833,0.0303748,0.378412,0.286037,1.35806,4.50991,1.46322,0.583217,1.09994,0.121101,0.484978,1.46008,5.34064,1.62037,5.19469,256.472,9.6689,0.32498,3.64842,18.7508,2.02034,0.923624,1.38042,2.78812,1.46367,3.32267,12.9292,1.5336,0.0142847,1.26611,0.337826,1.39809,8.88819,0.586579,44.73,72.5941,201.499,11.1759,20.2343,4.78,0.0,27.3209,38.5488,8.20137,27.6868,13.5345,29.4035,8.62663,26.7158,9.93458,0.0
17.8065,1.38058,16.8699,117.1,0.0,0.995691,0.450401,0.300161,15.0092,9.53044,66.6979,10.5372,17.5122,22.8344,0.619964,0.76034,21.0313,18.1534,0.415982,0.366059,17.3928,0.522566,0.939783,1.97053,59.0211,43.5306,5.88085,0.0024456,18.5976,29.2394,299.104,1.2857,51.3438,9.01882,14.351,44.5348,2.4903,32.2597,7.02223,0.782996,2.45519,2.73333,1.70419,2.1314,0.0,1.42315,0.0112086,0.0,0.805787,0.289561,0.417388,4.60026,2.8822,2.57085,0.945598,0.630691,8.34666e-08,1.6819,1.46109,1.0188,0.00967599,0.0,0.0393832,3.17493,0.0293751,0.381408,0.288929,1.34207,4.33583,1.36843,0.583255,1.06795,0.120569,0.479249,1.48438,5.33208,1.63025,5.21835,257.948,9.6851,0.329907,3.61999,18.7011,2.01941,0.916566,1.39173,2.79943,1.47364,3.35641,12.972,1.59876,0.014677,1.28602,0.344727,1.41255,8.96494,0.580791,44.6501,73.1205,202.171,11.3274,20.2921,4.75439,0.0,27.3264,38.4763,8.20995,27.7754,13.6141,29.6571,8.81365,26.9345,10.1389,0.0
18.1546,1.38753,16.9164,117.325,0.0,0.96449,0.460935,0.302046,15.0935,9.54395,66.4522,10.495,17.6647,22.8815,0.625939,0.760554,21.0146,18.1323,0.418347,0.377702,17.5506,0.534396,0.943346,1.97891,58.8786,43.7721,5.94295,0.00253123,18.5173,29.148,299.171,1.28874,51.163,9.02756,14.5034,44.2972,2.45173,32.2429,7.02467,0.784651,2.48825,2.72194,1.70104,2.15348,0.0,1.42625,0.0119063,0.0,0.818217,0.29706,0.41278,4.45008,2.88471,2.63107,0.930715,0.638046,8.71359e-08,1.68571,1.47827,1.037,0.0102582,0.0,0.041558,3.22545,0.0307252,0.380078,0.289968,1.34584,4.36067,1.29887,0.583305,1.09113,0.121974,0.477123,1.47405,5.37911,1.6353,5.24948,258.962,9.60635,0.321651,3.64346,18.5208,2.00216,0.918314,1.39994,2.80808,1.48211,3.3906,12.8769,1.65582,0.0153165,1.29287,0.35228,1.4428,8.94478,0.575684,43.9534,72.9252,201.946,11.4929,20.3101,4.78657,0.0,27.3884,38.3988,8.13112,27.879,13.6734,29.7166,9.097,27.1316,10.418,0.0
17.7708,1.39114,16.8245,117.089,0.0,0.910901,0.473029,0.304949,15.0843,9.50973,66.4408,10.5227,17.7431,22.8371,0.62284,0.760761,20.9296,18.1999,0.419961,0.385909,17.5751,0.532542,0.946366,1.9847,59.0281,42.8948,5.90459,0.00248246,18.5265,29.3691,298.011,1.3261,50.8475,9.05692,14.6316,44.4027,2.42025,31.6873,6.9023,0.778991,2.45563,2.6863,1.69955,2.1205,0.0,1.4292,0.0108108,0.0,0.830074,0.301154,0.419059,4.57096,2.84779,2.58944,0.950348,0.649105,8.32622e-08,1.6858,1.49511,1.04981,0.00994962,0.0,0.0351498,3.26344,0.0325851,0.384064,0.292505,1.35808,4.47333,1.2835,0.583368,1.11458,0.12538,0.487439,1.4891,5.41603,1.65757,5.28462,259.988,9.7235,0.327166,3.71231,18.2672,2.01586,0.929954,1.40462,2.81102,1.4848,3.38852,12.8273,1.67885,0.0150137,1.3211,0.362131,1.43263,8.94151,0.56963,44.0063,72.7155,201.361,11.3996,20.3488,4.80955,0.0,27.4686,38.5503,8.05411,27.9678,13.7477,29.62,9.19328,27.0552,10.5466,0.0
17.9237,1.39076,16.8548,116.093,0.0,0.954583,0.428284,0.307194,15.0928,9.52062,66.6269,10.4927,17.5434,22.8707,0.622276,0.760968,20.8587,18.1787,0.418598,0.381377,17.5658,0.538468,0.949588,1.97346,59.9128,43.1988,5.92869,0.00256693,18.5418,29.3337,297.926,1.33682,51.1016,9.05953,14.5168,44.4519,2.43747,32.0761,7.00685,0.774585,2.4964,2.65712,1.69476,2.13632,0.0,1.43026,0.0113957,0.0,0.830479,0.307781,0.424091,4.64408,2.84887,2.6216,0.970513,0.657634,9.02336e-08,1.67618,1.51238,1.06361,0.0101648,0.0,0.0372655,3.30594,0.0344476,0.386857,0.294701,1.35928,4.53056,1.27883,0.583435,1.14476,0.127249,0.486697,1.493,5.44916,1.67828,5.30305,260.552,9.81331,0.331795,3.73703,18.0168,1.99284,0.931321,1.39177,2.81654,1.4834,3.38834,12.8424,1.74805,0.01625,1.34591,0.364864,1.45053,8.92666,0.57882,44.1124,72.6917,200.9,11.5664,20.3773,4.7933,0.0,27.4817,38.5495,8.10521,28.0563,13.7958,29.8932,9.11392,26.8546,10.613,0.0
18.3456,1.39096,16.8681,116.547,0.0,0.944272,0.408394,0.308206,15.3194,9.52526,66.5881,10.5048,17.3218,22.9255,0.627644,0.761175,20.8305,18.1777,0.421658,0.378101,17.6443,0.529081,0.952915,1.97451,60.3176,43.5352,5.8406,0.00265003,18.5,29.3897,294.312,1.33335,51.0688,9.04847,14.4695,44.2084,2.48476,31.9633,6.95884,0.769995,2.48987,2.64099,1.68044,2.13378,0.0,1.42559,0.00967977,0.0,0.782547,0.303532,0.419185,4.64787,2.83901,2.50487,0.931336,0.654051,7.87891e-08,1.68347,1.52073,1.07534,0.00824617,0.0,0.0337248,3.29872,0.0344818,0.378511,0.294739,1.3638,4.49574,1.24152,0.583482,1.09393,0.126095,0.489226,1.47303,5.46715,1.67764,5.31845,261.033,9.80244,0.331397,3.75274,17.9616,2.03922,0.948855,1.38928,2.81928,1.46842,3.37312,12.7373,1.74399,0.0153982,1.3478,0.366428,1.44759,8.8395,0.581877,43.7164,72.5915,200.186,11.5068,20.3992,4.75969,0.0,27.3473,38.3252,8.0804,27.7787,13.641,29.8654,9.0177,26.8379,10.5431,0.0
18.8616,1.38685,16.8974,115.775,0.0,0.94345,0.395548,0.308114,15.3223,9.53966,66.6703,10.4409,17.3291,22.7913,0.632667,0.761373,20.6459,18.1154,0.411651,0.365738,17.688,0.524521,0.956195,1.96219,60.5274,43.5422,5.88284,0.00272363,18.3795,29.5916,296.161,1.35914,51.0318,8.98932,14.5087,44.2402,2.31366,31.9699,7.06168,0.778579,2.50384,2.68855,1.65344,2.15588,0.0,1.42343,0.00941206,0.0,0.773239,0.306986,0.404369,4.70244,2.84452,2.48544,0.925554,0.663584,8.65783e-08,1.68128,1.53821,1.08568,0.00788954,0.0,0.0326005,3.28564,0.0312596,0.383125,0.294916,1.36395,4.5304,1.26032,0.583531,1.06831,0.129366,0.499697,1.47843,5.49118,1.67699,5.34885,261.684,9.82985,0.328691,3.79672,18.3142,2.03578,0.935965,1.39099,2.82054,1.4736,3.34225,12.82,1.77621,0.0162469,1.35393,0.369785,1.45335,8.77546,0.590586,43.6325,72.2604,199.997,11.5784,20.4284,4.76218,0.0,27.244,38.416,8.11498,27.7912,13.6752,29.8037,9.05073,26.7152,10.6366,0.0
19.0755,1.38099,16.9226,115.866,0.0,0.942493,0.398349,0.310314,15.4696,9.529,66.5795,10.3602,17.3931,22.7632,0.636771,0.760517,20.5577,18.0033,0.412635,0.379544,17.747,0.524345,0.959266,1.96697,59.6964,43.8333,5.85506,0.00280921,18.3856,29.5383,293.794,1.38371,50.9742,8.9242,14.4214,44.0114,2.22382,32.2843,7.09354,0.785634,2.54833,2.74694,1.66548,2.21693,0.0,1.42411,0.00932986,0.0,0.774981,0.290766,0.412073,4.7487,2.85446,2.51535,0.937888,0.670607,9.14362e-08,1.69447,1.55088,1.06939,0.00808774,0.0,0.0326464,3.33169,0.0333061,0.386281,0.295594,1.38405,4.60435,1.25071,0.583587,1.03383,0.128015,0.509535,1.4895,5.48763,1.68507,5.35736,264.232,9.88243,0.328584,3.83367,18.3319,2.03149,0.933293,1.38938,2.81446,1.48116,3.31357,12.8213,1.80546,0.0169126,1.36536,0.375247,1.47697,8.84224,0.597634,43.8599,72.4651,200.226,11.7213,20.4545,4.73939,0.0,27.2528,38.133,8.09778,27.7241,13.8125,29.8425,9.12004,26.781,10.7667,0.0
19.168,1.37873,16.949,116.119,0.0,0.955252,0.408199,0.313413,15.563,9.56892,66.7793,10.5103,17.4307,22.8007,0.639601,0.76078,20.7779,18.1054,0.416562,0.388471,17.6604,0.510713,0.962323,1.93499,60.4158,43.4296,5.82415,0.00288294,18.5176,29.7122,294.523,1.40288,51.2092,8.96393,14.605,44.3528,2.18918,32.4746,7.02183,0.786893,2.56652,2.76373,1.66747,2.23678,0.0,1.42331,0.00914471,0.0,0.791873,0.300833,0.418535,4.80188,2.78766,2.52816,0.927232,0.675134,9.41535e-08,1.64398,1.56846,1.08364,0.00837196,0.0,0.0309372,3.33452,0.034702,0.389194,0.292714,1.3624,4.71286,1.23318,0.583621,1.06055,0.125048,0.494178,1.48371,5.48126,1.65805,5.37187,264.917,9.85395,0.330765,3.76655,17.9712,1.99746,0.906706,1.34888,2.77103,1.46409,3.14963,12.8585,1.83712,0.0167255,1.31394,0.37781,1.46882,8.71926,0.592767,43.2309,71.9758,199.366,11.4907,20.3163,4.78161,0.0,27.3763,38.3018,8.06448,27.7881,13.8568,29.8194,9.046,26.8906,10.8841,0.0
19.1503,1.33783,17.0208,116.816,0.0,0.995396,0.426061,0.30458,15.6994,9.58051,66.2174,10.5854,17.5127,22.7511,0.637945,0.760621,20.7972,18.1329,0.418191,0.389439,17.5719,0.499539,0.96541,1.91112,60.6222,42.8136,5.86205,0.00297345,18.42,29.8456,294.661,1.41033,51.3283,8.91936,14.5433,44.3992,2.15472,32.44,6.95321,0.784845,2.57703,2.7542,1.68254,2.24042,0.0,1.42114,0.00830181,0.0,0.782285,0.308279,0.420935,4.90192,2.79985,2.48711,0.952066,0.682935,9.22359e-08,1.65358,1.54482,1.09965,0.00773965,0.0,0.0277222,3.36985,0.0340008,0.392277,0.293273,1.3495,4.75057,1.24086,0.583685,1.0827,0.124901,0.508703,1.50111,5.49214,1.66243,5.35348,266.94,9.83755,0.336497,3.82079,18.2382,1.99833,0.913922,1.34444,2.76902,1.45703,3.12933,12.8772,1.83217,0.0193711,1.29775,0.380352,1.45778,8.62481,0.596531,43.1067,71.9794,199.8,11.2439,20.3696,4.7954,0.0,27.4062,38.2703,8.14878,27.9817,13.9628,29.7829,9.18982,27.1869,11.0464,0.0
19.1147,1.29087,17.0381,117.0,0.0,1.01398,0.443079,0.298931,15.8393,9.604,66.4529,10.6751,17.6433,22.7852,0.643423,0.760851,20.9126,18.2075,0.419801,0.398429,17.5916,0.507582,0.968496,1.90238,60.253,42.809,5.94043,0.00285951,18.5784,29.9319,295.23,1.43414,50.9161,8.87465,14.7592,44.3021,2.13416,31.9589,6.94284,0.781506,2.58165,2.73152,1.6703,2.23837,0.0,1.42327,0.00865278,0.0,0.78676,0.312165,0.426153,4.992,2.80055,2.51689,0.970236,0.681968,9.73383e-08,1.62735,1.56941,1.11271,0.00786966,0.0,0.0296829,3.41048,0.0360115,0.393165,0.292335,1.34933,4.84241,1.28095,0.583731,1.11486,0.127963,0.518136,1.51923,5.52607,1.64415,5.3944,269.242,9.91198,0.340523,3.80047,18.365,1.99732,0.911766,1.34937,2.77363,1.47068,3.13006,12.8747,1.93261,0.0202337,1.32114,0.384531,1.48145,8.66023,0.595086,43.192,71.8899,198.972,11.2695,20.1929,4.81229,0.0,27.4063,38.4175,8.07749,27.7614,13.743,29.9808,9.00154,26.6819,10.8333,0.0
18.8579,1.29077,17.0592,116.641,0.0,1.03531,0.455012,0.30029,15.8911,9.61998,66.4162,10.7614,17.5367,22.7988,0.647701,0.760924,21.0595,18.2756,0.421415,0.365028,17.5398,0.50916,0.97047,1.89387,60.171,41.7645,5.95097,0.00297049,18.796,30.0909,296.525,1.46034,51.0235,8.90052,14.9252,44.4521,2.14444,32.1849,7.03522,0.781016,2.57505,2.71217,1.68917,2.23031,0.0,1.42166,0.00891657,0.0,0.787139,0.318349,0.417026,5.04017,2.81604,2.5307,0.990035,0.669773,8.84816e-08,1.64442,1.51641,1.08554,0.00830539,0.0,0.0301713,3.41481,0.0351873,0.386141,0.290701,1.35459,4.80458,1.26384,0.583775,1.11129,0.130523,0.521612,1.523,5.36699,1.63636,5.41788,268.407,9.86795,0.339621,3.82185,17.8101,2.04181,0.927541,1.36026,2.77629,1.47727,3.18134,12.981,1.99896,0.020008,1.27409,0.389719,1.4907,8.659,0.598848,43.1096,71.7785,198.738,11.3664,19.9366,4.84192,0.0,27.5251,38.5434,8.03782,27.9611,13.8828,30.1438,9.01369,26.7936,10.8387,0.0
18.9528,1.29537,17.0039,117.038,0.0,1.00512,0.453483,0.3039,16.0446,9.64168,66.6354,10.8813,17.7776,22.8286,0.647609,0.761149,21.2489,18.347,0.422991,0.380234,17.4851,0.507916,0.973377,1.88043,60.0637,41.0416,5.99107,0.00307119,18.8462,30.2791,297.65,1.48295,50.8716,8.92344,15.0201,44.5536,2.05526,32.082,7.10408,0.777864,2.59026,2.70285,1.70926,2.23374,0.0,1.42054,0.00844971,0.0,0.798713,0.318207,0.415043,5.01517,2.79967,2.4681,1.00006,0.666501,9.34107e-08,1.61144,1.5421,1.09529,0.00723367,0.0,0.0287723,3.43672,0.0370787,0.386402,0.288107,1.36742,4.85803,1.2794,0.583439,1.13975,0.133111,0.532629,1.51615,5.42197,1.61064,5.43423,270.979,9.95755,0.342763,3.81788,17.7506,2.05664,0.931555,1.35708,2.77363,1.4785,3.18232,12.9642,2.02435,0.0214668,1.29547,0.383257,1.52754,8.65759,0.599479,43.1602,71.8053,198.22,11.2388,19.9375,4.78675,0.0,27.4813,38.259,7.96939,27.1455,13.7321,30.0562,8.65426,26.9486,10.5902,0.0
19.0295,1.29337,16.9619,116.735,0.0,0.990488,0.448511,0.306532,16.0641,9.64709,66.7602,10.8815,17.5916,22.8757,0.653747,0.761387,21.2476,18.3735,0.424568,0.381915,17.3776,0.509273,0.976241,1.85912,59.7761,40.5886,5.92727,0.0031435,18.9657,30.1957,296.948,1.50459,50.6701,8.93037,14.9785,44.4273,2.11348,32.1582,7.20285,0.778444,2.56534,2.751,1.69093,2.22881,0.0,1.42315,0.00886931,0.0,0.804622,0.325919,0.421852,4.90331,2.807,2.47801,1.0149,0.671148,8.04856e-08,1.62459,1.55962,1.11133,0.00748705,0.0,0.0307521,3.48241,0.0387329,0.390457,0.290768,1.38132,4.84038,1.23757,0.583717,1.11741,0.134047,0.526452,1.53869,5.46242,1.62804,5.45658,273.025,10.0173,0.347175,3.78186,17.9812,2.07727,0.941546,1.36805,2.76119,1.45084,3.18584,13.0456,2.03424,0.022655,1.30403,0.389361,1.51823,8.67017,0.607273,43.2691,71.9429,198.041,11.2171,19.9906,4.7244,0.0,27.4416,38.0283,7.84967,26.8706,13.8665,29.9064,8.93472,27.2941,10.7668,0.0
18.731,1.29748,16.977,116.743,0.0,1.01943,0.477317,0.308888,16.0,9.678,66.7358,10.9318,17.4399,22.888,0.636237,0.761596,21.3206,18.4328,0.426126,0.373445,17.3349,0.526624,0.978976,1.88896,60.6163,40.373,5.86116,0.00321753,18.9979,30.2878,298.364,1.4789,50.4755,8.93771,14.8512,44.471,2.15914,32.3525,7.20257,0.784303,2.538,2.76516,1.71647,2.22523,0.0,1.42642,0.00938854,0.0,0.818113,0.332207,0.42667,5.01645,2.81916,2.52807,1.02929,0.681927,8.95653e-08,1.64543,1.57639,1.12446,0.00798046,0.0,0.0321493,3.524,0.0405097,0.393224,0.293509,1.39509,4.9825,1.26694,0.58391,1.16397,0.135019,0.53761,1.55587,5.4935,1.65313,5.48805,275.051,10.0474,0.35081,3.85034,18.103,2.12607,0.976386,1.37633,2.77788,1.46483,3.21664,13.1591,2.01852,0.021953,1.33228,0.399446,1.5267,8.64846,0.609426,42.8792,71.9041,197.928,11.1165,20.038,4.68005,0.0,27.388,37.5745,7.62914,26.7531,14.0019,29.7964,9.16291,27.4532,10.9463,0.0
18.8449,1.29741,16.9709,117.074,0.0,1.05044,0.498046,0.311165,16.0407,9.68448,66.2203,10.9026,17.3314,22.5916,0.637193,0.761772,21.297,18.4262,0.40833,0.364534,17.2765,0.535993,0.981716,1.9114,60.4957,39.8169,5.77514,0.00308306,18.7177,29.9585,298.029,1.45398,50.6108,8.96172,14.4571,44.6444,2.11142,32.5119,7.26775,0.783505,2.53206,2.77132,1.7302,2.23146,0.0,1.42572,0.00814275,0.0,0.808508,0.300833,0.4314,4.99705,2.82628,2.41727,1.04377,0.683208,9.33801e-08,1.63906,1.58779,1.09972,0.00656051,0.0,0.0268052,3.46567,0.0422758,0.395298,0.292121,1.38343,4.76141,1.24705,0.583969,1.13875,0.13191,0.539179,1.56318,5.52859,1.64913,5.49537,276.522,10.0524,0.353035,3.86231,18.252,2.16668,0.989857,1.38519,2.7902,1.46785,3.27931,13.2496,2.03019,0.0231755,1.35205,0.41053,1.52119,8.62062,0.610337,42.904,71.5857,197.809,11.1718,20.0926,4.70424,0.0,27.4709,37.7032,7.72347,26.7843,14.0086,29.9457,9.25008,27.5873,11.062,0.0
19.2651,1.25792,17.0371,117.289,0.0,1.08984,0.502099,0.312786,16.1293,9.68156,65.9286,10.9634,17.4125,22.5918,0.638442,0.761614,21.3926,18.463,0.406161,0.356512,17.4422,0.550217,0.984305,1.96696,59.7896,39.3624,5.77217,0.00319858,18.7283,29.6206,296.388,1.46313,50.4356,8.97732,14.0759,44.9386,2.16678,32.3228,7.11979,0.790498,2.52359,2.79403,1.74182,2.23717,0.0,1.4255,0.00823321,0.0,0.816814,0.307471,0.43615,5.09892,2.83019,2.41592,1.04642,0.684167,9.84907e-08,1.61343,1.60039,1.08891,0.00665596,0.0,0.0261204,3.40769,0.0437223,0.396892,0.288371,1.38212,4.89629,1.26299,0.584001,1.18851,0.130775,0.544654,1.56133,5.56115,1.629,5.45855,277.895,10.0894,0.354776,3.86198,18.0542,2.21065,1.01079,1.3935,2.80279,1.4801,3.31728,13.233,2.11699,0.0260272,1.36823,0.414287,1.53312,8.70316,0.61456,43.0446,71.9695,198.139,11.3641,20.0974,4.72125,0.0,27.5394,37.8072,7.81627,26.7853,14.0299,30.2524,9.19224,27.6549,11.1593,0.0
19.0628,1.26269,17.1122,116.973,0.0,1.02175,0.513922,0.315511,16.2017,9.69554,66.0899,10.9096,17.233,22.6537,0.645224,0.761812,21.3177,18.4476,0.410621,0.363178,17.4175,0.560223,0.986863,1.97847,60.1071,38.7118,5.79983,0.00328804,18.7177,29.6419,296.859,1.47176,50.3619,9.00308,14.0316,45.3069,2.17567,31.913,7.07069,0.788856,2.52806,2.7625,1.75663,2.23434,0.0,1.42436,0.00811326,0.0,0.796729,0.299383,0.439786,5.18802,2.83035,2.42915,1.06089,0.692438,1.01308e-07,1.62014,1.60234,1.10058,0.00695081,0.0,0.0242046,3.38977,0.0449826,0.398335,0.290244,1.39483,4.98078,1.28997,0.584006,1.23713,0.133398,0.549567,1.5549,5.59447,1.64652,5.37344,279.467,10.0569,0.335393,3.90238,18.2385,2.22717,1.01425,1.40139,2.80942,1.47876,3.29774,13.3157,2.1626,0.0252341,1.3461,0.404573,1.52654,8.6463,0.609129,42.8379,71.869,198.688,11.3622,20.1277,4.77293,0.0,27.6658,38.0493,7.82481,27.1277,14.2198,30.2901,9.51117,27.9156,11.3307,0.0
19.0254,1.25893,17.1611,116.941,0.0,1.01273,0.532002,0.317907,16.1489,9.67952,66.23,10.9645,17.1524,22.6121,0.644423,0.761603,21.3547,18.4635,0.406628,0.368674,17.2827,0.555911,0.989245,1.97804,59.6204,37.9989,5.77866,0.00318287,18.7897,29.6191,296.125,1.49365,50.1736,9.00892,14.0751,45.1511,2.19586,31.4798,7.03357,0.793753,2.53572,2.77304,1.7788,2.23725,0.0,1.42547,0.00855639,0.0,0.792036,0.262805,0.444672,5.28026,2.83472,2.42289,1.07875,0.697073,1.05429e-07,1.62366,1.61524,1.07321,0.00743174,0.0,0.0249483,3.33338,0.0448799,0.399369,0.292325,1.39565,5.06437,1.32063,0.584005,1.27301,0.134566,0.55378,1.5637,5.5154,1.65962,5.38315,280.765,10.0526,0.336467,3.9276,18.4715,2.30265,1.03194,1.3971,2.80278,1.47986,3.27931,13.3232,2.27742,0.0245895,1.37898,0.402997,1.52894,8.63542,0.610597,42.7947,71.5627,197.528,11.5548,20.178,4.78737,0.0,27.7574,38.0861,7.81033,27.3672,14.4322,30.6149,9.72165,28.0776,11.2423,0.0
18.7822,1.25666,17.1884,116.918,0.0,1.01151,0.537091,0.319939,16.3083,9.66412,66.2519,10.9544,16.8903,22.6391,0.646899,0.761788,21.3076,18.4989,0.411043,0.346351,17.0776,0.536923,0.991763,1.96304,60.1409,37.9911,5.71858,0.00328171,18.8781,29.9169,295.853,1.51054,49.9282,9.02717,14.2546,45.2326,2.23123,31.0117,6.8279,0.793447,2.5248,2.7714,1.78507,2.22468,0.0,1.42824,0.00909334,0.0,0.806431,0.272675,0.449319,5.19938,2.83792,2.45368,1.07275,0.700637,1.08377e-07,1.63638,1.63265,1.09536,0.00784404,0.0,0.0267521,3.37411,0.0387508,0.397521,0.291912,1.38589,5.09339,1.34802,0.584037,1.28714,0.130319,0.54495,1.54916,5.56565,1.66299,5.36681,281.7,10.1342,0.328174,3.91724,18.6487,2.34364,1.04214,1.38079,2.77834,1.4844,3.20772,13.1356,2.30738,0.0255236,1.39904,0.404258,1.53517,8.66763,0.609894,42.6738,71.9618,197.929,11.3947,20.2146,4.78271,0.0,27.7855,38.1168,7.78922,27.3368,14.5475,30.7083,9.768,28.2623,11.3203,0.0
18.7759,1.26047,17.2443,116.835,0.0,1.00611,0.558622,0.322226,16.3805,9.64219,66.4359,10.9854,16.9886,22.672,0.647621,0.761954,21.3378,18.4913,0.409768,0.357113,16.9886,0.526785,0.994191,1.91747,60.226,37.1002,5.60751,0.00335975,18.876,30.0599,295.912,1.46959,50.078,9.05365,14.4211,45.2526,2.2617,30.9893,6.77591,0.797998,2.55285,2.77086,1.79908,2.22995,0.0,1.42881,0.00903451,0.0,0.798142,0.281028,0.441422,5.2428,2.83689,2.45136,1.09764,0.712513,8.58819e-08,1.64658,1.64913,1.11176,0.00744849,0.0,0.0266845,3.3975,0.0389329,0.400555,0.295055,1.39813,5.1423,1.28069,0.584035,1.30145,0.125389,0.550018,1.57818,5.5964,1.69064,5.3956,281.36,9.9465,0.318819,3.9686,18.202,2.23882,1.02568,1.36116,2.76097,1.47013,3.17348,13.015,2.25077,0.0242029,1.43499,0.414799,1.54368,8.54946,0.602652,42.0037,71.4786,197.547,11.1576,20.1545,4.80122,0.0,27.8231,38.2797,7.79397,27.4479,14.5049,30.5305,9.91172,28.4248,11.5479,0.0
19.0357,1.23848,17.1807,117.023,0.0,1.04933,0.586892,0.32295,16.4205,9.65327,65.9668,11.0664,17.1443,22.6111,0.620496,0.761685,21.4763,18.5483,0.409793,0.363254,17.0745,0.527805,0.996675,1.89912,59.7379,37.0354,5.41718,0.00327335,18.7328,30.2365,295.991,1.46124,50.1373,9.04301,14.4637,45.3793,2.18662,31.1047,6.73212,0.801087,2.54959,2.80285,1.79399,2.2542,0.0,1.42533,0.00928371,0.0,0.81368,0.287283,0.442278,5.25591,2.84805,2.47539,1.07941,0.71078,8.72831e-08,1.64924,1.56669,1.1253,0.00769933,0.0,0.0272102,3.43477,0.0369776,0.403587,0.290115,1.39554,5.14528,1.29208,0.584089,1.31476,0.128574,0.556801,1.5762,5.63587,1.66348,5.40899,281.399,9.99968,0.322466,3.94093,18.3551,2.21842,1.00993,1.36634,2.76571,1.48324,3.15757,13.0468,2.30672,0.025327,1.44073,0.423638,1.57458,8.4424,0.607841,41.8854,71.3805,197.621,11.2292,20.2133,4.82366,0.0,27.8704,38.1309,7.78561,27.4385,14.4916,30.6896,10.1149,28.4306,11.8005,0.0
19.0676,1.24884,17.231,117.099,0.0,0.993013,0.578683,0.315551,16.4114,9.62228,65.9074,11.0892,17.2521,22.6397,0.628608,0.761162,21.4158,18.5479,0.413367,0.367079,17.3137,0.523317,0.998617,1.88766,59.3506,37.4112,5.43059,0.00337102,18.5939,30.2483,296.166,1.44777,50.1566,9.04047,14.6116,45.1234,2.10719,30.9539,6.59874,0.795328,2.54304,2.8013,1.76819,2.24172,0.0,1.42833,0.00972555,0.0,0.825129,0.293533,0.429095,5.124,2.85555,2.51407,1.09037,0.719136,8.09872e-08,1.66454,1.56863,1.07405,0.00811515,0.0,0.0285725,3.46374,0.0344093,0.406326,0.292709,1.39719,5.11799,1.29101,0.584094,1.3301,0.128691,0.5602,1.58779,5.64669,1.6857,5.42888,279.085,9.9714,0.323453,3.99466,18.1821,2.22012,1.00422,1.3546,2.73525,1.48497,3.1128,12.964,2.37313,0.0255614,1.45526,0.424989,1.5929,8.37979,0.609461,41.7062,71.5025,197.744,11.5306,20.1787,4.82059,0.0,27.8811,38.3745,7.87944,27.4248,14.4879,31.0935,10.1052,28.6042,11.7821,0.0
19.1517,1.24192,17.3138,117.255,0.0,0.971905,0.599673,0.319105,16.5166,9.61407,65.9411,10.9396,17.0043,22.6969,0.633435,0.761372,21.2176,18.3346,0.415009,0.36732,17.2656,0.536131,1.00061,1.9059,60.261,37.177,5.57318,0.00344893,18.6847,30.18,295.203,1.46992,49.9544,9.05418,14.6379,44.9566,2.07735,30.3581,6.44001,0.792645,2.58582,2.77037,1.72327,2.26154,0.0,1.42512,0.00864087,0.0,0.836225,0.299786,0.419115,5.09118,2.84791,2.4802,1.06528,0.710991,9.01419e-08,1.63943,1.55102,1.0942,0.00658569,0.0,0.0255578,3.50614,0.0333985,0.40728,0.28714,1.3876,5.02437,1.3151,0.584135,1.34571,0.129123,0.556112,1.57109,5.66639,1.65928,5.40513,280.024,9.85536,0.322892,3.97222,18.1695,2.26368,1.02465,1.34678,2.71547,1.45984,3.15882,13.0098,2.46993,0.0271485,1.47915,0.414718,1.61928,8.36733,0.603522,41.6005,71.64,198.065,11.6944,20.2404,4.87083,0.0,27.8515,38.6592,7.92092,27.5885,14.4762,31.3337,9.91083,28.4121,11.6623,0.0
19.0208,1.22965,17.3156,117.643,0.0,0.99645,0.609735,0.322279,16.6017,9.64777,65.7643,10.9992,17.0519,22.7391,0.638604,0.761521,21.301,18.3888,0.416674,0.350765,17.3323,0.5467,1.00276,1.89997,59.694,37.6443,5.49637,0.00335801,18.6595,30.144,293.652,1.49981,49.6291,9.04,14.4659,44.8486,2.05996,30.1448,6.4532,0.790315,2.5564,2.74445,1.72978,2.23381,0.0,1.42018,0.00840601,0.0,0.847182,0.306016,0.425605,5.16565,2.85792,2.48004,1.08618,0.713857,8.58991e-08,1.6475,1.57442,1.10318,0.00612407,0.0,0.0244124,3.53353,0.0341258,0.410861,0.283166,1.39636,5.15399,1.31168,0.584152,1.40298,0.132158,0.569992,1.56462,5.65106,1.63474,5.3248,280.497,9.92254,0.321843,3.97608,18.2837,2.23098,1.01656,1.34977,2.68851,1.44356,3.16078,13.028,2.55771,0.0283204,1.49045,0.410089,1.63326,8.39253,0.60354,41.7108,71.7099,198.061,11.9214,20.269,4.90926,0.0,27.8328,39.0672,7.99769,27.7923,14.5809,31.531,10.0581,28.5587,11.774,0.0
18.849,1.23058,17.2664,118.174,0.0,1.04221,0.599563,0.324433,16.6929,9.63993,65.9134,11.0384,17.1337,22.7598,0.638541,0.759977,21.2795,18.4739,0.418303,0.352633,17.3966,0.546611,1.00497,1.90613,60.5562,37.2538,5.44394,0.00327015,18.6449,30.0116,291.281,1.52448,49.4679,9.05107,14.6084,44.405,2.06607,29.8001,6.24865,0.789621,2.52183,2.72793,1.75704,2.21782,0.0,1.42333,0.00885189,0.0,0.858982,0.29206,0.429642,5.27403,2.87112,2.51461,1.09199,0.708693,9.30663e-08,1.66254,1.54127,1.11742,0.00643911,0.0,0.0251194,3.57911,0.0357168,0.413185,0.285857,1.40985,5.18214,1.33047,0.584159,1.42331,0.13632,0.573813,1.57164,5.69626,1.64907,5.32401,282.269,9.87323,0.312204,3.99754,18.1177,2.22802,1.01728,1.33575,2.6679,1.43432,3.14433,12.8628,2.58081,0.032722,1.48674,0.412737,1.64948,8.25337,0.607791,41.3288,71.1131,197.945,11.9988,20.2784,4.929,0.0,27.8859,39.1868,7.99405,27.8594,14.567,31.3211,9.63033,28.3912,11.6398,0.0
18.6226,1.24521,17.2895,118.348,0.0,1.0326,0.611721,0.298568,16.7876,9.67095,66.07,11.0633,17.3147,22.7521,0.620381,0.760147,21.3285,18.515,0.41641,0.35917,17.5049,0.543529,1.00713,1.89321,61.33,37.5303,5.54907,0.00338952,18.5735,30.1347,292.184,1.55505,49.3583,9.08235,14.52,44.7995,2.05672,29.5684,6.27296,0.788666,2.48424,2.70692,1.76251,2.18168,0.0,1.42454,0.00941808,0.0,0.870124,0.300932,0.434972,5.36236,2.87495,2.54801,1.08113,0.713758,9.69203e-08,1.65722,1.56811,1.13039,0.00695877,0.0,0.0268826,3.62023,0.0343618,0.415095,0.28561,1.40039,5.17614,1.34724,0.584158,1.42742,0.137399,0.563515,1.54782,5.73133,1.64834,5.33521,283.686,9.83784,0.317407,3.94604,17.5023,2.18083,1.00961,1.31364,2.63622,1.43055,3.11277,12.5919,2.59388,0.0344291,1.50693,0.419771,1.67313,8.23681,0.603405,41.0821,71.0059,198.079,12.0442,20.2334,4.95405,0.0,27.711,39.5644,7.98466,27.8297,14.4192,31.3211,9.04567,27.6854,11.3811,0.0
18.618,1.24178,17.1865,118.709,0.0,1.06273,0.618779,0.302191,16.7674,9.67203,65.9785,11.1448,17.4396,22.7542,0.612432,0.760368,21.4927,18.5661,0.419778,0.353598,17.4358,0.533605,1.0093,1.85632,60.6803,36.9416,5.48687,0.00347566,18.3128,29.7687,291.27,1.57008,49.4646,9.0854,14.1383,44.5851,2.02865,29.9421,6.38471,0.785981,2.41535,2.68775,1.78067,2.13999,0.0,1.42553,0.00884531,0.0,0.87092,0.304531,0.439934,5.44997,2.87345,2.56127,1.07846,0.711684,1.00863e-07,1.66521,1.58816,1.14112,0.00651052,0.0,0.0282455,3.65897,0.0358884,0.417158,0.286377,1.41477,5.27682,1.38158,0.584128,1.44569,0.141043,0.568028,1.55211,5.72177,1.64317,5.33913,282.914,9.70922,0.313245,3.97524,17.0875,2.19249,1.00429,1.30352,2.60568,1.42002,3.06643,12.5608,2.58162,0.0370822,1.50401,0.433105,1.7041,8.13247,0.605226,40.7173,70.5771,197.817,12.1377,20.1917,4.97994,0.0,27.6939,39.911,8.08076,27.8128,14.2892,31.5339,9.10106,27.7385,11.4937,0.0
18.7463,1.23951,17.1833,118.586,0.0,0.983438,0.639499,0.30475,16.708,9.64384,66.0338,11.0829,17.3934,22.7311,0.618826,0.760264,21.4122,18.5546,0.42137,0.351764,17.5734,0.540647,1.01055,1.89827,61.7182,36.7013,5.43134,0.00331857,17.7809,29.0606,287.981,1.5664,48.7187,9.02002,13.5448,43.6922,1.99645,29.562,6.32106,0.791423,2.38117,2.65761,1.79992,2.10327,0.0,1.42378,0.00895331,0.0,0.885321,0.306371,0.444579,5.49545,2.84086,2.56914,1.07191,0.710093,7.81604e-08,1.66204,1.60442,1.15457,0.00681785,0.0,0.0287494,3.70024,0.0371354,0.418386,0.282515,1.39893,5.38542,1.37081,0.583973,1.46544,0.142974,0.573603,1.5498,5.76316,1.62069,5.34839,285.145,9.73686,0.315105,3.99108,17.0205,2.18775,1.01635,1.31092,2.59993,1.43215,3.12935,12.6045,2.6658,0.0413424,1.47568,0.421081,1.67703,8.20298,0.617621,40.963,70.7872,197.964,12.2986,20.2697,4.97979,0.0,27.7477,39.7185,8.11066,27.7263,14.2597,31.6145,9.12243,27.6764,11.4775,0.0
18.1323,1.2458,17.1905,119.261,0.0,1.00641,0.636806,0.288588,16.89,9.5668,66.2014,10.9903,17.2168,22.7184,0.61422,0.759148,21.2391,18.4806,0.417822,0.344161,17.453,0.541601,1.01253,1.92295,61.063,36.9077,5.39184,0.00324194,17.3783,29.147,285.695,1.5155,48.3355,9.05015,13.1917,43.966,1.95697,28.6132,6.23373,0.780224,2.31977,2.56449,1.80066,2.0263,0.0,1.4188,0.00850739,0.0,0.869343,0.309918,0.449228,5.60555,2.8385,2.45986,1.06552,0.700781,8.48997e-08,1.66934,1.62059,1.16752,0.00665136,0.0,0.0254713,3.7019,0.0390809,0.417304,0.276261,1.4205,5.4406,1.3628,0.579694,1.45257,0.134236,0.577926,1.55859,5.79987,1.58929,5.38754,286.88,9.82198,0.320959,4.02516,16.9363,2.23498,1.03953,1.30941,2.60115,1.43045,3.12493,12.5647,2.67477,0.0436541,1.50919,0.433352,1.72401,8.21017,0.613517,40.6244,70.7101,197.967,12.1886,20.3021,4.9516,0.0,27.7241,39.7632,8.03048,27.6698,14.1712,31.4645,9.04428,27.4494,11.4503,0.0
18.2286,1.25007,17.194,120.008,0.0,0.995792,0.644839,0.292634,16.9779,9.59381,66.0806,11.0166,17.058,22.7485,0.614714,0.759051,21.1841,18.5438,0.420834,0.346329,17.3965,0.537222,1.01456,1.93343,61.3131,36.9379,5.44828,0.00335861,17.3407,29.1762,285.589,1.48681,48.161,9.06188,13.2551,44.1117,1.91913,28.3965,6.2464,0.776015,2.31478,2.55119,1.78521,2.01872,0.0,1.42032,0.00855968,0.0,0.88361,0.316251,0.448101,5.6693,2.84989,2.48498,1.08387,0.702066,8.73954e-08,1.68289,1.63655,1.17996,0.00654245,0.0,0.0271653,3.72401,0.0367581,0.419574,0.276559,1.40306,5.38799,1.38626,0.579456,1.42853,0.140451,0.585483,1.5609,5.83154,1.59426,5.39865,287.938,9.91906,0.325132,4.0499,16.9628,2.28292,1.06314,1.32082,2.6149,1.44233,3.15719,12.6137,2.73332,0.047309,1.50267,0.444935,1.74613,8.12733,0.611945,40.6344,70.4782,197.641,12.1034,20.3443,4.95788,0.0,27.7605,39.6453,8.03923,27.6584,14.1816,31.4504,8.88366,27.4488,11.3805,0.0
18.5047,1.23705,17.2969,120.012,0.0,1.00482,0.642171,0.286741,16.9454,9.62416,66.2198,11.0625,17.1549,22.7954,0.608639,0.759321,21.2723,18.5724,0.422428,0.35464,17.5083,0.548203,1.01655,1.95237,61.7941,36.9625,5.48699,0.00343663,17.3644,29.3322,285.447,1.48773,47.9288,9.06556,13.4889,44.0775,1.92384,28.4157,6.24121,0.781646,2.3292,2.55163,1.80882,2.01506,0.0,1.42251,0.00893845,0.0,0.884975,0.317522,0.451646,5.75371,2.8655,2.48069,1.09376,0.707306,8.31752e-08,1.69447,1.63287,1.18652,0.00700613,0.0,0.0273218,3.72991,0.035187,0.42222,0.279726,1.4154,5.45559,1.37657,0.581554,1.48081,0.146459,0.581818,1.55789,5.77855,1.6141,5.3992,288.445,9.72989,0.326035,4.07302,16.9485,2.27948,1.067,1.32684,2.62907,1.45159,3.18159,12.6456,2.87201,0.0501409,1.52785,0.445422,1.75185,8.17806,0.620483,40.539,70.7397,197.947,12.3607,20.3286,4.98293,0.0,27.7993,39.9446,8.13765,27.7272,14.3034,31.7881,8.84603,27.5258,11.4058,0.0
18.5988,1.23762,17.3436,119.392,0.0,1.04166,0.653011,0.289757,16.9981,9.62933,66.1673,11.0842,17.1638,22.8218,0.60497,0.758762,21.2671,18.6004,0.424023,0.362752,17.6488,0.55384,1.01849,1.974,63.1137,37.0113,5.42173,0.00334659,17.3481,29.3726,284.889,1.48357,48.0025,9.0726,13.5201,43.9164,1.95121,28.5766,6.20694,0.783237,2.29698,2.55467,1.81135,1.99547,0.0,1.4157,0.009033,0.0,0.894507,0.325323,0.456939,5.84657,2.8613,2.44984,0.980636,0.68209,8.4496e-08,1.68134,1.64912,1.17812,0.00689065,0.0,0.0275504,3.68963,0.0358988,0.417484,0.271639,1.41061,5.5004,1.41742,0.580138,1.51433,0.150277,0.541902,1.44759,5.7532,1.56165,5.09029,290.048,9.52647,0.308699,3.87961,17.1159,2.27454,1.07825,1.32623,2.63463,1.4566,3.1921,12.5747,2.87433,0.0540546,1.54008,0.436467,1.72151,8.20681,0.621078,40.9842,70.6583,197.956,12.4423,20.3742,5.02197,0.0,27.8801,39.7727,8.12887,27.9256,14.4852,31.7241,9.0425,27.6163,11.504,0.0
18.6287,1.24341,17.4069,119.382,0.0,1.03325,0.615177,0.293487,16.9113,9.57856,66.3102,11.0452,17.0015,22.851,0.611155,0.759068,21.1212,18.5672,0.425577,0.362784,17.5817,0.557961,1.01934,1.98156,63.3369,37.3115,5.42923,0.00267201,17.1753,29.2059,281.619,1.48438,47.8548,9.08804,13.2138,43.8072,1.90957,28.3259,6.11567,0.786097,2.33365,2.56822,1.80942,2.0143,0.0,1.41783,0.00916963,0.0,0.893462,0.327838,0.46157,5.75037,2.87464,2.49107,1.00674,0.671823,8.8123e-08,1.69513,1.66723,1.19609,0.00719975,0.0,0.0278534,3.72501,0.0350933,0.412905,0.274663,1.38228,5.19514,1.44965,0.582572,1.47443,0.148758,0.530664,1.4648,5.80091,1.57459,5.12228,288.542,9.54367,0.313743,3.89061,17.2026,2.28969,1.08063,1.31492,2.58915,1.45753,3.12823,12.5052,2.91124,0.0547024,1.52972,0.442836,1.70867,8.21985,0.620307,41.0807,70.7932,198.263,12.4819,20.394,5.02437,0.0,27.9431,39.8111,8.1565,28.1348,14.6682,31.7692,9.29029,27.7603,11.6536,0.0
18.9064,1.23726,17.4756,119.486,0.0,1.03436,0.61179,0.294201,17.0462,9.55035,66.2522,10.9945,16.9864,22.8232,0.616537,0.759337,20.9184,18.5657,0.423917,0.360569,17.5776,0.543278,1.02113,1.92978,63.9192,37.5093,5.45782,0.00262235,17.0395,29.2832,281.46,1.5082,47.9739,9.1118,13.28,43.8519,1.86866,28.2993,6.11698,0.797817,2.39059,2.61159,1.82662,2.06261,0.0,1.42045,0.00944606,0.0,0.90047,0.335134,0.463051,5.85299,2.87968,2.46905,1.01565,0.679712,8.60789e-08,1.69305,1.66569,1.20933,0.00739122,0.0,0.029541,3.76408,0.0356108,0.416349,0.274922,1.38352,5.22908,1.3862,0.584012,1.45713,0.151452,0.544315,1.45494,5.83969,1.57226,5.13828,289.752,9.58518,0.315402,3.93799,16.4511,2.2458,1.06149,1.28522,2.56068,1.43297,3.03342,12.4164,2.86325,0.0518995,1.51374,0.444627,1.71946,8.22902,0.611446,40.7403,70.9778,198.207,12.4459,20.4117,5.01788,0.0,27.9629,39.8622,8.17286,27.9955,14.7222,31.8792,9.4193,27.9396,11.6276,0.0
18.8529,1.23868,17.5003,119.633,0.0,1.07811,0.589389,0.289328,17.1924,9.54078,66.3637,10.9516,17.039,22.8807,0.620673,0.759574,20.9141,18.5247,0.427189,0.371755,17.6072,0.538916,1.02294,1.94134,63.089,37.5768,5.47989,0.00236691,17.0582,29.0633,280.679,1.52915,47.8649,9.04231,13.2174,43.5513,1.80561,28.2619,6.08795,0.801044,2.4176,2.61815,1.83159,2.08097,0.0,1.41764,0.00984491,0.0,0.86339,0.337305,0.464682,5.78463,2.87985,2.43758,0.998479,0.663838,9.08802e-08,1.68834,1.63141,1.21683,0.00787382,0.0,0.0297199,3.67276,0.0359058,0.407142,0.273664,1.38408,5.16608,1.42637,0.584359,1.37353,0.13518,0.547832,1.45776,5.86341,1.56883,5.04846,292.148,9.50621,0.309786,3.98023,16.3279,2.25199,1.06205,1.27679,2.54916,1.41766,3.03043,12.5283,2.9055,0.0535213,1.49767,0.448068,1.72251,8.22123,0.618233,40.7367,70.9327,197.525,12.3533,20.425,4.95385,0.0,27.8336,39.7645,8.14499,27.6524,14.6866,31.9896,9.22042,27.9016,11.5602,0.0
19.0331,1.2359,17.3819,119.22,0.0,1.11134,0.601588,0.257659,17.2116,9.55811,66.3044,11.0925,17.045,22.6239,0.602984,0.759462,21.0983,18.6001,0.412464,0.357687,17.6213,0.527124,1.02479,1.88561,63.096,37.9951,5.39796,0.00248205,17.0583,29.1908,282.694,1.52507,48.0654,9.06359,13.3693,43.7946,1.78005,28.3776,6.05645,0.808506,2.38868,2.64591,1.83748,2.07539,0.0,1.41399,0.01,0.0,0.86274,0.34418,0.417349,5.89345,2.87982,2.47321,1.00255,0.654739,8.87867e-08,1.69146,1.54756,1.23035,0.00809958,0.0,0.03141,3.70688,0.0378713,0.408522,0.269434,1.39985,5.22228,1.41534,0.584417,1.39911,0.135381,0.54606,1.45432,5.87366,1.5357,4.97738,290.302,9.42301,0.305195,3.87716,16.477,2.24642,1.05691,1.2849,2.55859,1.42757,3.0327,12.4343,2.88875,0.0518571,1.49518,0.442014,1.69894,8.22371,0.619918,40.5834,71.0873,197.885,12.2084,20.4499,4.95422,0.0,27.8871,39.6679,8.11318,27.6306,14.7429,32.0835,9.21865,28.1331,11.731,0.0
19.0987,1.23463,17.3228,118.832,0.0,1.08524,0.59496,0.254572,17.3339,9.58493,66.2444,11.1409,17.1836,22.68,0.607062,0.759706,21.1951,18.6299,0.416742,0.369981,17.7483,0.532332,1.0265,1.87207,63.272,38.3246,5.37039,0.00259151,16.9894,29.2992,281.71,1.50881,47.7679,9.01569,13.5136,43.4421,1.79744,28.3345,6.05911,0.814152,2.38195,2.66416,1.79368,2.08528,0.0,1.41596,0.00962264,0.0,0.880329,0.350351,0.425134,5.96556,2.88244,2.49808,0.995997,0.662135,9.37179e-08,1.69668,1.57459,1.2429,0.00784197,0.0,0.0328121,3.73361,0.0351263,0.412293,0.270386,1.39088,5.17631,1.42594,0.584456,1.35781,0.135956,0.551153,1.45906,5.89683,1.54133,4.98124,290.605,9.35047,0.30729,3.91338,16.373,2.23027,1.04103,1.28454,2.56412,1.40255,3.04375,12.4025,3.00434,0.0518507,1.50244,0.451801,1.70788,8.19155,0.615592,40.3553,70.6021,197.207,12.195,20.4929,4.94914,0.0,27.9102,39.7961,8.14923,27.6109,14.7798,32.2466,9.15253,28.1802,11.8098,0.0
19.2334,1.23013,17.4074,118.571,0.0,1.13443,0.599424,0.258611,17.1661,9.61128,66.2409,11.1852,17.2875,22.7209,0.613303,0.7599,21.2762,18.6926,0.420251,0.376114,17.7919,0.54053,1.02831,1.86722,63.6202,38.1996,5.3264,0.00266836,16.9525,29.3656,281.074,1.5365,47.6168,9.01822,13.6827,43.354,1.7958,28.2083,6.04957,0.814776,2.37509,2.68944,1.81628,2.09522,0.0,1.41489,0.00858763,0.0,0.880435,0.3536,0.432302,6.02985,2.88618,2.44019,1.01267,0.667077,7.81388e-08,1.69003,1.5959,1.24656,0.00592327,0.0,0.0308447,3.73592,0.0353389,0.414948,0.27266,1.39586,5.22227,1.35837,0.584479,1.3998,0.13498,0.55043,1.4748,5.90803,1.55588,5.03034,292.553,9.45531,0.312271,3.92042,16.5738,2.23981,1.05008,1.28786,2.5706,1.41005,3.04236,12.4862,3.03157,0.0536964,1.50507,0.453704,1.70538,8.16958,0.613464,40.2852,70.4222,196.699,12.2385,20.5167,4.93819,0.0,27.8851,39.8086,8.12767,27.6954,14.7724,32.3813,9.32839,28.3375,11.8498,0.0
19.345,1.23214,17.3872,118.962,0.0,1.12242,0.555313,0.255883,17.3751,9.63155,66.2833,11.1354,17.1783,22.7685,0.603213,0.759761,21.2212,18.7044,0.421841,0.37082,17.7745,0.552446,1.02997,1.88726,63.4611,37.569,5.23325,0.00274521,17.0316,29.315,279.958,1.54927,47.6731,8.98309,13.8111,42.9945,1.80595,28.4864,6.13382,0.81548,2.39637,2.70594,1.82867,2.12056,0.0,1.41353,0.00738596,0.0,0.890969,0.356395,0.430007,6.02229,2.87665,2.42458,1.01845,0.634271,8.37816e-08,1.65445,1.61212,1.25957,0.00537133,0.0,0.026168,3.70127,0.0325579,0.396354,0.266843,1.38421,5.11257,1.37971,0.584496,1.39908,0.136909,0.553783,1.46443,5.8989,1.52015,4.90115,294.829,9.22376,0.304693,3.86615,16.8677,2.25956,1.06815,1.28259,2.55842,1.42028,3.07877,12.5193,3.12883,0.0532091,1.54232,0.454234,1.6994,8.12171,0.616565,40.2737,70.1755,195.996,12.3024,20.5569,4.97333,0.0,27.9546,39.879,8.07164,27.8855,14.9349,32.5785,9.45691,28.5574,11.8051,0.0
19.415,1.22501,17.245,119.015,0.0,1.15703,0.547315,0.249325,17.6162,9.63492,66.2172,11.1523,16.798,22.6671,0.607101,0.760011,21.2164,18.7286,0.417125,0.347256,17.7599,0.564124,1.03157,1.88852,63.5634,37.7516,5.15467,0.002357,16.7833,29.0915,279.957,1.50719,47.6766,8.92255,13.7413,42.6617,1.78753,28.7035,6.196,0.818129,2.40581,2.74123,1.80535,2.15272,0.0,1.41628,0.00801146,0.0,0.89531,0.363055,0.43599,5.90846,2.87179,2.45631,1.03079,0.641553,8.7353e-08,1.65783,1.62902,1.27309,0.00588284,0.0,0.0280891,3.73655,0.031605,0.400045,0.270122,1.37575,5.11205,1.36653,0.5809,1.42994,0.139984,0.559981,1.44944,5.93779,1.54391,4.89919,296.114,9.21778,0.296831,3.90589,16.2993,2.24782,1.0529,1.29091,2.54931,1.4286,3.10501,12.618,3.28441,0.0538051,1.56869,0.458514,1.68244,8.12741,0.622778,40.3489,70.4402,196.739,12.486,20.5599,4.98538,0.0,27.9652,39.7971,8.07836,27.9469,14.9977,32.8013,9.68001,28.7481,12.0017,0.0
19.6673,1.21038,17.0193,119.408,0.0,1.11461,0.516943,0.253653,17.6166,9.65095,65.9669,11.2751,16.9411,22.7119,0.599226,0.760252,21.3726,18.8193,0.421148,0.340976,17.8318,0.56359,1.03325,1.84015,62.3973,36.2149,5.20407,0.00209914,16.4459,28.826,279.09,1.48676,47.6649,8.88755,13.322,42.2011,1.7331,29.1024,6.29171,0.83069,2.4489,2.79937,1.81865,2.20895,0.0,1.41589,0.00840714,0.0,0.909269,0.369142,0.439452,5.65055,2.80947,2.49372,1.02434,0.632394,9.10428e-08,1.63196,1.64551,1.28317,0.0058749,0.0,0.0295549,3.77067,0.0302657,0.399821,0.266973,1.36669,4.9917,1.40473,0.580744,1.40229,0.142565,0.560863,1.43959,5.91357,1.52239,4.84671,297.527,9.11675,0.289533,3.85145,15.9695,2.20991,1.01574,1.2918,2.52969,1.42116,3.00059,12.6035,3.2975,0.0553632,1.54477,0.468491,1.67997,7.99311,0.623897,40.0321,69.7863,196.366,12.4292,20.4481,4.99412,0.0,27.9822,39.9978,8.02591,27.8875,14.9327,32.687,9.38911,28.862,11.9798,0.0
19.9324,1.21034,17.1064,118.936,0.0,1.15043,0.529109,0.257101,17.6597,9.66724,66.0918,11.3488,17.1726,22.7215,0.600538,0.759785,21.4861,18.8125,0.42274,0.340108,17.9356,0.573934,1.03482,1.8719,62.3396,35.5475,5.14995,0.00185905,16.2104,28.7223,280.264,1.52699,47.543,8.89903,13.2296,42.1835,1.66798,28.9996,6.16363,0.823778,2.41981,2.77667,1.77839,2.18862,0.0,1.41197,0.00885182,0.0,0.913618,0.375235,0.43366,5.67175,2.81176,2.53513,0.99114,0.62178,8.88934e-08,1.61881,1.66127,1.29582,0.00616343,0.0,0.0309436,3.79986,0.0265739,0.389951,0.263143,1.3589,4.88062,1.43391,0.583165,1.4335,0.144751,0.54689,1.42447,5.86312,1.5042,4.78842,297.622,9.02618,0.282719,3.81687,15.8532,2.26288,1.04327,1.3054,2.5492,1.42774,3.09963,12.7231,3.40066,0.057984,1.55299,0.480805,1.74026,8.04916,0.624161,40.0956,69.8419,196.728,12.5952,20.5118,5.02759,0.0,27.9774,40.1369,8.08632,28.0752,14.878,32.8654,9.55052,29.0356,12.2129,0.0
19.8421,1.20808,17.1236,118.947,0.0,1.15119,0.538806,0.259612,17.6898,9.58843,66.1898,11.2564,17.229,22.7072,0.599335,0.760001,21.3435,18.7245,0.417437,0.344622,17.9529,0.58368,1.03618,1.87342,62.1215,35.4454,5.06846,0.00179072,16.0831,28.8193,278.91,1.515,47.2113,8.87434,13.171,41.9002,1.59666,28.8464,6.10164,0.82106,2.36145,2.76061,1.78131,2.15018,0.0,1.41006,0.00844471,0.0,0.899566,0.381306,0.398159,5.24176,2.80794,2.55225,0.95566,0.624538,8.79317e-08,1.61282,1.59153,1.29582,0.00615966,0.0,0.0282084,3.78493,0.02764,0.387565,0.263315,1.36623,4.73168,1.42923,0.584626,1.39098,0.13751,0.541773,1.37468,5.74454,1.49819,4.75796,297.972,8.90079,0.272566,3.77731,15.8348,2.27081,1.04497,1.287,2.53354,1.39182,3.09837,12.7486,3.48033,0.063628,1.51407,0.484636,1.7419,7.98274,0.631108,40.0767,69.6959,196.697,12.7161,20.5149,5.01629,0.0,28.031,40.1149,8.07798,28.2382,15.0021,32.9543,9.63751,29.1588,12.1082,0.0
19.8457,1.20687,17.1775,119.016,0.0,1.15858,0.512414,0.261924,17.4422,9.58479,66.1823,11.2761,17.2159,22.7322,0.605051,0.76025,21.3872,18.7553,0.418256,0.351754,17.984,0.588985,1.0377,1.88297,62.6768,35.6954,5.07328,0.00179144,16.0341,28.9315,276.224,1.53263,46.7318,8.85001,13.0683,41.5036,1.64405,28.3762,6.0202,0.82118,2.35546,2.75997,1.76556,2.14273,0.0,1.41084,0.00787232,0.0,0.913796,0.377326,0.404496,5.38867,2.80382,2.53269,0.944096,0.623725,8.5818e-08,1.61111,1.58965,1.30553,0.00542008,0.0,0.0268615,3.81763,0.0270221,0.390588,0.261521,1.35734,4.80486,1.4206,0.576471,1.40999,0.137373,0.528437,1.33356,5.74693,1.48849,4.70255,300.031,8.70225,0.268369,3.6848,15.9301,2.30785,1.06092,1.29273,2.5523,1.3955,3.15012,12.7476,3.56537,0.0683032,1.53349,0.48581,1.76626,7.99062,0.622572,40.1179,69.6418,196.667,12.8333,20.5038,4.97664,0.0,27.9873,40.1314,8.1529,28.0657,15.0083,33.1936,9.93067,29.3226,12.1446,0.0
19.4381,1.20241,16.99,118.163,0.0,1.16478,0.500513,0.26484,17.4052,9.60791,65.9962,11.2278,17.0254,22.7919,0.610073,0.759772,21.3721,18.6583,0.42186,0.332567,18.0154,0.591186,1.03881,1.88126,63.0337,35.7045,5.09238,0.00189288,16.0945,28.9086,275.255,1.5361,46.5645,8.84683,13.0558,41.557,1.66114,28.0335,6.04214,0.813417,2.33388,2.70513,1.7642,2.10636,0.0,1.41376,0.00818144,0.0,0.917305,0.378926,0.411753,5.4938,2.81771,2.54611,0.947916,0.626679,8.04503e-08,1.62306,1.61348,1.32023,0.00554493,0.0,0.0288021,3.83982,0.0276453,0.391163,0.264458,1.35791,4.92405,1.34051,0.575629,1.45233,0.140941,0.533063,1.35199,5.7973,1.51025,4.73484,300.305,8.8027,0.27428,3.7416,15.6856,2.27139,1.03779,1.2772,2.51127,1.3684,3.06981,12.5925,3.55279,0.0717807,1.50469,0.468726,1.73491,7.94934,0.613784,39.9557,69.5705,196.71,13.063,20.5282,4.96206,0.0,28.0119,40.2283,8.22869,28.1713,15.0608,33.5194,9.98579,29.1263,12.1643,0.0
19.0557,1.18954,16.944,117.226,0.0,1.16285,0.50201,0.267312,17.1653,9.61185,65.6222,11.1819,16.7992,22.7771,0.606366,0.760029,21.3657,18.5894,0.423435,0.330037,17.9385,0.580747,1.04034,1.83591,63.7639,35.4655,5.03885,0.00196609,15.827,28.4302,272.62,1.53372,46.7922,8.83631,12.1666,41.4648,1.65701,28.2642,6.10706,0.813182,2.33573,2.70848,1.78229,2.10807,0.0,1.41608,0.00766135,0.0,0.925394,0.385635,0.415922,5.47157,2.8282,2.53284,0.946672,0.633056,8.50204e-08,1.63308,1.62977,1.33165,0.00582824,0.0,0.0258959,3.87707,0.0270936,0.394506,0.265366,1.36028,5.03661,1.38964,0.578077,1.4755,0.142934,0.525624,1.34517,5.81289,1.51277,4.7776,300.096,8.87948,0.277729,3.71034,15.5685,2.27226,1.04018,1.27465,2.51996,1.34347,3.06607,12.5478,3.51964,0.0662443,1.50815,0.468621,1.72746,7.91485,0.606229,39.8209,69.1757,195.858,13.2531,20.5583,4.98118,0.0,28.1044,40.403,8.23394,28.0507,15.0518,33.7982,9.60697,28.605,11.8115,0.0
19.3785,1.19156,16.7348,117.434,0.0,1.17791,0.489185,0.269716,17.3318,9.6443,65.7088,11.2904,16.8103,22.8055,0.600385,0.760242,21.5415,18.6556,0.421107,0.322941,17.919,0.58345,1.04176,1.84078,64.4054,35.8113,5.02516,0.00204365,15.7134,28.3625,271.442,1.53836,46.8151,8.77548,11.8513,41.5627,1.64036,28.3712,6.16979,0.818204,2.32877,2.74194,1.79612,2.12106,0.0,1.4161,0.00796971,0.0,0.935286,0.391641,0.421792,5.56909,2.82957,2.5552,0.926345,0.630656,8.86106e-08,1.63529,1.64674,1.34453,0.00583398,0.0,0.0275726,3.91261,0.0257108,0.396257,0.263814,1.35654,5.07152,1.38351,0.579707,1.48628,0.141521,0.53315,1.32009,5.84672,1.50381,4.7777,300.353,8.96728,0.279532,3.70859,15.7702,2.33436,1.0621,1.28314,2.53346,1.34789,3.09288,12.5793,3.54779,0.0672946,1.51779,0.473827,1.7291,7.89229,0.602483,39.7107,68.8152,195.147,13.2688,20.6004,4.97315,0.0,28.1396,40.3038,8.24747,27.9637,15.143,33.8557,9.78333,28.667,11.8784,0.0
19.6398,1.1803,16.5508,116.722,0.0,1.10992,0.491227,0.271028,17.3351,9.66966,65.889,11.3946,16.8813,22.7328,0.609081,0.76012,21.724,18.7313,0.414371,0.331657,18.041,0.588212,1.04309,1.82767,64.5302,35.5054,5.04624,0.00211805,15.659,28.383,271.043,1.54625,46.68,8.74692,11.7016,41.6986,1.6155,28.2966,6.20551,0.822058,2.35337,2.77784,1.8012,2.15409,0.0,1.41439,0.0079916,0.0,0.925461,0.397607,0.425585,5.66851,2.83182,2.56233,0.939679,0.603659,8.42285e-08,1.629,1.64287,1.35667,0.00600087,0.0,0.0260204,3.87911,0.0215291,0.374484,0.262397,1.33434,5.1848,1.37006,0.578677,1.54393,0.136352,0.533987,1.32234,5.82762,1.48358,4.77081,302.629,8.78477,0.272257,3.69544,15.4894,2.33276,1.06138,1.2785,2.52728,1.35544,3.05907,12.5278,3.55154,0.0638306,1.47993,0.46896,1.67625,7.8577,0.607737,39.5489,68.8195,195.245,13.0406,20.6208,4.93131,0.0,28.1517,40.174,8.19892,27.6542,15.158,33.8452,9.99237,28.8395,12.0874,0.0
19.7749,1.18003,16.3368,116.601,0.0,1.12468,0.511199,0.273208,17.0964,9.68851,65.7701,11.4811,17.0122,22.6088,0.613712,0.758222,21.8593,18.8044,0.41204,0.327823,18.1747,0.582805,1.04447,1.82073,63.8497,34.322,5.03803,0.0020841,15.4276,28.2916,270.477,1.53438,46.7618,8.74941,11.7316,41.4615,1.56873,28.1323,6.17666,0.822109,2.32601,2.75695,1.77947,2.12158,0.0,1.41819,0.00785458,0.0,0.939327,0.403564,0.418488,5.58721,2.82446,2.55839,0.95242,0.605695,9.13105e-08,1.6437,1.60459,1.36793,0.00621974,0.0,0.0245977,3.90747,0.0216793,0.375694,0.264821,1.3372,5.25054,1.35474,0.580966,1.46694,0.134762,0.546318,1.32841,5.81181,1.49982,4.77725,303.724,8.67431,0.273361,3.74788,15.5364,2.24578,1.03473,1.28217,2.5345,1.36569,3.04653,12.5871,3.58272,0.0642959,1.49522,0.47027,1.64452,7.84266,0.613339,39.2953,68.83,195.565,13.125,20.569,4.93839,0.0,28.0662,40.4325,8.2409,27.7926,15.1303,33.8229,10.2045,28.9636,12.3529,0.0
19.7775,1.16948,16.4095,116.178,0.0,1.10667,0.529084,0.276031,17.0346,9.65055,65.8742,11.3159,16.9116,22.6579,0.616915,0.758479,21.7002,18.7035,0.416342,0.330556,18.2809,0.572544,1.04585,1.8304,63.952,33.7318,5.05326,0.00202836,15.4554,28.4302,269.236,1.54598,46.2081,8.71759,11.8224,41.0015,1.5254,27.4732,6.04942,0.820079,2.29302,2.7283,1.75651,2.08634,0.0,1.42081,0.00783298,0.0,0.951392,0.399811,0.425213,5.6837,2.82907,2.58741,0.971312,0.598839,9.50982e-08,1.65759,1.623,1.33609,0.00618084,0.0,0.025129,3.8867,0.0232694,0.37647,0.266842,1.35296,5.33997,1.36197,0.580447,1.47889,0.136507,0.556107,1.35048,5.8438,1.51637,4.7692,304.091,8.70373,0.278569,3.8007,15.7556,2.2797,1.05331,1.29645,2.52359,1.36566,3.03868,12.6862,3.5464,0.0666535,1.50516,0.475542,1.61077,7.81048,0.606942,39.025,68.7158,194.746,12.9209,20.6198,4.96672,0.0,28.1373,40.4691,8.24435,27.9101,15.2002,33.5794,10.0602,28.7445,12.1366,0.0
19.4707,1.17156,16.5047,116.265,0.0,1.08497,0.544129,0.278809,17.1914,9.57937,65.6628,11.0694,16.6196,22.3476,0.621779,0.7577,21.3004,18.5436,0.399726,0.329884,18.1021,0.562857,1.04677,1.78771,63.6355,33.77,5.09008,0.00214008,15.4559,28.275,267.218,1.54242,45.8434,8.65163,11.8129,40.5959,1.51581,27.1229,6.04803,0.816684,2.2847,2.69793,1.71602,2.07217,0.0,1.41819,0.00821366,0.0,0.923802,0.390578,0.420315,5.47925,2.82246,2.57826,0.964816,0.595182,9.40332e-08,1.65523,1.59968,1.29242,0.0066372,0.0,0.0253088,3.74598,0.023454,0.366578,0.267041,1.35864,5.28929,1.31895,0.582181,1.41451,0.131871,0.542435,1.34772,5.82654,1.51511,4.78682,306.126,8.75261,0.281312,3.7967,15.9546,2.27127,1.03815,1.30135,2.51814,1.36414,2.97598,12.6549,3.53813,0.0698088,1.46646,0.486771,1.64138,7.80903,0.599485,38.7728,68.5275,194.23,12.9953,20.6467,4.94404,0.0,28.0734,40.5037,8.25268,27.7223,15.0833,33.521,9.54009,27.9439,11.7908,0.0
19.0754,1.17205,16.5564,116.008,0.0,1.12117,0.470162,0.281239,17.2639,9.55786,65.8852,11.104,16.6041,22.3997,0.625651,0.757206,21.2775,18.577,0.40437,0.330624,18.07,0.557998,1.0481,1.80735,63.5039,33.1094,4.93483,0.00193226,15.2796,28.0978,267.0,1.52209,45.9095,8.67995,11.756,40.638,1.50778,27.0614,6.00439,0.818283,2.25192,2.69363,1.73181,2.04491,0.0,1.41239,0.00852641,0.0,0.905053,0.399852,0.399515,5.42149,2.83501,2.48623,0.93622,0.582713,9.78958e-08,1.64305,1.55207,1.30001,0.00703861,0.0,0.0257839,3.69191,0.0225305,0.366663,0.26343,1.33601,5.39868,1.35068,0.583578,1.4733,0.135912,0.503807,1.27111,5.85419,1.49193,4.64675,306.9,8.75304,0.269199,3.54319,16.012,2.31798,1.05093,1.29943,2.50307,1.3395,2.95486,12.4292,3.51779,0.0673451,1.39398,0.468892,1.60287,7.73582,0.596304,38.4355,68.1982,194.192,12.8142,20.6645,4.93334,0.0,28.0041,40.5575,8.15519,27.4532,14.8404,33.4387,9.29158,27.9982,11.7884,0.0
