0.072994,0.2117,0.429376,2.78199,0.0,0.233641,0.069431,0.0189803,0.0669076,0.0312235,1.53913,0.0790901,0.326677,0.27575,0.0751962,0.00707451,0.0562592,0.1451,0.00614601,0.0689822,0.565171,0.18567,0.000745769,0.170921,1.17996,2.3277,0.555159,0.000709648,0.994641,1.04459,6.05621,0.15457,1.3544,0.221965,0.398157,1.13695,0.112561,0.655926,0.115282,0.0119253,0.0241581,0.0033035,0.0478454,0.00950646,2.67188e-08,0.0429155,0.0026281,0.000405574,0.0134272,0.00774571,0.00887883,0.0999552,0.0642739,0.054122,0.0207899,0.00620381,0.00610072,0.0554853,0.0217041,0.0151169,0.000438897,0.0,0.00465549,0.0244875,0.0306536,0.00428123,0.00500681,0.0893506,0.128535,0.0660655,0.0172365,0.0965323,0.0209634,0.00992124,0.0164712,0.032116,0.0295179,0.0286778,1.31615,0.0211527,0.000336256,0.0353264,0.012512,0.0137451,0.0305889,0.0224955,0.0329431,0.02837,0.0394486,0.146218,0.0211453,2.35422e-21,0.000763478,2.39429e-06,4.14241e-10,0.0761499,3.40543e-21,0.167462,0.566621,1.18053,0.235913,0.144633,0.038825,0.0,0.129184,0.281565,0.0630138,0.312399,0.0519843,0.0764317,0.037178,0.286099,0.0492307,0.00370417
0.0545422,0.230884,0.368728,2.90941,0.0,0.205526,0.0661519,0.0177243,0.0696703,0.0666001,1.46876,0.0984281,0.361597,0.356535,0.0967914,0.00854674,0.0986622,0.174713,0.00806564,0.0713945,0.575194,0.181487,0.000302445,0.173722,1.19958,2.2091,0.546103,0.000769546,1.09003,1.00572,5.52088,0.150352,1.34506,0.214511,0.387833,1.12416,0.119348,0.652876,0.147199,0.0167283,0.0293538,0.0109716,0.0443215,0.0129874,8.89135e-08,0.0495665,0.00259874,0.00053329,0.012687,0.0078982,0.00856471,0.100723,0.0706755,0.0575798,0.0336451,0.00600479,0.00601068,0.0672604,0.0237727,0.013474,0.000455346,0.0,0.00503928,0.0220361,0.0206866,0.00397451,0.00511676,0.0945953,0.133694,0.0603881,0.0224292,0.0958881,0.0203702,0.0126679,0.0226018,0.0266255,0.029547,0.0262565,1.38931,0.0160527,0.000235505,0.0380396,0.0175859,0.0166354,0.0295601,0.0232507,0.0281406,0.0268261,0.0388348,0.156611,0.0235604,1.84452e-21,0.000518551,3.01196e-06,5.44063e-10,0.0734128,2.15702e-22,0.207281,0.596333,1.47996,0.218946,0.106979,0.0349524,0.0,0.141134,0.270186,0.0608685,0.367057,0.0354066,0.078555,0.050765,0.317544,0.0721909,0.00364128
0.0602387,0.197338,0.43633,2.84546,0.0,0.230373,0.0693519,0.0168614,0.0786962,0.0675662,1.61777,0.122676,0.327099,0.350037,0.0995151,0.00848499,0.127485,0.181341,0.00794442,0.0620271,0.566485,0.191104,0.00168602,0.166676,1.0958,1.66951,0.663555,0.000758984,1.0528,0.99575,5.72193,0.150467,1.34852,0.2161,0.325737,1.13072,0.1563,0.64385,0.171529,0.0257273,0.0602961,0.0257017,0.0535672,0.0260322,8.95135e-08,0.0537054,0.00308657,0.000634878,0.0123876,0.00793059,0.00794457,0.086779,0.0753658,0.0596288,0.0355646,0.00763308,0.0072997,0.0792811,0.0206411,0.0116292,0.000430642,0.0,0.00591867,0.0178805,0.033203,0.00425024,0.00596018,0.0998121,0.131285,0.069225,0.0242623,0.0977106,0.0226865,0.0147742,0.0295299,0.0218936,0.034827,0.0395265,1.27245,0.0177621,0.000382507,0.0476894,0.0175405,0.017534,0.0312083,0.0201448,0.0208175,0.0265038,0.0279212,0.175945,0.0236347,8.5979e-22,0.000414031,6.8737e-07,7.49516e-10,0.080878,4.17011e-21,0.224138,0.728932,1.68282,0.255718,0.174878,0.0405295,0.0,0.169314,0.341652,0.0811849,0.357925,0.0359373,0.0912987,0.0495363,0.338103,0.0566145,0.00395145
0.0721077,0.211249,0.403021,2.93297,0.0,0.235484,0.0713269,0.0128808,0.0841669,0.0812773,1.66364,0.154755,0.341414,0.36712,0.103948,0.00935762,0.1465,0.230986,0.00823501,0.0535278,0.490007,0.176191,0.0011337,0.142997,1.19529,2.12728,0.586772,0.000716987,0.957108,1.02642,6.39648,0.155836,1.38828,0.212472,0.412625,1.14552,0.0934317,0.776402,0.187636,0.0232371,0.048205,0.0221159,0.0484768,0.019169,1.16519e-07,0.0590109,0.00336901,0.000507007,0.0187218,0.00870278,0.0108229,0.101918,0.0757758,0.072924,0.0309105,0.00606289,0.00948169,0.0714873,0.0238201,0.0129084,0.000490408,0.0,0.00586998,0.0232985,0.0232749,0.00417888,0.00485665,0.0835979,0.134633,0.0783957,0.0245343,0.0965149,0.0243481,0.0155196,0.0288584,0.0211981,0.025583,0.0458961,1.26682,0.0195348,0.000456767,0.0418409,0.0124887,0.0174473,0.0294843,0.0219443,0.0338318,0.0343978,0.040763,0.174601,0.0263961,3.53411e-21,0.000186968,3.02191e-06,1.20558e-09,0.082241,2.59002e-21,0.255504,0.659102,1.39765,0.223133,0.0979754,0.0391573,0.0,0.167059,0.283535,0.0624786,0.351372,0.106235,0.0822107,0.0607342,0.315519,0.0619143,0.00387787
0.06667,0.197706,0.449808,2.75566,0.0,0.219391,0.0623908,0.0162418,0.0787983,0.0594038,1.75399,0.110813,0.357767,0.35849,0.0797,0.00949493,0.121277,0.160117,0.00822823,0.0620536,0.510858,0.16999,0.00212094,0.156224,1.2407,1.92247,0.594305,0.000704684,0.946241,1.04628,6.88053,0.145965,1.37413,0.213428,0.433454,1.12553,0.132013,0.766994,0.206377,0.0248303,0.0516896,0.0231376,0.0554509,0.0238177,1.35921e-07,0.0592713,0.00337217,0.000477208,0.0262142,0.0096329,0.00996401,0.110919,0.0545846,0.0811479,0.0401427,0.0117203,0.00939258,0.0836642,0.0250851,0.0152415,0.000631696,0.0,0.00603995,0.037916,0.0201418,0.00952286,0.00627267,0.0543122,0.144264,0.0803218,0.0229179,0.0967308,0.0201743,0.0170411,0.0348717,0.0254188,0.0401125,0.0509547,1.25794,0.0277326,0.0005025,0.0578342,0.0166129,0.0170415,0.0306736,0.0220579,0.0260437,0.0334731,0.0446611,0.183506,0.0227184,3.35054e-21,0.000514131,1.26764e-06,8.02751e-10,0.0863942,4.03352e-21,0.241514,0.662286,1.34108,0.240504,0.105345,0.0413973,0.0,0.189802,0.310755,0.0698344,0.318552,0.0921542,0.0856969,0.054932,0.421989,0.0684983,0.0035693
0.0633922,0.208393,0.418213,2.73638,0.0,0.21151,0.0661439,0.0174307,0.0746283,0.0803485,1.71581,0.107107,0.304135,0.346014,0.0720476,0.00849993,0.124327,0.183101,0.00782774,0.065935,0.563651,0.170059,0.00203857,0.16486,1.13647,2.37151,0.609525,0.000710764,0.992301,1.04884,6.30567,0.148088,1.38136,0.214279,0.455406,1.11558,0.126863,0.810392,0.309148,0.0233638,0.0556981,0.0253041,0.0577517,0.0251982,1.19763e-07,0.054184,0.00257172,0.000531786,0.018053,0.00708286,0.00869267,0.0963349,0.0612642,0.0707763,0.0450234,0.00775627,0.00614119,0.0989625,0.0192111,0.0123966,0.000401393,0.0,0.00507089,0.0248257,0.0164416,0.00531777,0.00482969,0.0665528,0.128426,0.0611177,0.0285724,0.0936116,0.0202344,0.0169001,0.0324177,0.024959,0.0363831,0.037685,1.15654,0.0186809,0.000335256,0.060715,0.0179307,0.0173091,0.0328257,0.0206826,0.0308985,0.0298857,0.0546985,0.195411,0.0307038,2.5089e-21,0.000657342,1.70898e-06,1.36769e-09,0.0778174,1.8193e-21,0.250125,0.499878,1.10294,0.202081,0.122511,0.041836,0.0,0.168147,0.21891,0.059229,0.391915,0.112142,0.0737809,0.0721335,0.469589,0.0818335,0.00382694
0.0497775,0.203198,0.443978,2.77769,0.0,0.229734,0.06875,0.0205486,0.0734752,0.067604,1.59054,0.113984,0.287327,0.35637,0.0942448,0.00823265,0.088743,0.17088,0.00815253,0.0574826,0.554755,0.191732,0.000319989,0.175799,1.17471,2.08776,0.647787,0.000750072,1.10038,1.05839,6.60677,0.163411,1.32069,0.211837,0.429575,1.11147,0.163604,0.668617,0.222136,0.0176235,0.0480347,0.0197183,0.0421396,0.0227367,8.5771e-08,0.0567818,0.00283317,0.000471411,0.0158499,0.00722631,0.00876934,0.0842114,0.0651565,0.0678582,0.0471188,0.00898028,0.00519564,0.112719,0.0176979,0.0119038,0.000404283,0.0,0.00525503,0.025543,0.0251195,0.00595684,0.00583295,0.0773162,0.128403,0.0592658,0.0281142,0.0946146,0.0195662,0.0178074,0.0370255,0.0269112,0.0400177,0.0450282,1.20782,0.0199876,0.000469231,0.0595115,0.0188943,0.0193482,0.035169,0.0264308,0.0362382,0.034212,0.0578684,0.2106,0.0225238,1.86888e-21,0.000996273,7.32853e-07,1.2663e-09,0.0800681,0.0,0.191359,0.613839,1.19775,0.268415,0.146987,0.0367164,0.0,0.189676,0.218425,0.0744708,0.330321,0.113817,0.0798774,0.0677546,0.460749,0.0851012,0.00381338
0.0757622,0.201577,0.428173,2.87776,0.0,0.235823,0.0774174,0.0166401,0.0778755,0.0478359,1.59241,0.0837775,0.327026,0.307488,0.0811606,0.00858109,0.085454,0.150935,0.00675065,0.0595604,0.535313,0.157587,0.000843251,0.172141,1.17515,2.18643,0.55117,0.000803894,1.12796,1.01966,5.71601,0.15688,1.3556,0.217904,0.433888,1.11588,0.122446,0.668876,0.217511,0.0198593,0.0393051,0.0167161,0.0554486,0.0194486,7.0141e-08,0.061932,0.00532949,0.000592416,0.0269411,0.00874867,0.0106061,0.100504,0.0867784,0.0998268,0.0435321,0.0125606,0.00541742,0.102097,0.0276586,0.0180155,0.000959186,0.0,0.00814413,0.0355338,0.025844,0.00806028,0.00664949,0.0840592,0.131362,0.0633113,0.0250776,0.0922639,0.0203651,0.0205026,0.0488062,0.0291491,0.0442251,0.0643231,1.19817,0.023606,0.000455867,0.0744252,0.015759,0.0173771,0.0340025,0.027278,0.0310996,0.0335265,0.0445994,0.182434,0.0121121,2.06329e-21,0.00101238,2.76898e-06,9.05009e-10,0.0802669,3.14756e-22,0.194652,0.604572,1.15403,0.246486,0.155912,0.0347823,0.0,0.135954,0.269092,0.0577112,0.318301,0.0615028,0.0690169,0.0569509,0.347481,0.0734773,0.00369334
0.0820721,0.194835,0.423669,2.76634,0.0,0.224086,0.060705,0.0157594,0.0698375,0.0539388,1.63574,0.0884123,0.288189,0.29165,0.0850903,0.0073646,0.0737807,0.13459,0.00692053,0.0611691,0.508995,0.165823,0.000240372,0.159089,1.09874,2.53021,0.559167,0.000715666,1.03334,1.04062,6.5297,0.148919,1.28342,0.20818,0.452841,1.10974,0.085674,0.567778,0.138604,0.00741711,0.0289137,9.06626e-05,0.0481238,0.0097405,3.8529e-08,0.0579375,0.00400412,0.000612646,0.0229226,0.00837176,0.0130632,0.106878,0.0481709,0.0793187,0.0438857,0.0134598,0.00619666,0.0739327,0.029968,0.0181602,0.000614442,0.0,0.00662827,0.0348671,0.0116549,0.0082074,0.00630679,0.0538407,0.133292,0.0631146,0.0217968,0.0934214,0.0197628,0.017704,0.0413939,0.0347289,0.0415208,0.0668094,1.39585,0.0280263,0.000551272,0.0689986,0.0176131,0.0161966,0.0326397,0.0165051,0.0130687,0.0244095,0.0369354,0.182447,0.0230306,3.52195e-21,0.000459715,5.82738e-06,2.82923e-10,0.076767,0.0,0.155442,0.556181,1.07812,0.194908,0.0942077,0.0352021,0.0,0.138503,0.214444,0.049832,0.28615,0.0950464,0.0674418,0.0594498,0.412269,0.0731699,0.00409247
0.0537438,0.198464,0.408185,2.80491,0.0,0.243318,0.0790531,0.0145984,0.0779034,0.0502093,1.51806,0.103297,0.30728,0.31089,0.0874551,0.00895407,0.088593,0.156532,0.00643987,0.0591978,0.515887,0.162712,0.000452646,0.155267,1.16006,1.99443,0.610345,0.000688771,0.87073,1.02773,6.6079,0.145266,1.26473,0.210254,0.466686,1.11864,0.0835725,0.548681,0.111464,0.0142841,0.043354,0.00421204,0.0412222,0.0115324,2.54884e-08,0.0474887,0.00343473,0.000510285,0.017615,0.00765935,0.00893372,0.101714,0.0451047,0.0656457,0.0290989,0.00936547,0.00685273,0.0762612,0.0202954,0.0127938,0.000423617,0.0,0.00594701,0.0251178,0.0159526,0.00608786,0.00472681,0.0450857,0.127844,0.0651502,0.0208779,0.0938281,0.0182184,0.0165968,0.0182336,0.0235717,0.0331699,0.0363153,1.32835,0.0228967,0.000293249,0.0514113,0.017116,0.0191448,0.0352496,0.0207663,0.0209739,0.0271243,0.032468,0.177874,0.0202796,4.17473e-22,0.000292245,1.78295e-06,7.05472e-11,0.0712826,1.02383e-21,0.176576,0.570851,1.18263,0.197878,0.107003,0.0465799,0.0,0.171972,0.282444,0.0515144,0.347751,0.0659378,0.073472,0.0490887,0.398053,0.0648741,0.003981
0.0624799,0.213921,0.444163,2.84783,0.0,0.227143,0.0668522,0.0129028,0.0567232,0.0636082,1.68808,0.11468,0.311382,0.371509,0.0855219,0.00927811,0.107586,0.18288,0.00801444,0.0649504,0.510247,0.127982,0.00148329,0.163193,1.2048,2.43689,0.535531,0.000713947,0.889097,1.05613,6.26426,0.152999,1.33232,0.204944,0.419285,1.10969,0.107876,0.70933,0.183617,0.020885,0.0522658,0.012791,0.0462501,0.0177702,1.06929e-07,0.0559886,0.00379776,0.000236663,0.0301702,0.0100228,0.011369,0.100941,0.0368462,0.0840179,0.0126542,0.0152753,0.00595205,0.0635681,0.0278507,0.0185815,0.000682999,0.0,0.00695669,0.0397647,0.0127993,0.0107407,0.00664682,0.0344411,0.137609,0.0648488,0.0194959,0.0932138,0.0160273,0.00990685,0.014252,0.0385662,0.0416645,0.045703,1.24816,0.0325332,0.000391481,0.0487403,0.0174051,0.023711,0.0378359,0.0250676,0.0255245,0.0358784,0.0318441,0.15397,0.0265231,1.20366e-21,0.000265759,5.88611e-07,2.40446e-10,0.0643656,9.87353e-22,0.202483,0.476429,0.852883,0.202783,0.13329,0.0357444,0.0,0.129782,0.234513,0.0460105,0.27141,0.0760896,0.0641211,0.0501869,0.389234,0.0542879,0.00398643
0.0717581,0.20917,0.45343,3.03663,0.0,0.248485,0.0514274,0.0146602,0.0600634,0.0824527,1.67663,0.136216,0.332914,0.333855,0.0888201,0.00848123,0.135289,0.214082,0.0077759,0.0620781,0.519159,0.118438,0.0014308,0.16003,1.17492,2.34027,0.649485,0.000660181,0.915449,1.03267,6.73972,0.161292,1.28923,0.204373,0.42263,1.09409,0.0742135,0.623445,0.19112,0.023676,0.0573453,0.0230526,0.0481131,0.0238727,1.081e-07,0.0475447,0.00294959,0.000478421,0.0167088,0.00764469,0.0108503,0.0951196,0.032648,0.0614265,0.0278037,0.0112747,0.00626612,0.0533803,0.0262641,0.0158165,0.000508647,0.0,0.00579239,0.029758,0.0170149,0.00644193,0.0056975,0.0333864,0.124306,0.0580736,0.0165136,0.0895486,0.0175059,0.0139869,0.0220301,0.0353382,0.0327679,0.0474299,1.23097,0.0261252,0.000485594,0.0487219,0.015291,0.0166867,0.0304175,0.0189274,0.0198021,0.0282858,0.0247659,0.150143,0.0197858,4.34288e-22,0.000220443,2.22641e-06,3.67618e-10,0.0670386,5.39071e-21,0.226359,0.535554,1.33485,0.164154,0.121279,0.0273744,0.0,0.104482,0.248598,0.0470647,0.322384,0.0446307,0.0676742,0.0624849,0.355532,0.077139,0.00360563
0.0728372,0.204722,0.437284,2.82552,0.0,0.22159,0.0318305,0.011966,0.051992,0.0712148,1.69776,0.127574,0.351022,0.372958,0.0848698,0.00965531,0.122699,0.196693,0.00782946,0.0620143,0.52577,0.135697,0.00134658,0.163464,1.23977,2.32667,0.588819,0.000707321,0.799081,1.0446,7.11392,0.153199,1.35789,0.212094,0.420631,1.09421,0.0486773,0.784011,0.278809,0.0235306,0.0535007,0.0252436,0.0542405,0.0234698,1.2399e-07,0.0460693,0.00347785,0.000469662,0.0220588,0.00868458,0.00980353,0.091045,0.0483072,0.0771364,0.0267551,0.0101563,0.0066377,0.0657046,0.0249424,0.0177085,0.000612641,0.0,0.00601079,0.0363837,0.0194795,0.00800065,0.00486436,0.0485686,0.128856,0.0667377,0.0205688,0.0970806,0.0186866,0.012296,0.0227552,0.036937,0.0272241,0.058049,1.20742,0.0299607,0.000651192,0.0413534,0.0192979,0.0192976,0.0362071,0.020501,0.0302543,0.0309859,0.0345263,0.16752,0.0173441,1.57047e-21,0.000278781,2.09368e-06,5.88817e-10,0.0793663,3.47557e-22,0.218165,0.58481,1.02964,0.176161,0.117146,0.0428769,0.0,0.21599,0.172997,0.0411453,0.328951,0.101296,0.0544978,0.0568995,0.448558,0.0805989,0.00370876
0.0761318,0.210618,0.426048,2.62206,0.0,0.230826,0.0598929,0.0140519,0.0634294,0.06358,1.61563,0.116132,0.332572,0.349283,0.0800726,0.00905052,0.0978126,0.181981,0.00740505,0.0713209,0.581252,0.153998,0.000469899,0.172487,1.10434,1.9528,0.61195,0.000629119,0.742701,1.07221,7.29613,0.142997,1.29911,0.202883,0.396066,1.10849,0.0640049,0.620627,0.215459,0.0225388,0.0421591,0.0185244,0.0489052,0.018556,5.91285e-08,0.0466381,0.00326562,0.000462859,0.018911,0.00834139,0.00847261,0.0852252,0.0497094,0.087088,0.0298781,0.00681523,0.00633316,0.0718357,0.0216671,0.0148207,0.000737752,0.0,0.00558626,0.033412,0.0182165,0.00555753,0.00420279,0.0495818,0.12289,0.0605084,0.0259192,0.0936614,0.019476,0.0118756,0.026846,0.0273145,0.0236426,0.050655,1.16979,0.0266991,0.000655901,0.0412701,0.0088676,0.0149878,0.0328489,0.0198982,0.0315799,0.0279229,0.0383646,0.147122,0.0222552,1.26732e-21,0.000292243,7.77465e-06,5.01851e-10,0.0741066,2.05478e-21,0.18444,0.654687,1.20511,0.191959,0.127446,0.0269019,0.0,0.108095,0.130103,0.062169,0.272948,0.0717378,0.0741652,0.0502321,0.479597,0.0757354,0.00392525
0.0674881,0.215179,0.4632,2.83413,0.0,0.204661,0.0690832,0.018787,0.0704224,0.0463242,1.77857,0.0931081,0.361665,0.36477,0.0966192,0.00986388,0.0880515,0.141773,0.00820463,0.0719605,0.540258,0.126535,0.00159302,0.166722,1.11767,2.62145,0.580747,0.000669019,0.85652,1.06117,7.20196,0.144776,1.35083,0.211792,0.395093,1.12359,0.0768126,0.660357,0.234424,0.0242896,0.0476041,0.0160646,0.0581058,0.0199608,8.89091e-08,0.0582548,0.00361137,0.000369183,0.0219212,0.00954335,0.00775311,0.0852648,0.0472547,0.0856906,0.0322857,0.00980179,0.00759897,0.0728514,0.0220801,0.0174859,0.000636443,0.0,0.0063659,0.0391032,0.0110656,0.00797373,0.00627167,0.0406066,0.124376,0.0621949,0.0209398,0.0945101,0.0187326,0.0139205,0.0328416,0.0314464,0.0343245,0.0589009,1.26436,0.0333306,0.000713609,0.0499761,0.0100529,0.0177449,0.0322567,0.0231624,0.0330149,0.0315606,0.0379161,0.168434,0.028735,1.9512e-22,0.00026926,2.63202e-06,4.23454e-10,0.0747365,1.22024e-21,0.171498,0.657114,1.24754,0.169299,0.118378,0.0441154,0.0,0.177288,0.260069,0.0508115,0.362857,0.0763605,0.0668072,0.0608604,0.501348,0.0763217,0.00377521
0.0607902,0.226354,0.450273,2.78773,0.0,0.220563,0.0634644,0.0157729,0.0668707,0.0610937,1.61695,0.101878,0.354924,0.339447,0.0672385,0.00869659,0.116824,0.177804,0.00799501,0.0717018,0.607104,0.169324,0.00125185,0.177701,1.23296,1.71093,0.577458,0.000804665,0.901214,1.07092,7.07656,0.145203,1.3485,0.215318,0.437128,1.121,0.0929257,0.672324,0.228536,0.0212853,0.0385867,0.0188783,0.0500117,0.0201535,1.09653e-07,0.0701276,0.00314584,0.000551015,0.0263263,0.00959933,0.00825543,0.0936147,0.0653386,0.100266,0.0356025,0.00757845,0.00791043,0.0803143,0.0213178,0.0156626,0.000645031,0.0,0.00491143,0.0317763,0.0231264,0.00532457,0.00634527,0.0646804,0.131175,0.0720063,0.0291759,0.0940475,0.0213755,0.0135343,0.0371831,0.0254151,0.0330875,0.0536065,1.24115,0.0244819,0.000680172,0.0522195,0.01545,0.0190924,0.033694,0.0214252,0.0273482,0.0288784,0.0418301,0.18305,0.0282562,3.12188e-22,0.0002668,4.77385e-06,7.3031e-10,0.0770388,1.58901e-21,0.207216,0.596038,1.2449,0.173097,0.159121,0.0352286,0.0,0.16322,0.186623,0.0514029,0.361545,0.124599,0.0701648,0.0673412,0.431135,0.0833781,0.00383294
0.056769,0.200587,0.466278,2.82315,0.0,0.214017,0.0710763,0.011867,0.0697858,0.0647853,1.50277,0.100532,0.329552,0.289192,0.0728072,0.00593853,0.097988,0.144358,0.00710732,0.0675053,0.593024,0.184944,0.00246589,0.177884,1.16709,2.24893,0.516079,0.00070184,0.968304,1.05692,6.95838,0.148652,1.32224,0.207728,0.416029,1.10343,0.113195,0.731083,0.23863,0.022133,0.0493252,0.0212939,0.0491276,0.0211303,9.51469e-08,0.0660321,0.00400472,0.000496769,0.023961,0.0098545,0.0103207,0.103877,0.0750523,0.0947458,0.0468673,0.00888082,0.00748394,0.0957206,0.0235009,0.0145962,0.000630407,0.0,0.00625251,0.0309782,0.0229822,0.0055967,0.00758223,0.0696699,0.139629,0.0715323,0.0286324,0.0977064,0.0197913,0.0162696,0.0359108,0.031489,0.0426291,0.0413621,1.33863,0.021762,0.000474502,0.0514893,0.0191364,0.0190109,0.0359559,0.0230301,0.028254,0.0337456,0.0526551,0.191624,0.0305601,1.52561e-21,0.000388265,1.02681e-06,8.22962e-10,0.0829794,1.98381e-22,0.202876,0.676433,1.23437,0.237708,0.117796,0.0363681,0.0,0.146233,0.258066,0.0473865,0.347347,0.105531,0.0640034,0.0644301,0.474144,0.0827223,0.00387681
0.0649807,0.204858,0.434383,2.81858,0.0,0.225801,0.0618245,0.0152128,0.0743575,0.0521713,1.43914,0.0729924,0.293192,0.315721,0.0832096,0.00655463,0.0672856,0.141206,0.00704853,0.054724,0.513633,0.170881,0.00203047,0.173672,1.18517,1.98014,0.573699,0.000817292,0.99336,1.00139,6.3209,0.150568,1.3486,0.210019,0.399621,1.10979,0.137598,0.735132,0.237235,0.0223348,0.0557439,0.0241929,0.0526274,0.0254458,1.21756e-07,0.0561941,0.00348694,0.000657613,0.0226622,0.00834453,0.0107786,0.101116,0.0643383,0.0668764,0.0390821,0.0121625,0.00859092,0.0717135,0.0252597,0.0168108,0.000528065,0.0,0.0060275,0.029532,0.0132107,0.00666507,0.00718883,0.0636067,0.127934,0.0727807,0.0206986,0.0922143,0.0190509,0.0160168,0.042536,0.0341406,0.0439501,0.0525371,1.28564,0.0256176,0.000551172,0.0628732,0.0182738,0.0170428,0.0343066,0.0194135,0.0236871,0.0276378,0.0404767,0.188276,0.0313275,3.47763e-21,0.000267298,2.30248e-06,3.31821e-10,0.0739695,1.90153e-21,0.215758,0.514419,1.24269,0.184964,0.139985,0.0401743,0.0,0.156533,0.293217,0.047368,0.399054,0.119283,0.0682147,0.0648899,0.391254,0.0804564,0.00357204
0.0666754,0.221105,0.414463,3.00331,0.0,0.231731,0.0701725,0.0170562,0.0763183,0.0565015,1.48322,0.0965701,0.317011,0.30392,0.0719792,0.00775393,0.0952146,0.164981,0.00714685,0.0526659,0.495637,0.172248,0.000596969,0.165226,1.14669,2.14483,0.579807,0.000811973,0.98193,1.0223,6.70282,0.161192,1.28362,0.206491,0.437488,1.11502,0.112972,0.64161,0.187388,0.0183811,0.0474457,0.0222639,0.0437415,0.0227799,8.02017e-08,0.0584844,0.00496121,0.000573071,0.0227615,0.00978109,0.0117379,0.103372,0.087435,0.0937976,0.0326752,0.0116924,0.00768953,0.0877099,0.0282837,0.0170053,0.00117289,0.0,0.00738627,0.0351666,0.0204682,0.0074411,0.00643938,0.0788564,0.134296,0.0737691,0.0269521,0.0965226,0.0196011,0.0144065,0.0319908,0.0409376,0.0388723,0.054686,1.29987,0.0307243,0.000509606,0.0526005,0.0168822,0.0219534,0.0354248,0.0221109,0.0306308,0.0295689,0.0411452,0.157192,0.0215747,2.02003e-21,0.000363899,1.65998e-06,1.65419e-10,0.0759437,3.63801e-22,0.187947,0.517637,1.0217,0.241773,0.14627,0.0315323,0.0,0.124185,0.20551,0.0405272,0.308167,0.0816531,0.0539589,0.063188,0.324443,0.0682652,0.00377209
0.0785054,0.205969,0.421074,3.01184,0.0,0.225992,0.0746312,0.014893,0.0744852,0.066825,1.60596,0.116573,0.341779,0.345459,0.0771763,0.00881595,0.122796,0.1908,0.00796965,0.0486848,0.465057,0.157911,0.00138269,0.146985,1.15708,1.54476,0.507127,0.000827862,0.932601,1.01746,6.55371,0.151295,1.3013,0.204475,0.444329,1.10356,0.0779957,0.626901,0.162949,0.0215879,0.0489624,0.0201512,0.0473481,0.0193681,7.71051e-08,0.0581909,0.00686369,0.000646582,0.0241821,0.0102144,0.0115259,0.100899,0.0949457,0.10677,0.0359642,0.0179685,0.0105835,0.0860327,0.0306802,0.0207693,0.0015281,0.0,0.0101011,0.0461124,0.0250718,0.0123346,0.00713356,0.0892524,0.137126,0.0863044,0.0255088,0.100047,0.0204632,0.0141232,0.0465778,0.0448228,0.0476352,0.072547,1.27843,0.0370603,0.000715044,0.063119,0.0188356,0.0230351,0.0356412,0.0199803,0.0198528,0.0274998,0.0389844,0.171956,0.0279713,2.05812e-21,0.000269406,1.38892e-06,5.11227e-10,0.0756306,8.24349e-23,0.18103,0.58765,1.30209,0.20937,0.11915,0.0319997,0.0,0.120569,0.26013,0.0592847,0.272132,0.024077,0.0741428,0.0538059,0.302021,0.0604256,0.00365935
0.0905161,0.221414,0.427267,2.8223,0.0,0.234985,0.0651897,0.0180544,0.0711294,0.0689362,1.58531,0.103459,0.322853,0.302712,0.0963948,0.00724419,0.100492,0.153039,0.00585529,0.0597055,0.548102,0.182268,0.00138278,0.164638,1.1903,2.01254,0.541425,0.000784241,0.789741,1.04792,6.58529,0.143406,1.27508,0.206907,0.370366,1.10473,0.0647719,0.582058,0.197195,0.0132713,0.0414688,0.00373049,0.0468701,0.0104573,5.46625e-08,0.0695244,0.00623662,0.000401467,0.0260194,0.00947635,0.0123546,0.110927,0.0747638,0.10691,0.0302151,0.0159721,0.0111177,0.0850937,0.0291902,0.0201422,0.00152876,0.0,0.00838096,0.0385208,0.0209033,0.0102122,0.00804076,0.0687055,0.141094,0.0878931,0.0273709,0.0972571,0.0212898,0.0128803,0.0321441,0.0444378,0.0477079,0.0625779,1.25953,0.03548,0.000525668,0.0636198,0.0154819,0.019759,0.035413,0.0226096,0.0273957,0.0321994,0.0370293,0.173987,0.024413,3.45785e-21,0.000479183,2.82727e-06,6.23533e-10,0.0840922,8.55119e-27,0.149944,0.642306,1.12988,0.217826,0.0992998,0.0348977,0.0,0.16213,0.183904,0.0598854,0.335568,0.143493,0.0783316,0.0813983,0.392681,0.075479,0.00359183
0.0551056,0.21353,0.431253,2.83265,0.0,0.242275,0.0416377,0.020046,0.0559887,0.0342757,1.55326,0.0623438,0.301247,0.340128,0.0804688,0.00927338,0.0477796,0.145666,0.00781395,0.0520373,0.48975,0.161049,0.000458846,0.157124,1.18113,2.14335,0.622036,0.000806809,0.786884,1.04472,6.49257,0.151337,1.30587,0.212255,0.38061,1.12382,0.0668787,0.589595,0.190849,0.0162554,0.0433883,0.00536618,0.0481829,0.0132583,5.07485e-08,0.0435403,0.00448461,0.000399806,0.0186671,0.00885725,0.0131605,0.100853,0.0466697,0.074354,0.0320195,0.00903489,0.00675534,0.06409,0.0291604,0.0195088,0.000766009,0.0,0.00735876,0.0362074,0.0125986,0.00557254,0.00490151,0.0471807,0.129518,0.0683052,0.0184234,0.0896262,0.0182488,0.0136113,0.029168,0.0411817,0.0338867,0.0547517,1.32546,0.0354099,0.000527223,0.0566724,0.00997826,0.0165245,0.0295628,0.0106957,0.0170985,0.0178955,0.0213023,0.149516,0.0122549,5.21533e-22,0.000220661,2.57442e-06,6.35648e-11,0.0725887,3.96021e-22,0.168525,0.585751,1.2898,0.209284,0.108429,0.0336798,0.0,0.121082,0.265814,0.0669984,0.351852,0.0936823,0.0743253,0.0708512,0.405086,0.086207,0.00395355
0.0453636,0.216973,0.4342,2.82239,0.0,0.23102,0.052129,0.0189761,0.0574396,0.0361072,1.5515,0.0793748,0.285322,0.31061,0.0637794,0.00774396,0.0478485,0.150154,0.00758662,0.0571208,0.514596,0.170789,0.00111725,0.163218,1.11451,2.02159,0.559588,0.00078113,0.814713,1.02929,6.0642,0.149374,1.28602,0.217001,0.407127,1.11354,0.0829323,0.608549,0.128964,0.0226839,0.0497006,0.0166716,0.0457455,0.0228444,1.35499e-07,0.0530835,0.00403818,0.00047036,0.0187172,0.00962725,0.0130577,0.110323,0.0630968,0.0783353,0.032289,0.0120276,0.00692624,0.0831312,0.0302421,0.0177937,0.000699659,0.0,0.0061668,0.0344171,0.0274227,0.00771615,0.00558298,0.0768989,0.140021,0.0794778,0.0246814,0.100979,0.0206744,0.0151412,0.0458221,0.0462939,0.0372271,0.0797774,1.32279,0.0381398,0.000705028,0.0675722,0.00846185,0.0184384,0.0313505,0.0183197,0.0204497,0.0306627,0.0278529,0.169552,0.0188865,1.82921e-21,0.000472733,1.01724e-06,1.07042e-10,0.0770791,0.0,0.0957043,0.602606,1.2756,0.184239,0.0787999,0.0135564,0.0,0.0438251,0.195341,0.0550236,0.25978,0.0732335,0.0719382,0.0759392,0.484984,0.0881469,0.00382168
0.0586807,0.192247,0.401325,2.92183,0.0,0.231088,0.0701417,0.0206077,0.086128,0.0381882,1.29311,0.105759,0.3136,0.298888,0.0829443,0.00573156,0.0769437,0.163889,0.00661403,0.0630506,0.549711,0.177412,1.68276e-05,0.176322,1.19361,2.26899,0.557473,0.000767978,1.01529,1.017,5.33952,0.159294,1.33339,0.217666,0.391089,1.12492,0.160192,0.731785,0.167877,0.0204173,0.0552567,0.0222547,0.046208,0.0253097,1.88423e-07,0.0523827,0.00475467,0.000499211,0.0255916,0.0107916,0.0127701,0.114047,0.066247,0.0857365,0.0259483,0.0120519,0.00691869,0.0656441,0.0302583,0.0191507,0.000956739,0.0,0.00726542,0.0368304,0.0176606,0.00915893,0.00497533,0.0713468,0.142965,0.0746595,0.0207855,0.101562,0.020879,0.0135066,0.0378304,0.0387193,0.0318224,0.0615041,1.36763,0.0306689,0.000522839,0.0570673,0.0156441,0.0184058,0.0342962,0.021078,0.0269314,0.0299125,0.030104,0.176396,0.0201962,1.98886e-21,0.000247836,5.76788e-06,5.434e-11,0.0764815,3.49596e-22,0.172989,0.494979,0.987639,0.15622,0.117012,0.045809,0.0,0.20117,0.260947,0.0370997,0.38272,0.0957517,0.0563929,0.0654648,0.451488,0.0828166,0.00344613
0.0636,0.212843,0.416387,2.73591,0.0,0.231141,0.072944,0.0167788,0.0751701,0.0502193,1.562,0.106451,0.333616,0.289098,0.0882502,0.00798386,0.109195,0.162043,0.00623605,0.0638801,0.545312,0.143072,0.00116872,0.170758,1.27618,2.20379,0.569668,0.000844264,0.966864,1.02819,5.75931,0.163976,1.29514,0.214117,0.329228,1.0833,0.153775,0.651173,0.177974,0.0226206,0.0560906,0.0214307,0.0471247,0.0221461,2.08321e-07,0.0642551,0.00425857,0.000179499,0.0250721,0.00891405,0.0123151,0.112522,0.0760745,0.0915506,0.0348231,0.0119541,0.00567336,0.0926246,0.0291248,0.0171857,0.000809041,0.0,0.00720955,0.0319266,0.0220418,0.00825076,0.00615987,0.0778602,0.138706,0.059858,0.0249526,0.0972598,0.0204236,0.0159898,0.0392483,0.0307418,0.0381349,0.0630436,1.38467,0.0226765,0.00056565,0.0582759,0.0187001,0.0187047,0.0340758,0.0195094,0.0200024,0.030177,0.0269529,0.158245,0.0127014,2.1965e-22,0.000458563,2.55778e-06,2.09365e-10,0.0833322,1.27097e-21,0.194656,0.559676,1.26996,0.181464,0.0978794,0.0299678,0.0,0.117673,0.275422,0.0468387,0.367349,0.0824535,0.0725172,0.0794968,0.460803,0.0941043,0.00378299
0.0654176,0.227837,0.390978,3.08949,0.0,0.222769,0.0785019,0.0170039,0.0749149,0.0568317,1.42558,0.122321,0.380478,0.27357,0.0929953,0.00638181,0.11496,0.181543,0.00624252,0.0625961,0.480517,0.154524,0.00261831,0.156359,1.18414,2.42521,0.488373,0.000804373,0.762763,1.04337,6.67642,0.153616,1.27616,0.204661,0.295866,1.12102,0.0707197,0.68006,0.267655,0.0149915,0.036035,0.0086727,0.0413893,0.0123413,5.76614e-08,0.0420825,0.00340224,0.000435173,0.0117273,0.00774591,0.00966468,0.110839,0.0541269,0.0538228,0.0332437,0.00585203,0.00631006,0.0697022,0.0216432,0.0124649,0.000584974,0.0,0.00599409,0.017972,0.00965453,0.00354653,0.00332054,0.0686727,0.138684,0.0657764,0.0173196,0.0976562,0.0190587,0.0135646,0.0342817,0.028097,0.0221782,0.0527389,1.3685,0.0215775,0.000795272,0.0405053,0.0120149,0.0191815,0.0361435,0.020683,0.0256963,0.0336563,0.031464,0.157087,0.0102589,1.11468e-21,0.000322624,3.92741e-06,2.50881e-10,0.084401,9.27963e-23,0.186279,0.543881,1.07098,0.173364,0.145355,0.0443315,0.0,0.189042,0.21796,0.0434225,0.372013,0.107605,0.0598192,0.0784082,0.48443,0.103604,0.00396679
0.043095,0.211289,0.416813,3.05784,0.0,0.232308,0.0861109,0.0114892,0.0775491,0.0455,1.32683,0.0746912,0.31528,0.30097,0.0937098,0.00781156,0.0631527,0.155958,0.00661611,0.0556542,0.489043,0.14253,0.00246738,0.153952,1.15321,2.3401,0.550544,0.00079459,1.01411,1.00048,6.0898,0.158615,1.33642,0.216433,0.431477,1.11567,0.113189,0.727796,0.227568,0.0180876,0.03346,0.0134635,0.0442908,0.0144051,1.29551e-07,0.0622555,0.00407079,0.000371352,0.0226322,0.00852646,0.00837154,0.0975083,0.0744907,0.0769236,0.0311197,0.0116495,0.00617422,0.0971963,0.0221324,0.0144584,0.000738618,0.0,0.00717251,0.0238458,0.0126533,0.00642099,0.00638874,0.0756003,0.131094,0.0590378,0.0264646,0.0947703,0.0195139,0.0145769,0.0301291,0.0261427,0.0451661,0.0554102,1.37207,0.0230836,0.000610565,0.0618285,0.0207487,0.0215578,0.0332726,0.01755,0.0180964,0.0265409,0.0268135,0.154664,0.0205802,2.64002e-21,0.000425277,9.21496e-07,2.55897e-10,0.0814987,6.03372e-22,0.221315,0.61332,1.35233,0.251692,0.148942,0.0372895,0.0,0.134841,0.272332,0.060485,0.389043,0.12615,0.0739545,0.0757142,0.393849,0.0706079,0.00382477
0.0627578,0.203603,0.46219,2.88846,0.0,0.224485,0.0680007,0.0173307,0.0803464,0.0452997,1.72919,0.0937688,0.268672,0.336046,0.0674087,0.00906298,0.0834203,0.175196,0.00723131,0.0620328,0.582588,0.185848,0.00142994,0.186645,1.1006,2.00104,0.587521,0.000794293,1.02894,0.983259,5.78281,0.146746,1.29551,0.207707,0.261229,1.12017,0.182933,0.605799,0.146213,0.0166646,0.0316466,0.00704962,0.047609,0.00943048,3.5285e-08,0.0515635,0.00394311,0.000582982,0.0126829,0.00803613,0.0100018,0.110336,0.0701453,0.0633096,0.0409178,0.00916343,0.00575139,0.0918468,0.0250839,0.0145441,0.000623393,0.0,0.00650861,0.0171011,0.0225804,0.00476613,0.00569441,0.0758722,0.136389,0.0626536,0.0251459,0.0996578,0.0206829,0.0174255,0.035131,0.0270938,0.0402278,0.0507905,1.28619,0.0200784,0.000565476,0.0673774,0.019947,0.0221969,0.0351789,0.0180845,0.0216212,0.0265265,0.0336088,0.167797,0.0215862,1.92271e-21,0.000523269,3.38588e-06,2.80812e-10,0.0749605,1.80336e-24,0.152791,0.644136,1.16226,0.160502,0.136462,0.0322753,0.0,0.103001,0.216067,0.0573326,0.322815,0.0543841,0.0746831,0.0580385,0.334503,0.0795112,0.00383785
0.0736003,0.233289,0.475436,2.98986,0.0,0.2214,0.0697812,0.0197291,0.0876428,0.0619589,1.61218,0.133899,0.371215,0.302604,0.0990145,0.00739878,0.124542,0.199425,0.00726279,0.0725092,0.584164,0.184073,0.00156095,0.169726,1.16022,2.12254,0.498716,0.000799504,0.896277,1.07072,6.73472,0.145694,1.32446,0.207156,0.393119,1.11023,0.0921988,0.59336,0.190741,0.0200544,0.0314395,0.0102699,0.0521965,0.0127116,4.74851e-08,0.0495955,0.00359657,0.000538863,0.0163128,0.0102037,0.011212,0.111423,0.0577465,0.0575949,0.0187225,0.00799503,0.00695431,0.0505415,0.0281823,0.0159223,0.000545661,0.0,0.00658895,0.0225052,0.0190205,0.00518045,0.00474602,0.0673986,0.140164,0.0715648,0.0160039,0.0985191,0.0187412,0.00988942,0.0244277,0.031467,0.0277408,0.0401898,1.46127,0.0237179,0.000463422,0.0425852,0.0178162,0.0177559,0.0306133,0.0217054,0.0262501,0.0332828,0.0340866,0.163589,0.0197667,4.33362e-21,4.00724e-05,2.27787e-06,5.88154e-14,0.0758595,1.18443e-21,0.150308,0.50883,1.01808,0.158792,0.139569,0.0404009,0.0,0.149415,0.23767,0.0402889,0.317502,0.03968,0.0597139,0.0538908,0.369184,0.0758073,0.00389098
0.0719353,0.214549,0.446532,2.74877,0.0,0.22737,0.0563973,0.0155646,0.0817615,0.0616761,1.49774,0.113593,0.317572,0.316964,0.0751452,0.00756099,0.113889,0.164564,0.00672583,0.0680839,0.57276,0.184048,0.0022005,0.179815,1.24238,2.17196,0.609636,0.000824708,0.743181,1.00957,6.61226,0.14507,1.30092,0.215462,0.431024,1.07511,0.054597,0.681909,0.252395,0.0203492,0.0455058,0.0181208,0.0468723,0.0202467,1.22942e-07,0.0475849,0.00329843,0.000612808,0.0199947,0.0104653,0.00841271,0.111957,0.0600699,0.0822916,0.0295181,0.00609455,0.00968315,0.0600298,0.0205324,0.00901008,0.00078403,0.0,0.00541584,0.0187292,0.0238031,0.0038073,0.0037781,0.0782691,0.151385,0.0837386,0.02207,0.106339,0.0209685,0.0165955,0.0281838,0.0180512,0.0288752,0.0345466,1.22501,0.0155207,0.000430444,0.0481982,0.016586,0.020632,0.0346109,0.0205729,0.0245035,0.0266166,0.0465468,0.162832,0.0281033,2.11971e-21,0.00033817,4.81006e-06,7.16289e-11,0.0796331,8.30741e-22,0.160403,0.555993,1.10182,0.194044,0.142034,0.0264665,0.0,0.0969533,0.215432,0.0532517,0.199129,0.0102642,0.0733689,0.0447435,0.426786,0.0697893,0.00394911
0.0353629,0.206049,0.407481,2.94874,0.0,0.227873,0.0765769,0.0092634,0.0832714,0.0528957,1.5311,0.0769612,0.321349,0.327086,0.0773171,0.00707701,0.0596612,0.136814,0.00693349,0.0678842,0.591844,0.188109,0.00228245,0.182101,1.19781,2.46474,0.584472,0.00080451,0.8063,1.01856,5.86783,0.149595,1.32995,0.213649,0.444436,1.10071,0.0629696,0.736722,0.242157,0.0180713,0.048741,0.0173046,0.0494441,0.018803,1.42208e-07,0.0435388,0.00250852,0.000565688,0.0153863,0.00901362,0.0113549,0.113786,0.0553333,0.0683695,0.0278533,0.00536565,0.00712428,0.0706815,0.023674,0.0121509,0.00061545,0.0,0.00494767,0.0180148,0.0232225,0.00300825,0.00333573,0.078562,0.140552,0.0662133,0.0177174,0.10117,0.0188228,0.013077,0.0169643,0.0210218,0.0288224,0.0268963,1.35859,0.0148669,0.000214234,0.0388034,0.0228667,0.0266586,0.0379656,0.0183662,0.0279835,0.0238895,0.0396557,0.150826,0.0198262,1.43232e-21,0.000330179,2.38858e-06,1.0314e-10,0.0747155,2.04282e-22,0.166104,0.687144,1.48963,0.241722,0.117631,0.0297842,0.0,0.111303,0.177106,0.0645984,0.335626,0.098973,0.0779335,0.0621913,0.392203,0.0731634,0.00376766
0.0729801,0.213944,0.368231,2.97139,0.0,0.233616,0.068346,0.0103164,0.0769794,0.0482029,1.3804,0.0683196,0.339399,0.274263,0.0829907,0.00655831,0.0730377,0.153022,0.00631307,0.069013,0.60802,0.187016,0.000986332,0.180047,1.21797,2.45772,0.503975,0.000717125,0.76049,0.983958,6.04121,0.148364,1.25348,0.211104,0.362556,1.08311,0.088928,0.596456,0.154104,0.00646723,0.0258006,0.000600666,0.0423674,0.00580567,6.3155e-08,0.0464812,0.00187943,0.00052626,0.0114612,0.00739177,0.0100608,0.113576,0.0579926,0.05053,0.0308111,0.00525058,0.00639201,0.0754666,0.020102,0.0101465,0.000447269,0.0,0.00331933,0.0135631,0.0220497,0.00311995,0.00464683,0.0775247,0.134683,0.0612358,0.0181222,0.100745,0.019919,0.0134303,0.0275592,0.0217177,0.0340806,0.0387484,1.45813,0.0168533,0.000397196,0.0512005,0.0216878,0.0180851,0.0324353,0.0261653,0.0341696,0.0363517,0.040542,0.175339,0.0234586,4.67614e-22,0.000567961,3.10724e-06,2.18136e-10,0.0724938,0.0,0.143653,0.639237,1.34488,0.223973,0.0857866,0.028306,0.0,0.0966433,0.214005,0.0624093,0.339995,0.0685043,0.0755722,0.0702228,0.428339,0.0855823,0.00397801
0.0617037,0.217733,0.379109,2.91706,0.0,0.230704,0.0673317,0.0157936,0.0791428,0.0449019,1.53004,0.0749972,0.338689,0.315882,0.076718,0.00845581,0.0620559,0.168618,0.0075338,0.0623222,0.542501,0.178722,6.29639e-06,0.164285,1.2519,2.17981,0.593726,0.000777911,0.826464,0.97456,6.16893,0.156327,1.23963,0.21106,0.360362,1.09963,0.111541,0.547768,0.151361,0.0103975,0.0267302,0.00484676,0.0355612,0.0107695,7.14594e-08,0.0586953,0.00254171,0.000491825,0.0182648,0.00800291,0.00930518,0.116957,0.0513747,0.077746,0.0378053,0.00590158,0.00720327,0.081103,0.0178776,0.00920201,0.000614998,0.0,0.00422743,0.0136604,0.0197904,0.00405108,0.00534978,0.0652521,0.140804,0.0676221,0.0241521,0.0996899,0.0191227,0.0143296,0.0302097,0.0159621,0.0309711,0.0314253,1.38251,0.0125775,0.000199432,0.0534345,0.0136588,0.0227167,0.0355468,0.0229831,0.0303874,0.0321873,0.0404419,0.177521,0.0236705,1.96636e-21,0.000511061,7.14762e-21,3.68693e-11,0.0804459,6.86202e-22,0.206991,0.575549,1.05015,0.176095,0.0973502,0.0355838,0.0,0.135192,0.19562,0.0478782,0.330573,0.0999513,0.0610703,0.0693225,0.419786,0.0745114,0.00386621
0.0950926,0.241268,0.413396,3.03897,0.0,0.23326,0.0734809,0.0127895,0.0857182,0.0632368,1.55692,0.126535,0.344507,0.346309,0.102905,0.00841046,0.103109,0.190405,0.00783499,0.0624384,0.540432,0.156188,0.00128991,0.170617,1.2929,2.21393,0.560722,0.000832157,0.989535,1.0196,6.30862,0.151815,1.31074,0.211509,0.423847,1.11606,0.132407,0.657264,0.222137,0.0203088,0.0499643,0.0166223,0.0423324,0.0228063,1.20345e-07,0.0545988,0.00254269,0.00023939,0.0176221,0.00667193,0.0120873,0.11256,0.0583643,0.0656032,0.0208911,0.00761457,0.00538218,0.0798271,0.022751,0.00988253,0.000531922,0.0,0.00457984,0.0150432,0.0181084,0.00516266,0.0055908,0.0709606,0.131477,0.0565606,0.0226581,0.0981594,0.0203486,0.0116865,0.0142172,0.0228827,0.0345733,0.0313994,1.39811,0.0191067,0.000305588,0.0374354,0.0158882,0.0176427,0.0332872,0.021897,0.0285147,0.0275502,0.0359336,0.121095,0.010399,2.00955e-21,0.000109487,4.00546e-06,1.01464e-10,0.0780025,7.84187e-22,0.208985,0.508078,1.03443,0.18552,0.145949,0.0294811,0.0,0.120218,0.213209,0.0455819,0.31383,0.0695587,0.0608171,0.0517873,0.424646,0.0687969,0.00370693
0.0897362,0.217211,0.430101,2.86394,0.0,0.240594,0.0767873,0.0174405,0.0714059,0.0508373,1.58956,0.084165,0.379214,0.301578,0.0796961,0.00694309,0.0946474,0.142179,0.0068321,0.062189,0.535763,0.14255,0.0013813,0.167076,1.25416,2.14155,0.555717,0.000789815,1.0566,1.01016,5.86623,0.150787,1.27753,0.205891,0.425849,1.12308,0.147518,0.59227,0.183976,0.0185979,0.0322856,0.0106862,0.0487784,0.0134634,1.77241e-08,0.0435774,0.00235849,0.000302519,0.0145966,0.00701681,0.0100093,0.114567,0.0533806,0.0508812,0.0216518,0.00745036,0.00635205,0.0647575,0.0218245,0.010884,0.00044178,0.0,0.00461177,0.0144616,0.0194077,0.00513835,0.0046251,0.0599081,0.133935,0.0637516,0.0173828,0.0995777,0.0199444,0.0118719,0.0202653,0.0201624,0.0290606,0.0325757,1.29945,0.0142039,0.000251859,0.0393405,0.0115352,0.0162314,0.0297685,0.0194403,0.0245422,0.029664,0.0331195,0.132353,0.0190678,2.80946e-21,7.74693e-05,1.06594e-06,2.83852e-11,0.0806573,9.78891e-23,0.110458,0.611078,1.30242,0.207235,0.125627,0.0366917,0.0,0.141169,0.25166,0.062729,0.359819,0.08638,0.0757133,0.0714902,0.416704,0.0882599,0.00379912
0.0653932,0.221026,0.426208,2.86394,0.0,0.224094,0.0608741,0.0212633,0.0686465,0.0327649,1.58304,0.0832728,0.352516,0.283991,0.0824488,0.00604537,0.0733357,0.150868,0.00684237,0.0598341,0.523124,0.131094,6.44494e-06,0.167494,1.23811,1.86521,0.61487,0.000753806,1.05943,1.05535,6.70794,0.143981,1.25576,0.212489,0.414549,1.0992,0.160145,0.494338,0.138712,0.0155671,0.0315203,0.00878865,0.04998,0.0112698,1.30444e-08,0.0497407,0.0025055,0.000532,0.0132133,0.00764833,0.00923657,0.115049,0.0507896,0.0520255,0.024507,0.00700463,0.00720162,0.0769974,0.0189055,0.00915294,0.000333154,0.0,0.00471555,0.0130539,0.016963,0.00411798,0.00477349,0.0614507,0.144459,0.0654605,0.0166239,0.102673,0.021192,0.0140156,0.0131156,0.016038,0.0337489,0.0275326,1.3408,0.0136225,0.000272861,0.0430241,0.010081,0.0147562,0.0320076,0.0208872,0.0238031,0.0275782,0.038443,0.148728,0.0302477,3.12301e-21,0.000233564,3.73979e-07,1.11572e-10,0.0858431,0.0,0.105965,0.590394,1.09521,0.19876,0.0922935,0.0243782,0.0,0.0782615,0.234045,0.0330478,0.2609,0.0483166,0.0584984,0.0601512,0.347688,0.0709012,0.00384606
0.0600324,0.223172,0.408898,2.91497,0.0,0.232977,0.0703005,0.0126523,0.0800906,0.0419891,1.44212,0.10902,0.298696,0.290159,0.0843376,0.00781115,0.0878528,0.163746,0.0063574,0.0628842,0.533138,0.146827,0.000783396,0.177861,1.21985,2.17596,0.555238,0.000753044,0.835775,1.05022,6.46011,0.133328,1.26622,0.207853,0.43006,1.11512,0.0432354,0.529377,0.13318,0.0146752,0.0333813,0.00586093,0.0396874,0.0093641,2.20813e-11,0.0660991,0.0028907,0.000656216,0.0227117,0.00905803,0.0124938,0.124723,0.0471069,0.0826149,0.0278613,0.0109557,0.006589,0.0839381,0.0273341,0.0148002,0.000510019,0.0,0.00548975,0.0231322,0.0109379,0.00659875,0.00746256,0.0428478,0.153997,0.0613854,0.0221753,0.104121,0.0224612,0.0154679,0.0176327,0.0315515,0.0462251,0.0457149,1.32248,0.0208095,0.000520217,0.0474023,0.0154937,0.0204688,0.0344448,0.0232528,0.0324738,0.0314089,0.0412906,0.166242,0.0262322,3.96493e-21,8.68441e-05,4.94726e-06,1.4529e-10,0.0918367,3.96508e-22,0.144074,0.529846,0.988269,0.161424,0.107784,0.0289221,0.0,0.101193,0.255854,0.0277267,0.275761,0.0160813,0.054839,0.0427928,0.326003,0.0569557,0.00381379
0.0641576,0.216145,0.433651,2.9153,0.0,0.21601,0.0591681,0.0106625,0.0737861,0.0423244,1.49141,0.069699,0.348723,0.297018,0.072527,0.00823852,0.0693832,0.12116,0.00656122,0.0715411,0.606839,0.180647,0.0021654,0.180553,1.24901,2.18456,0.56872,0.000756174,0.793929,1.02745,6.30935,0.146556,1.26659,0.207987,0.436016,1.067,0.0577831,0.671955,0.206102,0.0168928,0.0312777,0.0116145,0.0436725,0.0120799,6.57013e-08,0.0416064,0.00283396,0.000439297,0.0159877,0.00891026,0.0110865,0.119694,0.0399311,0.0596857,0.0326554,0.00723834,0.00756991,0.0690767,0.0234029,0.0135187,0.000387504,0.0,0.00542838,0.0200028,0.00656475,0.00461933,0.00439603,0.0297674,0.142698,0.0682573,0.0150797,0.100899,0.0203265,0.0147384,0.029058,0.0271945,0.0292073,0.0371905,1.42144,0.0173871,0.00033678,0.0458964,0.0130744,0.0169605,0.0332581,0.019106,0.0240377,0.0256072,0.0346811,0.133038,0.0178301,1.22838e-21,0.000151561,7.30835e-06,1.7519e-10,0.0845398,5.44311e-22,0.167501,0.534458,1.10981,0.219746,0.059995,0.0143372,0.0,0.0431194,0.200025,0.0563816,0.216945,0.0399128,0.0688718,0.0568094,0.442473,0.0846183,0.0039456
0.0737359,0.222847,0.410357,3.14089,0.0,0.241442,0.0784091,0.0185421,0.0830564,0.0500847,1.39497,0.0777833,0.356458,0.305156,0.0755895,0.0074902,0.0833748,0.171046,0.00739233,0.0633376,0.517795,0.160165,0.00146965,0.165525,1.30435,2.03087,0.653817,0.000817935,0.9441,1.03583,6.05723,0.149893,1.28045,0.203238,0.429463,1.09774,0.120729,0.621969,0.149113,0.0188461,0.038397,0.0131925,0.0447617,0.0138644,5.51417e-08,0.0614405,0.00375911,0.000575954,0.0193578,0.0100717,0.00991379,0.120045,0.0682582,0.0939212,0.0454119,0.00823521,0.0101674,0.0967168,0.0208048,0.0123154,0.00073276,0.0,0.0062932,0.0204939,0.0250004,0.00436555,0.00648145,0.0695216,0.144712,0.0801768,0.0278354,0.103194,0.0247295,0.0153027,0.0365286,0.0233873,0.0407421,0.0429506,1.41533,0.015832,0.000377942,0.0588969,0.0167754,0.0225446,0.0356115,0.0241463,0.021815,0.0339221,0.0389271,0.187174,0.0152956,3.85825e-22,0.000680109,3.85887e-06,6.34875e-11,0.0799029,4.44988e-22,0.164157,0.527468,1.1352,0.212336,0.130162,0.034986,0.0,0.148803,0.219537,0.0548141,0.330557,0.111927,0.0682022,0.0759508,0.486995,0.0996647,0.00389218
0.0251437,0.219318,0.369156,3.03622,0.0,0.249481,0.0716264,0.00716346,0.0841829,0.0550721,1.36663,0.0856979,0.262651,0.298332,0.076479,0.00750683,0.0820014,0.13534,0.00737752,0.0594536,0.558966,0.18587,0.000108334,0.178313,1.35422,2.3963,0.569917,0.000867811,0.974201,0.945433,4.37186,0.153923,1.27592,0.213472,0.280046,1.09515,0.187127,0.577792,0.0917406,0.0196509,0.0441959,0.0124915,0.0426271,0.0157016,6.4728e-08,0.0429894,0.00347002,0.000483526,0.0155588,0.00861202,0.00862065,0.10268,0.0742951,0.0700048,0.0413563,0.00913459,0.00739338,0.0936275,0.0206344,0.0108643,0.00074475,0.0,0.00586179,0.0223568,0.0258402,0.00526649,0.00519229,0.0742904,0.134812,0.0682103,0.0232103,0.0956491,0.0224407,0.0149041,0.0426728,0.0245905,0.0391019,0.0463006,1.38429,0.0180122,0.000485853,0.0587612,0.0217078,0.023602,0.0409285,0.0263031,0.0302394,0.0338194,0.0491193,0.189167,0.0173522,2.4559e-22,0.000608605,1.40378e-06,3.00774e-11,0.0799632,0.0,0.155076,0.527676,1.06539,0.177208,0.108315,0.0397163,0.0,0.150442,0.282074,0.0447413,0.350733,0.0678975,0.0628319,0.0546354,0.359576,0.0759188,0.00397412
0.0517487,0.187575,0.372431,3.00484,0.0,0.243093,0.0591118,0.0137234,0.0793109,0.0497863,1.35462,0.0991258,0.292983,0.306988,0.0779819,0.00716046,0.0868049,0.17205,0.00729697,0.0626021,0.512002,0.14824,0.00117771,0.175608,1.32361,2.39834,0.559654,0.000815739,1.09585,0.938612,4.97876,0.160742,1.26723,0.205174,0.357537,1.11446,0.176603,0.51462,0.0872341,0.0127751,0.0273616,0.0007619,0.0443389,0.00498328,1.25045e-08,0.0538185,0.00415422,0.000482225,0.0162545,0.00901208,0.0139815,0.123057,0.0718832,0.0684307,0.0353111,0.00994835,0.00756841,0.0732238,0.0282579,0.0159397,0.000708738,0.0,0.00673803,0.0281465,0.0195804,0.00619648,0.00602373,0.0586315,0.148873,0.0704012,0.0203247,0.0981516,0.022097,0.0116791,0.0426868,0.0324538,0.0379743,0.0505502,1.48698,0.025211,0.000598405,0.0495742,0.02112,0.0278847,0.0440691,0.0222123,0.0313554,0.0310366,0.0486886,0.162411,0.0110365,1.30779e-21,0.000168241,9.42983e-07,2.95386e-11,0.0787945,4.32613e-23,0.143824,0.56732,1.03022,0.188246,0.0838708,0.0219494,0.0,0.0899437,0.193997,0.0421234,0.205086,0.0290044,0.0579977,0.0456354,0.29772,0.0591893,0.00406221
0.0670365,0.227372,0.373527,2.94898,0.0,0.234931,0.0575977,0.0156218,0.0714259,0.0535536,1.22428,0.0918163,0.279502,0.296357,0.0806648,0.00652764,0.0757961,0.154237,0.00721009,0.062579,0.55345,0.163645,0.00136061,0.179213,1.2943,2.27731,0.517571,0.000784938,1.09557,0.888219,4.97429,0.163917,1.26414,0.196446,0.249195,1.12747,0.191892,0.558587,0.0994561,0.0166179,0.0304532,0.00948423,0.0393486,0.012664,1.14164e-07,0.0341528,0.00431597,0.000635137,0.0120085,0.00765298,0.0105558,0.109392,0.0754923,0.0605516,0.0334877,0.00594132,0.00716174,0.0688765,0.023791,0.0128616,0.000682213,0.0,0.00690126,0.022008,0.020906,0.00372403,0.00255764,0.0787795,0.142218,0.0654393,0.0212273,0.0969466,0.0212136,0.0141564,0.0329903,0.0252007,0.020625,0.0442899,1.58932,0.0212345,0.00058648,0.045588,0.0254128,0.0219178,0.0387408,0.0199097,0.0335676,0.0288616,0.0371156,0.164828,0.0158009,2.37607e-21,0.000392613,1.78147e-06,3.4361e-11,0.0705098,1.99269e-22,0.167078,0.519251,1.00699,0.203222,0.0966646,0.0284023,0.0,0.0880634,0.199972,0.0401891,0.220178,0.0600155,0.061629,0.0520096,0.369182,0.0664632,0.00395604
0.0420604,0.220435,0.374572,3.0102,0.0,0.220441,0.0536743,0.0129626,0.0739245,0.0454429,1.31166,0.104574,0.322872,0.273437,0.0476809,0.00806775,0.0979632,0.168449,0.00610231,0.0613558,0.555958,0.181762,0.000425572,0.176732,1.19667,2.0704,0.447959,0.000722046,0.99076,0.953499,5.9389,0.154016,1.26072,0.206273,0.31661,1.07746,0.154483,0.603244,0.149806,0.0184184,0.0408478,0.0138199,0.040589,0.0177807,5.88388e-08,0.0447743,0.00509852,0.000701779,0.0134251,0.00876638,0.0110562,0.114492,0.0867052,0.0772519,0.0399381,0.00702536,0.00670724,0.0765738,0.0253671,0.0138451,0.00085088,0.0,0.0083328,0.0245929,0.0225379,0.00432845,0.00464709,0.0896,0.148984,0.0699673,0.0258741,0.100433,0.021684,0.0155621,0.0383098,0.0299035,0.031094,0.0488505,1.57045,0.0215797,0.000475351,0.0522987,0.0235616,0.023505,0.040207,0.0240002,0.0278818,0.0352465,0.0441794,0.189022,0.0223995,1.87146e-21,0.000551499,1.12328e-06,2.97772e-11,0.0789521,2.5953e-22,0.189565,0.59847,1.12081,0.229713,0.0883467,0.0331739,0.0,0.118791,0.252047,0.0562624,0.337358,0.0940017,0.0715944,0.0674799,0.408495,0.0740677,0.00368667
0.0436856,0.195156,0.370514,2.96187,0.0,0.195537,0.0339666,0.0188685,0.0699972,0.0495508,1.31824,0.101001,0.338414,0.282278,0.0652754,0.00812606,0.0796888,0.168644,0.00624215,0.0657976,0.571008,0.173679,0.00161012,0.174093,1.23115,2.06088,0.539368,0.00076893,1.0032,1.00134,6.28331,0.15312,1.22688,0.19808,0.393008,1.08318,0.101264,0.561438,0.152446,0.0127071,0.0325308,0.00420483,0.0361188,0.0103862,5.21263e-08,0.0601899,0.00425718,0.000561479,0.0172317,0.00870182,0.0102841,0.109798,0.0727117,0.0833937,0.0239696,0.00591087,0.00589093,0.0805352,0.0226402,0.0128784,0.000660005,0.0,0.00699458,0.0224981,0.0221411,0.00392905,0.0049848,0.0879564,0.141163,0.062066,0.0256414,0.0992926,0.0234483,0.0111114,0.0257035,0.0218004,0.0307605,0.031833,1.61735,0.0183268,0.000238656,0.0403448,0.0191214,0.0227749,0.0376235,0.022999,0.0292579,0.031152,0.0367752,0.159507,0.0240585,3.1814e-21,0.000324203,1.04801e-06,1.22347e-11,0.0688004,5.69207e-23,0.148751,0.460098,0.98986,0.200221,0.117513,0.0346905,0.0,0.132556,0.23778,0.0363206,0.301575,0.0496192,0.0550003,0.0423793,0.236405,0.0456698,0.00376821
0.0410367,0.194549,0.326679,3.04224,0.0,0.253924,0.072672,0.0114281,0.0853209,0.0386636,1.16363,0.05563,0.364299,0.260959,0.0777233,0.00562517,0.0665146,0.135628,0.00654436,0.0688643,0.62081,0.19293,0.00109393,0.187231,1.24637,2.44016,0.486761,0.000749467,0.914421,1.00631,6.12333,0.155851,1.22051,0.202918,0.417992,1.08857,0.0866294,0.572427,0.123325,0.0129388,0.022638,0.00127685,0.04062,0.00642235,5.53557e-08,0.0383152,0.00379827,0.000374164,0.0127045,0.0069698,0.0117066,0.120923,0.0719473,0.0599561,0.0304796,0.00441321,0.00520778,0.0749677,0.0219007,0.0116832,0.000550523,0.0,0.00635003,0.0179894,0.0185771,0.00303589,0.00358994,0.0827919,0.144187,0.0477638,0.0234769,0.100334,0.02251,0.0136292,0.0231842,0.0209884,0.0261501,0.0316722,1.68589,0.0158562,0.000245101,0.0414392,0.0199189,0.023036,0.0380147,0.0205964,0.0272003,0.024309,0.0372614,0.157697,0.0243752,3.22028e-21,0.000351757,2.86732e-06,1.26253e-13,0.0734048,0.0,0.139236,0.562707,1.06206,0.207167,0.0895994,0.0181531,0.0,0.0536143,0.222556,0.0497656,0.233672,0.0437974,0.0658024,0.041229,0.256232,0.0358674,0.00406277
0.0533065,0.215876,0.398091,3.01996,0.0,0.235636,0.0693299,0.0095996,0.0764944,0.0431331,1.43135,0.0705297,0.304438,0.268516,0.0653226,0.00798825,0.083089,0.125804,0.00589136,0.0642361,0.580497,0.186579,0.000204401,0.19433,1.34616,2.4123,0.362742,0.000844025,1.03492,0.998667,6.11982,0.163558,1.22378,0.213744,0.42256,1.08455,0.13308,0.571043,0.118431,0.0109937,0.0184919,0.00114481,0.0413767,0.00511325,6.39056e-08,0.0566689,0.00425114,0.00058888,0.0148027,0.00849371,0.0116626,0.121623,0.0737243,0.0793404,0.0378373,0.00525346,0.00812001,0.077494,0.0247847,0.014105,0.000659983,0.0,0.00678208,0.0179205,0.0212631,0.00338598,0.00538479,0.0727843,0.15009,0.0729444,0.026277,0.104649,0.0250079,0.0135789,0.0370596,0.0211632,0.029973,0.0442201,1.63976,0.0176105,0.000425622,0.0442449,0.0210275,0.0270669,0.0368448,0.0230442,0.0312804,0.0281452,0.040014,0.165181,0.0216571,1.53914e-21,0.000391266,2.44962e-06,1.79353e-11,0.0660331,9.45776e-23,0.134278,0.451081,0.838702,0.180594,0.0633059,0.0267028,0.0,0.118982,0.172698,0.0449075,0.227171,0.0907202,0.0643427,0.0590156,0.252697,0.0537684,0.00393989
0.0819982,0.220736,0.395331,2.98161,0.0,0.222671,0.067311,0.0177188,0.086722,0.0330742,1.61679,0.0863083,0.349595,0.288995,0.10222,0.00749001,0.0807664,0.157131,0.00580887,0.0622582,0.547712,0.157121,0.000333175,0.15876,1.30839,2.06125,0.429407,0.000823425,0.934374,1.01205,6.77915,0.150024,1.28516,0.207032,0.39787,1.07804,0.120434,0.627683,0.134211,0.0113306,0.0173019,0.00352361,0.0508629,0.00717992,6.81236e-08,0.0512643,0.0042091,0.000598257,0.0146924,0.00908196,0.0124911,0.122513,0.0785249,0.0839329,0.0411076,0.00566258,0.00854011,0.0887556,0.0260301,0.0144499,0.000796608,0.0,0.00718288,0.0190412,0.0247926,0.00318281,0.00465489,0.0837097,0.151503,0.0769473,0.0232321,0.105176,0.0246342,0.017708,0.030758,0.0190136,0.0335182,0.0414553,1.68939,0.0151755,0.000481627,0.049066,0.0219269,0.0220055,0.0354569,0.0222718,0.0372984,0.0354343,0.0406426,0.179893,0.0141596,5.21838e-23,0.000359259,1.77784e-06,5.00975e-12,0.0744401,6.21657e-22,0.160655,0.426792,0.900863,0.181321,0.125046,0.0357683,0.0,0.144899,0.240087,0.044922,0.310812,0.0735485,0.0674166,0.0601988,0.272176,0.0647161,0.00407851
0.0549591,0.220927,0.390553,3.01561,0.0,0.256309,0.0686626,0.0189745,0.0726271,0.0333777,1.38766,0.0671943,0.325881,0.285837,0.0804338,0.00741793,0.0602559,0.152296,0.00672342,0.063738,0.529578,0.17353,0.00125818,0.174496,1.36301,2.80901,0.363604,0.000881534,0.882838,1.02911,6.21855,0.152817,1.25125,0.212301,0.396018,1.08248,0.10214,0.576467,0.114028,0.00943791,0.00844932,0.000966128,0.0388209,0.00251958,2.82073e-08,0.0372338,0.00340475,0.000613298,0.00901002,0.00815399,0.0114006,0.121886,0.0586937,0.0643654,0.0388297,0.00521366,0.00705148,0.0823818,0.0257419,0.0146354,0.000565509,0.0,0.00606098,0.0171531,0.0208954,0.00278449,0.00390882,0.0637287,0.149763,0.0628451,0.0193198,0.101163,0.0226686,0.015798,0.0214293,0.0195197,0.0325816,0.0230854,1.75329,0.0142002,0.000213083,0.0455794,0.016692,0.0154598,0.0300347,0.0181323,0.0288306,0.0289056,0.0323201,0.180346,0.0272642,3.14261e-22,0.000203189,2.27682e-06,2.14987e-11,0.0734222,1.85912e-22,0.129419,0.466866,0.821995,0.162248,0.102107,0.0228064,0.0,0.0735536,0.172186,0.0260313,0.242097,0.0593179,0.0375709,0.0559289,0.38203,0.0734583,0.00388413
0.0411862,0.228631,0.353611,3.14886,0.0,0.238522,0.0832803,0.0129574,0.0597309,0.0448295,1.27929,0.0763115,0.2754,0.280312,0.0658941,0.00746504,0.0872466,0.152105,0.00645546,0.051017,0.486599,0.161358,0.0017256,0.169968,1.40263,2.29152,0.441618,0.000954321,0.98984,0.992241,5.69058,0.161049,1.2656,0.220201,0.38411,1.06917,0.169352,0.598125,0.125652,0.0151448,0.0211257,0.00376701,0.0437568,0.00618795,9.0505e-08,0.0520117,0.00392999,0.000565195,0.0182158,0.00943007,0.0118871,0.126762,0.0768789,0.0978386,0.040014,0.00497369,0.00633897,0.0852011,0.026225,0.015563,0.000833788,0.0,0.00643741,0.0224333,0.0219772,0.0029674,0.00402304,0.0712525,0.153069,0.0670363,0.0255696,0.105832,0.025463,0.0171134,0.0306779,0.0271483,0.0287695,0.0330925,1.58674,0.0167313,0.000335028,0.0468034,0.0248149,0.0242861,0.0387398,0.0199327,0.0285698,0.0273474,0.0401097,0.172004,0.0251842,8.7037e-22,0.000526839,1.41655e-06,2.63274e-11,0.0736147,7.94589e-23,0.16146,0.496192,1.10942,0.205866,0.124668,0.0374619,0.0,0.154371,0.223465,0.041912,0.351702,0.0931842,0.0620381,0.054508,0.311913,0.064015,0.00391513
0.0560429,0.192833,0.385909,2.93206,0.0,0.244981,0.0758492,0.0117475,0.06171,0.0445923,1.40701,0.100284,0.373687,0.289483,0.0770854,0.0073535,0.0954075,0.141902,0.00673134,0.0712372,0.606857,0.177821,0.00254503,0.187207,1.37715,2.35681,0.556358,0.000904328,1.00707,0.924279,4.91669,0.156387,1.26296,0.203468,0.337455,1.04957,0.177229,0.621819,0.152475,0.0151296,0.0257218,0.00447681,0.0401478,0.00858737,9.46832e-08,0.0636051,0.00343762,0.000464333,0.018027,0.00858873,0.0103868,0.114076,0.0601685,0.092466,0.0338013,0.00678611,0.0071959,0.0754721,0.0249224,0.0172922,0.000951951,0.0,0.00589046,0.0266652,0.0195617,0.00426131,0.00587665,0.071467,0.147654,0.0731341,0.0255009,0.105718,0.0255261,0.0127179,0.0382223,0.0307699,0.0318738,0.0448021,1.75226,0.0203229,0.000402919,0.0420874,0.0241802,0.0246275,0.0373925,0.0189873,0.0320999,0.0287058,0.0380927,0.156938,0.0115908,1.52095e-21,0.000441903,4.84422e-07,3.51225e-11,0.0680879,4.75953e-22,0.171922,0.45661,1.13698,0.14788,0.140646,0.0343972,0.0,0.125983,0.283572,0.0392802,0.298347,0.0538668,0.0635602,0.0595041,0.270974,0.0607273,0.00386702
0.0695916,0.217546,0.400526,2.88881,0.0,0.216074,0.0367778,0.0183565,0.0597773,0.0524648,1.30497,0.11042,0.288346,0.324002,0.0839452,0.00776888,0.0719641,0.187925,0.00722536,0.0658102,0.539282,0.108133,0.00218831,0.172731,1.32407,2.33486,0.570585,0.000936717,1.01173,0.980669,5.55944,0.158105,1.27654,0.197233,0.346146,1.06775,0.152077,0.649927,0.147054,0.0163244,0.0400862,0.0059206,0.0416673,0.0118495,4.44017e-08,0.0523778,0.00335499,0.00043449,0.0172084,0.00988446,0.0102844,0.124707,0.0639975,0.0812158,0.0369557,0.00835333,0.00802885,0.0851861,0.0214772,0.0141906,0.000755316,0.0,0.00605911,0.0285177,0.0172789,0.00537284,0.00587834,0.0726889,0.159729,0.0735947,0.0219983,0.107584,0.0243639,0.0153452,0.0292973,0.0269568,0.0379688,0.0438966,1.64415,0.0201959,0.000509577,0.0484081,0.0260076,0.0216387,0.0344308,0.0143496,0.0171061,0.0212365,0.0285576,0.136227,0.0134695,9.49911e-22,0.000667356,4.87696e-07,4.08053e-11,0.078556,2.06083e-22,0.15909,0.554281,1.04447,0.152533,0.143914,0.0381087,0.0,0.156864,0.243659,0.0376951,0.321615,0.0919268,0.0502275,0.0581198,0.274531,0.0597345,0.00383638
0.0565431,0.222154,0.372849,3.13923,0.0,0.24407,0.0730836,0.00905011,0.0825408,0.0588417,1.37661,0.073109,0.335433,0.291347,0.0851689,0.00778407,0.06964,0.145394,0.00682598,0.067099,0.550204,0.13556,0.000225212,0.181418,1.36636,2.18089,0.508608,0.000919186,0.863345,0.96374,5.58083,0.154111,1.21654,0.193541,0.323618,1.08594,0.117817,0.522052,0.0974839,0.0147323,0.0298376,0.00500518,0.0453545,0.00989339,9.52296e-09,0.0608274,0.00303365,0.00052353,0.0188783,0.00856496,0.0109736,0.118241,0.08133,0.0879206,0.0344337,0.0107333,0.00836155,0.0891142,0.0236044,0.0144077,0.000694229,0.0,0.00532794,0.0240762,0.0248077,0.00615471,0.00702406,0.0878276,0.144003,0.0705701,0.0229093,0.104229,0.0231512,0.0151106,0.0370589,0.027753,0.0446778,0.0540676,1.64946,0.0221736,0.000534242,0.0610592,0.027244,0.024232,0.0396306,0.0217772,0.0271085,0.0349468,0.0360668,0.170616,0.0185581,9.75389e-22,0.000443597,2.85451e-06,2.0952e-11,0.0767619,0.0,0.116151,0.643178,1.2751,0.174231,0.0512327,0.0269363,0.0,0.115361,0.182453,0.0642638,0.287403,0.0635725,0.0760567,0.0532371,0.342061,0.0760876,0.00399125
0.0701336,0.187264,0.417597,3.01368,0.0,0.22039,0.066679,0.0123894,0.0904827,0.0604912,1.356,0.0989792,0.322469,0.30706,0.0937913,0.00815073,0.0902815,0.166655,0.00714695,0.0643122,0.594917,0.161814,0.00109203,0.174783,1.34842,1.9529,0.591282,0.000934239,0.798033,0.916351,5.77312,0.14786,1.26959,0.203136,0.348806,1.08684,0.158328,0.603997,0.160388,0.0187668,0.0432751,0.0119517,0.0448882,0.0177087,9.48586e-08,0.0463149,0.0026064,0.000635766,0.0123555,0.00818761,0.0143635,0.130717,0.0587756,0.058184,0.0302971,0.0107805,0.00900262,0.0584095,0.0290575,0.0152191,0.000480104,0.0,0.00490693,0.02068,0.0157109,0.00567098,0.00534664,0.0728186,0.153124,0.0706402,0.0188737,0.104423,0.0237004,0.0123482,0.0323198,0.0275237,0.0351437,0.0644146,1.62953,0.0253063,0.000653754,0.0549392,0.0122609,0.0170515,0.0328491,0.015717,0.0142646,0.0279328,0.0223648,0.165775,0.0182182,6.94e-22,0.000350925,3.26932e-07,1.17485e-11,0.0763185,7.05235e-22,0.169774,0.502099,0.863827,0.191472,0.106384,0.0428353,0.0,0.166698,0.231539,0.0430984,0.346712,0.0868194,0.0558475,0.0639381,0.321403,0.0784268,0.00371294
0.024275,0.198797,0.387608,3.06679,0.0,0.241565,0.0665221,0.0115748,0.0712667,0.0536885,1.27498,0.113515,0.342372,0.297902,0.0900112,0.00729025,0.110186,0.156836,0.00737699,0.0557712,0.531752,0.160675,0.000771799,0.174003,1.29071,1.75855,0.466959,0.000961165,0.825621,0.922539,5.81962,0.152419,1.27886,0.207654,0.377627,1.08854,0.109901,0.611776,0.165716,0.0197904,0.0445639,0.0141725,0.0440012,0.0179343,6.85984e-08,0.0719897,0.00237354,0.000465742,0.0180332,0.00849454,0.0124074,0.127611,0.081243,0.0858244,0.0290889,0.0117062,0.00750105,0.11193,0.0257371,0.0152932,0.000822208,0.0,0.00438817,0.0205017,0.0313002,0.00598241,0.00711798,0.102039,0.160087,0.0657885,0.0301691,0.10984,0.0273957,0.0136097,0.0270179,0.0205946,0.0462574,0.0501299,1.61157,0.0202177,0.000517537,0.0529206,0.0149029,0.013652,0.0289117,0.0185534,0.019975,0.0303723,0.0255787,0.177027,0.0141562,7.42152e-22,0.000750346,1.67419e-06,2.78677e-11,0.0733967,6.25326e-22,0.178412,0.566702,1.13881,0.189647,0.114578,0.0248425,0.0,0.103487,0.185559,0.0478798,0.316472,0.0634842,0.0658817,0.056601,0.354963,0.0753429,0.0039121
0.0481533,0.187883,0.372208,3.02759,0.0,0.245216,0.06643,0.00805069,0.0717915,0.0370512,1.43214,0.0683172,0.335497,0.278745,0.0885353,0.00720283,0.0757838,0.129894,0.00682149,0.0659479,0.550261,0.155186,0.00107382,0.170166,1.3326,1.87937,0.61311,0.000944728,0.824028,0.984439,6.2512,0.153494,1.2769,0.201565,0.408546,1.06359,0.0658638,0.66584,0.170116,0.021828,0.0601613,0.0174283,0.0453598,0.023082,1.10012e-07,0.0375529,0.00245414,0.000626131,0.00939983,0.00595547,0.00966641,0.119315,0.0682151,0.0606341,0.0330075,0.0063616,0.00787454,0.0919033,0.0210161,0.0123597,0.000783751,0.0,0.00418364,0.013371,0.0214518,0.00318694,0.00361097,0.0814788,0.147179,0.0656612,0.0226579,0.105055,0.0253227,0.0149971,0.0256744,0.0229563,0.0289822,0.038546,1.60521,0.0159317,0.000386466,0.047852,0.0191264,0.0181881,0.0333063,0.0141913,0.0193669,0.0192498,0.0280412,0.152729,0.0220201,1.16888e-21,0.000569035,4.43413e-07,1.11051e-11,0.0707452,7.35886e-22,0.201211,0.479784,1.1325,0.175596,0.10618,0.0351657,0.0,0.163677,0.263249,0.0409784,0.30849,0.0990293,0.0617904,0.0608193,0.367251,0.0761417,0.00369701
0.0383972,0.208623,0.402627,3.03232,0.0,0.208724,0.077333,0.00870139,0.0842845,0.0338384,1.47181,0.0631237,0.317145,0.250229,0.0558887,0.00701336,0.0488632,0.121739,0.00577046,0.0652623,0.579784,0.157246,0.00224806,0.185179,1.40251,2.08603,0.553641,0.00103856,0.90991,0.970645,5.77311,0.153714,1.27193,0.221032,0.410389,1.09323,0.110496,0.641031,0.149191,0.020163,0.0397204,0.016203,0.0433587,0.0188935,1.16635e-07,0.0530576,0.00366131,0.000404664,0.0140413,0.00734078,0.0110645,0.122527,0.0804873,0.0823864,0.0403852,0.0104288,0.00854344,0.0814114,0.0250082,0.0173054,0.00132007,0.0,0.00635485,0.0189989,0.0251098,0.00618978,0.00570129,0.0908039,0.152739,0.0712827,0.0220312,0.106448,0.0241795,0.0164195,0.0398773,0.028756,0.0402766,0.0580185,1.61274,0.0207182,0.000564517,0.0607659,0.0155593,0.0202694,0.0335041,0.0117837,0.0169704,0.025045,0.0201702,0.135359,0.00358562,5.78705e-22,0.000694022,9.29663e-07,2.06026e-11,0.0751822,9.76155e-23,0.183772,0.534678,1.08741,0.189819,0.0979031,0.0328736,0.0,0.134979,0.228387,0.050586,0.253007,0.0411938,0.0690191,0.0475909,0.271348,0.0588912,0.00368925
0.0425006,0.20166,0.368154,2.86889,0.0,0.245131,0.0815895,0.0144625,0.0917781,0.047817,1.24404,0.112108,0.283322,0.247881,0.0655538,0.00707088,0.0967438,0.17163,0.00554573,0.0571481,0.55732,0.165108,0.00169335,0.172542,1.40689,2.29779,0.425324,0.00103634,0.969577,0.939467,5.68894,0.15956,1.23757,0.199056,0.408821,1.0939,0.143602,0.574223,0.0910589,0.0162108,0.023415,0.00984488,0.0427191,0.00986305,2.60322e-08,0.0667247,0.00526466,0.000471618,0.0194559,0.00855979,0.0131468,0.129217,0.0735876,0.0973987,0.0421681,0.0153318,0.00656741,0.095501,0.0309022,0.0192042,0.00142461,0.0,0.00720767,0.0246493,0.0160916,0.00833922,0.00755017,0.0841638,0.154659,0.0682815,0.026296,0.108926,0.0269452,0.0185083,0.0412543,0.0395481,0.0500331,0.0790145,1.63494,0.0311171,0.000784583,0.0740796,0.00958428,0.0153754,0.0304061,0.0183428,0.0202264,0.0309383,0.024653,0.164178,0.014513,4.81343e-23,0.000168751,3.68235e-06,4.13446e-11,0.0790434,1.61631e-22,0.133292,0.575972,1.00062,0.210774,0.115105,0.0355654,0.0,0.155003,0.180204,0.0553308,0.258561,0.0851582,0.074412,0.0531936,0.249262,0.0450864,0.00399815
0.032803,0.204136,0.364001,2.87795,0.0,0.226191,0.060142,0.0142176,0.0846346,0.0377778,1.25963,0.0836436,0.305485,0.245532,0.0581556,0.00794371,0.0781977,0.143732,0.0058822,0.0646052,0.602035,0.181313,0.00240516,0.186163,1.29643,2.45258,0.454407,0.00102246,1.05438,0.932761,5.14727,0.157354,1.27029,0.218992,0.347524,1.07528,0.184743,0.574549,0.107152,0.0148781,0.0239643,0.0082263,0.0442343,0.00973728,4.75577e-08,0.0479555,0.00442736,0.000280407,0.0168366,0.00907721,0.010827,0.123815,0.0738557,0.0787974,0.0251355,0.00841217,0.00683461,0.0706731,0.0263178,0.0180359,0.00128001,0.0,0.00715982,0.0255774,0.0158451,0.00535321,0.00441784,0.0762379,0.144653,0.0633842,0.0203051,0.0992918,0.0233774,0.0151582,0.0178196,0.0299256,0.0285477,0.0342685,1.6828,0.0200505,0.00029208,0.0455493,0.0126577,0.0165766,0.0345983,0.0212018,0.0229115,0.0267234,0.0343903,0.145724,0.0233894,3.39687e-21,3.4831e-05,7.48161e-07,2.04732e-11,0.0739606,2.49192e-22,0.139678,0.596028,1.22161,0.242867,0.123674,0.026513,0.0,0.104236,0.213564,0.0674353,0.236525,0.0410914,0.074885,0.0487413,0.293883,0.0665974,0.00392175
0.0282463,0.212368,0.390914,3.01278,0.0,0.215384,0.0585151,0.0128494,0.0786944,0.039034,1.33073,0.0751531,0.300196,0.268498,0.0837836,0.0070781,0.064398,0.143152,0.00628813,0.055908,0.554203,0.189898,0.0024186,0.180962,1.32915,2.1609,0.439986,0.00103082,1.02411,0.970973,5.10069,0.154175,1.22034,0.206407,0.360595,1.0647,0.168541,0.550172,0.113328,0.0133198,0.0273495,0.00848139,0.0429169,0.0126616,4.07893e-08,0.0620698,0.00649191,0.000478879,0.0280414,0.012107,0.0132004,0.127524,0.0885575,0.118153,0.0270323,0.0159666,0.00812575,0.0814287,0.0371687,0.0265688,0.00178304,0.0,0.00995082,0.0427334,0.0240425,0.0109778,0.00772076,0.0761999,0.159362,0.0818177,0.0250439,0.103154,0.0252599,0.0135569,0.0205657,0.05939,0.0461959,0.053291,1.76944,0.0374414,0.000591758,0.0451084,0.00971858,0.0140688,0.0330432,0.0215284,0.0289026,0.0277014,0.0385605,0.136588,0.0146038,3.29536e-21,4.84825e-05,3.18807e-06,3.5933e-12,0.0769779,2.66784e-22,0.159051,0.597854,1.22801,0.192783,0.109038,0.0226609,0.0,0.0757344,0.152244,0.0481385,0.246448,0.0386292,0.0694435,0.0533406,0.284396,0.0554113,0.00373277
0.0207899,0.195833,0.37777,3.06979,0.0,0.241551,0.0558221,0.0181278,0.0744087,0.0404323,1.19212,0.0730773,0.313705,0.257826,0.0661276,0.00527844,0.0715572,0.149988,0.00657499,0.0548254,0.515795,0.188673,0.00112729,0.167313,1.25712,2.06223,0.495741,0.0010625,1.02029,0.94512,4.9047,0.155408,1.24401,0.200494,0.332409,1.0546,0.19044,0.555261,0.078504,0.018093,0.0302701,0.0109419,0.0432995,0.0116468,3.90227e-08,0.0587032,0.00537575,0.000564494,0.0295502,0.0115682,0.015386,0.132149,0.0633686,0.110398,0.0372001,0.0119958,0.0077509,0.0650368,0.0353745,0.025278,0.00149883,0.0,0.00823174,0.0436249,0.0205372,0.00887532,0.00617917,0.0587439,0.160072,0.0795747,0.0241491,0.103715,0.02582,0.0147539,0.0320704,0.0487503,0.0364178,0.0605906,1.66833,0.0331008,0.000668348,0.0561746,0.00638559,0.0159892,0.0331155,0.0205558,0.0230047,0.0357097,0.0309148,0.176013,0.0236385,5.75458e-21,0.000165669,4.01068e-06,1.2365e-11,0.0734665,5.48405e-22,0.130212,0.538147,0.911436,0.197162,0.138056,0.0402581,0.0,0.174946,0.204514,0.0424156,0.290544,0.0538194,0.0574567,0.0484968,0.287334,0.0554751,0.00379347
0.0471753,0.200164,0.385437,2.97722,0.0,0.232862,0.0472316,0.0123402,0.0567321,0.0470222,1.18354,0.0813642,0.351075,0.269083,0.0713487,0.005402,0.0888701,0.137481,0.00676847,0.0620413,0.559448,0.186178,0.00068286,0.176295,1.337,2.27183,0.418304,0.00102549,1.03615,0.98292,4.9981,0.154169,1.22187,0.203431,0.391016,1.05189,0.170214,0.630721,0.14903,0.0150045,0.0244344,0.00856743,0.0422978,0.0093555,4.01959e-08,0.0498851,0.00566763,0.000122972,0.0164543,0.00986006,0.013306,0.127664,0.0589906,0.0796673,0.0396849,0.00849545,0.00572883,0.0964031,0.0323866,0.0229287,0.00130027,0.0,0.00852598,0.0330368,0.019427,0.00514789,0.00608616,0.0710309,0.155632,0.0602169,0.0195551,0.103885,0.0242714,0.0187798,0.038242,0.0507598,0.0433606,0.0659433,1.53681,0.0302671,0.000692654,0.066405,0.014959,0.0179065,0.033558,0.0212526,0.0234681,0.0330274,0.0358386,0.125017,0.0092285,2.26488e-21,0.000250365,1.20209e-06,3.11553e-11,0.07525,3.22259e-22,0.155571,0.543306,0.939571,0.188454,0.104023,0.0235988,0.0,0.0924838,0.154808,0.0394025,0.23228,0.0319973,0.0540927,0.0527526,0.306785,0.0621813,0.00381049
0.03823,0.173752,0.37259,3.00539,0.0,0.244546,0.0606245,0.0134916,0.0586097,0.0316768,1.24169,0.0483224,0.302204,0.27399,0.0761738,0.00666738,0.0502401,0.120246,0.00667457,0.06542,0.588993,0.203718,0.00196506,0.188349,1.29939,2.22984,0.494723,0.000958872,1.07437,0.956638,4.45321,0.165655,1.22487,0.205866,0.374259,1.07189,0.161959,0.621815,0.131731,0.0166277,0.0347817,0.0101923,0.0423685,0.0120708,4.91557e-08,0.0579011,0.00441513,0.000559987,0.0196324,0.00772932,0.0110948,0.122431,0.0644068,0.0777624,0.0344155,0.0117676,0.00669287,0.105034,0.0271141,0.0195323,0.000887744,0.0,0.00709102,0.0342713,0.0212982,0.00628412,0.00641195,0.0693159,0.14214,0.054973,0.0247955,0.0989562,0.0247343,0.0157227,0.0377243,0.035632,0.0437524,0.0667664,1.57445,0.0348743,0.000682115,0.0676247,0.0159895,0.023057,0.0408601,0.0221948,0.0292966,0.0365098,0.0341867,0.17656,0.0264211,2.62815e-21,0.000347816,3.82167e-08,3.44467e-20,0.0691922,3.59467e-27,0.109953,0.551379,1.23004,0.187158,0.0671479,0.0302003,0.0,0.100975,0.289666,0.0515961,0.321866,0.0359376,0.0719467,0.0566385,0.304421,0.0757656,0.00377657
0.0445908,0.194427,0.362857,2.9319,0.0,0.252021,0.08166,0.0113077,0.0779064,0.0423896,1.31407,0.0595459,0.254806,0.287516,0.083258,0.00778946,0.0536008,0.113664,0.006659,0.0595936,0.569082,0.205223,0.000942509,0.183917,1.33108,2.68421,0.534041,0.00108213,0.954111,0.976772,5.12099,0.149165,1.25667,0.197211,0.37988,1.08677,0.141653,0.550473,0.0800885,0.00966696,0.0184128,0.00137901,0.0416168,0.00766234,9.60081e-09,0.0346792,0.00402603,0.000562699,0.0124763,0.00935684,0.0135331,0.130653,0.0487607,0.0527968,0.0367566,0.00597219,0.00830379,0.0609963,0.0295797,0.0189663,0.000578902,0.0,0.00678695,0.0282654,0.0167904,0.00417316,0.00303445,0.056129,0.155781,0.0677124,0.01567,0.10611,0.0234873,0.0136305,0.037986,0.0381731,0.0229891,0.051685,1.66207,0.0307977,0.000628724,0.0478513,0.0189882,0.0247853,0.0396957,0.0214158,0.0310159,0.029904,0.0333282,0.181067,0.0272092,2.62346e-21,0.000159341,1.15699e-06,1.74794e-11,0.0676667,4.23833e-22,0.130011,0.568152,1.10058,0.209266,0.0958799,0.0268477,0.0,0.0988956,0.254406,0.0479866,0.257524,0.0559823,0.066534,0.0613025,0.30022,0.0629127,0.00394031
0.0528455,0.197995,0.383389,3.08357,0.0,0.246378,0.0754702,0.0127123,0.0845656,0.0496252,1.31534,0.082529,0.297368,0.284233,0.0774037,0.00683332,0.0706574,0.144793,0.00690532,0.063042,0.535895,0.175273,0.00137136,0.18786,1.25044,2.46679,0.526985,0.00105375,0.995802,0.946506,5.41501,0.161282,1.1994,0.197939,0.39789,1.05806,0.131965,0.564511,0.139686,0.0168176,0.0290112,0.00828005,0.0379146,0.0106216,3.35943e-08,0.0592027,0.00365366,0.000566072,0.0168179,0.0105836,0.0135699,0.126639,0.0511671,0.0738208,0.0400221,0.0092335,0.00932709,0.0773592,0.0300508,0.0186026,0.000499039,0.0,0.00654188,0.0304095,0.0100008,0.00572407,0.00636871,0.0481028,0.164299,0.0657681,0.0232257,0.114152,0.0265922,0.0155159,0.0465878,0.0377677,0.0399026,0.0547001,1.67371,0.0277572,0.00060345,0.0656612,0.020561,0.0260448,0.0393729,0.0255806,0.0284112,0.0373741,0.0322241,0.196582,0.0209876,1.54363e-21,0.000119352,5.72876e-06,2.7078e-11,0.0840839,1.73964e-22,0.15506,0.524757,0.93287,0.189389,0.127956,0.0296341,0.0,0.108012,0.217234,0.0409176,0.287375,0.0461249,0.0587205,0.0533706,0.25098,0.0635686,0.00386379
0.0578271,0.208084,0.361629,2.96172,0.0,0.237741,0.0814459,0.0107524,0.0809492,0.0507915,1.22511,0.0941801,0.316823,0.258256,0.0843192,0.00609533,0.0744366,0.149989,0.0060072,0.0679885,0.571575,0.197905,0.00174048,0.191679,1.34237,2.34045,0.560641,0.00109414,1.05725,0.969743,5.38855,0.156784,1.20973,0.194472,0.315274,1.03859,0.167308,0.596345,0.14615,0.0161699,0.0339507,0.011154,0.0424168,0.0136145,4.60639e-08,0.0568033,0.00338744,0.00051219,0.0195927,0.0118689,0.0151179,0.151563,0.0527793,0.0837041,0.0376254,0.00965288,0.00964547,0.0722064,0.0336576,0.0197026,0.000531271,0.0,0.00673311,0.0329934,0.00999391,0.00645714,0.00576096,0.0494351,0.16909,0.0729846,0.0212076,0.10897,0.0255845,0.0177701,0.0269889,0.0426781,0.034198,0.0435316,1.64092,0.0277549,0.0005335,0.0621984,0.0178307,0.0319377,0.043971,0.0280605,0.0352079,0.0367633,0.0447798,0.20815,0.0339223,2.56538e-21,0.000157695,1.9295e-06,1.16321e-11,0.077039,0.0,0.117524,0.49881,0.855358,0.217429,0.138482,0.0347354,0.0,0.146843,0.237141,0.0363842,0.263895,0.0343527,0.0556816,0.0506232,0.247706,0.0500105,0.00369871
0.0252336,0.197006,0.396376,3.13355,0.0,0.221591,0.0612531,0.0125675,0.0710087,0.0570348,1.38698,0.0934345,0.286478,0.292093,0.0835605,0.00749625,0.102525,0.150706,0.00654098,0.062369,0.552755,0.171153,0.00228112,0.174488,1.3182,2.27156,0.536137,0.00112104,0.927398,0.986585,5.50887,0.150545,1.18765,0.193363,0.401303,1.07931,0.103063,0.561723,0.150309,0.0187212,0.0354024,0.017044,0.0380765,0.0173604,8.51622e-08,0.0545729,0.00370778,0.000589022,0.016305,0.0111739,0.0139473,0.125548,0.0607938,0.0844657,0.0364274,0.00812361,0.00800526,0.069703,0.0321968,0.0204399,0.000593343,0.0,0.00710714,0.0320329,0.0200504,0.00449707,0.00573304,0.0600381,0.149274,0.0692212,0.0214839,0.102437,0.0245301,0.0144796,0.0296497,0.0432604,0.0329731,0.04862,1.70624,0.0283923,0.000674634,0.0505818,0.0230441,0.0290706,0.0393908,0.0192936,0.0235957,0.0311371,0.0285287,0.162299,0.0133884,7.03155e-21,0.000191062,1.04405e-06,2.49898e-20,0.0732917,7.19503e-22,0.172551,0.520138,0.990765,0.183018,0.0889769,0.0332873,0.0,0.119839,0.214235,0.0415729,0.314976,0.041282,0.0588189,0.0601228,0.320738,0.0694829,0.00362916
0.0529172,0.197874,0.414116,3.07039,0.0,0.228834,0.0797992,0.0152326,0.0919014,0.0519395,1.47459,0.108687,0.331427,0.290503,0.0860676,0.00799986,0.099483,0.167122,0.00666153,0.0631475,0.535686,0.147501,0.00175451,0.173321,1.2655,2.24346,0.55935,0.00113634,0.765531,1.0359,6.07597,0.142711,1.14302,0.191845,0.35737,1.04493,0.0858523,0.553127,0.160595,0.0182859,0.0424735,0.0168278,0.0398136,0.0169021,5.90288e-08,0.0449647,0.00350339,0.000534758,0.0163905,0.0115465,0.0150775,0.14264,0.0448044,0.0734064,0.0371332,0.0066296,0.0087277,0.0575422,0.0330322,0.0250216,0.000486907,0.0,0.0064606,0.0290435,0.015501,0.00348848,0.00424781,0.0432224,0.170543,0.0724873,0.0194217,0.10953,0.0248352,0.0144507,0.0357479,0.0425461,0.028431,0.047144,1.83769,0.026084,0.000643267,0.0527937,0.0212356,0.0285409,0.0399447,0.0213951,0.0211233,0.0319683,0.0321981,0.158316,0.0159546,1.11929e-21,0.000412351,3.50793e-07,1.17746e-11,0.0750047,1.4551e-21,0.181684,0.520902,0.956195,0.182695,0.105426,0.0301928,0.0,0.13168,0.136954,0.0449825,0.321377,0.0899067,0.0618499,0.065267,0.335353,0.0672435,0.00392878
0.0321687,0.174394,0.361262,3.04812,0.0,0.240347,0.0511419,0.0163739,0.0819588,0.0376968,1.41901,0.0867343,0.306718,0.277525,0.0774666,0.0070212,0.0828633,0.142512,0.00650805,0.0594595,0.551085,0.150235,1.55977e-05,0.171782,1.35686,1.97653,0.53473,0.00111229,0.888468,1.02906,6.20807,0.142879,1.25193,0.196654,0.376932,1.04731,0.101403,0.618016,0.150378,0.0191706,0.0396571,0.0158862,0.0466714,0.0156603,2.99616e-08,0.034923,0.00313789,0.000485898,0.0112457,0.00802824,0.010921,0.117066,0.0516879,0.0600625,0.031686,0.00588985,0.0062293,0.0579362,0.0238346,0.0158104,0.000583843,0.0,0.00521392,0.0218966,0.0196715,0.0032514,0.00303451,0.0589345,0.146757,0.0558188,0.0188458,0.103326,0.0243818,0.01432,0.0240777,0.0368243,0.0234108,0.0317811,1.70683,0.0239747,0.000414168,0.0407685,0.0195349,0.0268399,0.0369184,0.0178465,0.0206892,0.0251022,0.0309099,0.153831,0.00846145,9.93766e-22,0.000469483,1.57911e-06,4.93641e-12,0.0734291,1.056e-22,0.155807,0.540182,1.00589,0.17952,0.119649,0.0221688,0.0,0.0805243,0.226654,0.0488975,0.238255,0.00573454,0.0660449,0.0373361,0.330673,0.0710597,0.00373849
0.0203183,0.193102,0.381354,2.9552,0.0,0.244547,0.0753704,0.010591,0.0775645,0.0389424,1.31733,0.0780189,0.29387,0.260758,0.0564432,0.007131,0.0719271,0.119908,0.00610746,0.0577447,0.573601,0.193046,0.0020625,0.18058,1.35978,2.0547,0.450528,0.00110396,1.01348,0.997529,5.19279,0.157818,1.22682,0.214433,0.383956,1.07894,0.102239,0.588611,0.133844,0.0156421,0.0275226,0.0109671,0.0397225,0.00850337,5.59378e-08,0.0453797,0.00460521,0.00022587,0.0191526,0.0105475,0.0148175,0.137285,0.0768636,0.0866835,0.0388397,0.00905101,0.00709216,0.0622424,0.0320481,0.0200545,0.000854374,0.0,0.00780096,0.0307551,0.0210596,0.00460351,0.00348092,0.0741752,0.165628,0.0732664,0.0208798,0.108396,0.0255177,0.0183061,0.0373818,0.0406696,0.0263061,0.0535045,1.65444,0.0302113,0.000681644,0.0556216,0.0146127,0.0266419,0.0367631,0.0201193,0.0239647,0.0314686,0.0293549,0.156991,0.0190651,1.2824e-21,0.000173278,1.51316e-06,2.84799e-20,0.0719265,4.63236e-23,0.170804,0.516811,0.993836,0.174404,0.0901501,0.0202952,0.0,0.0855148,0.161023,0.0389884,0.224425,0.0666325,0.0583524,0.0543004,0.272218,0.0558028,0.00365858
0.0437533,0.181894,0.404904,3.05588,0.0,0.253135,0.0639,0.0142004,0.0731223,0.0385442,1.3631,0.0458393,0.245787,0.273828,0.0668909,0.00748628,0.0414269,0.116122,0.00649157,0.0615892,0.590258,0.184192,0.00167252,0.176312,1.43257,2.27234,0.510038,0.00114964,1.0036,0.940334,4.51159,0.162615,1.24243,0.192909,0.341777,1.05721,0.164239,0.651841,0.166668,0.0156192,0.0360878,0.0103742,0.0403506,0.0124958,5.42098e-08,0.0664989,0.00564855,0.000246854,0.0291263,0.0120614,0.0109471,0.132286,0.0809485,0.114721,0.0418155,0.0147012,0.00878446,0.0880038,0.0308278,0.0272011,0.00116275,0.0,0.00825279,0.0415889,0.0196495,0.00943687,0.0062516,0.0757358,0.165315,0.0884495,0.0290834,0.11132,0.027649,0.018337,0.0450865,0.0490307,0.0384375,0.073324,1.65131,0.0352229,0.000852916,0.0630823,0.0135455,0.0261617,0.0341736,0.0226869,0.0207518,0.0312155,0.0296982,0.16371,0.00953344,1.99563e-21,0.000163201,3.32621e-06,6.29778e-12,0.0718922,5.48947e-22,0.194067,0.489165,0.982976,0.144899,0.133299,0.0258478,0.0,0.0868351,0.231,0.0365855,0.28973,0.067932,0.0511898,0.0665151,0.323433,0.0645605,0.00371355
0.0441571,0.209496,0.373659,3.2361,0.0,0.239062,0.0585378,0.0109538,0.0747064,0.0399276,1.31131,0.06464,0.31338,0.252795,0.0771344,0.00700742,0.0775851,0.147191,0.0058854,0.0679407,0.590722,0.179695,2.53245e-05,0.178988,1.3935,2.53137,0.452199,0.00108955,0.814563,0.975641,5.54365,0.147557,1.22442,0.211859,0.354591,1.0432,0.0849067,0.59585,0.14974,0.0159472,0.026193,0.00428533,0.0443113,0.0081381,2.77926e-08,0.0497059,0.0043259,0.000253828,0.0239178,0.00989036,0.0144596,0.128768,0.0505589,0.0795107,0.0290836,0.0129402,0.00815634,0.0663328,0.0333829,0.0230297,0.000912425,0.0,0.00692527,0.0414122,0.0101228,0.00789442,0.00530278,0.0586718,0.153998,0.0730439,0.0168043,0.103857,0.0240307,0.0156808,0.0363474,0.0546074,0.0348433,0.0698225,1.80915,0.0373332,0.000792702,0.0559335,0.0160245,0.0292638,0.0403196,0.0217199,0.0281825,0.0323893,0.0315951,0.156018,0.0190048,8.08381e-23,0.000131685,2.58686e-06,3.55781e-12,0.0681016,1.1799e-21,0.155007,0.511668,0.975195,0.161792,0.0673635,0.0281088,0.0,0.0951423,0.187026,0.0445198,0.282709,0.0721116,0.0594042,0.0629663,0.408597,0.0770397,0.00393489
0.0643901,0.20416,0.323701,3.1238,0.0,0.250256,0.0710155,0.0153263,0.0860894,0.0253333,1.21707,0.0862931,0.323986,0.228888,0.083283,0.00561328,0.0632566,0.14579,0.00538696,0.0614078,0.504383,0.148438,0.000770975,0.171557,1.33184,2.4604,0.51949,0.00108586,0.765602,1.00394,6.12105,0.151277,1.1783,0.195371,0.345243,1.02828,0.0834279,0.545947,0.158144,0.00651275,0.0151817,0.000679871,0.0353917,0.00376435,6.49741e-09,0.0369407,0.00309491,1.46576e-05,0.01379,0.00893328,0.0107069,0.13224,0.0519343,0.0655211,0.0158624,0.00674194,0.0103204,0.0642221,0.0237161,0.0138409,0.00062435,0.0,0.00570061,0.0214342,0.0156115,0.0042108,0.00364617,0.049923,0.155777,0.0708062,0.02204,0.107211,0.0254813,0.00881969,0.0145249,0.0298275,0.0250541,0.0342342,1.7158,0.0232977,0.000431117,0.0293442,0.0220095,0.0342567,0.0423851,0.0243716,0.0316836,0.0337028,0.0432344,0.116696,0.0125874,5.69274e-22,0.00017549,2.09701e-06,1.28051e-11,0.0796222,2.34863e-22,0.143283,0.505671,0.926472,0.152451,0.0971057,0.0329677,0.0,0.124397,0.185293,0.0332508,0.298463,0.0680084,0.0543116,0.0502832,0.387335,0.0746184,0.00391277
0.0191826,0.223945,0.314147,3.15603,0.0,0.221876,0.0349405,0.0175441,0.0693699,0.0396884,1.16728,0.0972763,0.290706,0.253101,0.0622956,0.00524718,0.0780052,0.153524,0.00610243,0.055562,0.501845,0.181324,0.001432,0.18931,1.35133,2.51405,0.517877,0.00127307,0.925954,1.01432,4.88189,0.163552,1.19874,0.206617,0.303364,1.06556,0.150578,0.603937,0.123196,0.0175452,0.0219166,0.00776745,0.0429113,0.00949872,5.02505e-08,0.0547776,0.00285529,0.000577594,0.0178943,0.00789163,0.00804135,0.117753,0.0612951,0.0814398,0.0284714,0.00851008,0.00550732,0.100445,0.0204896,0.0124511,0.000935585,0.0,0.00464132,0.0172454,0.0144376,0.00441568,0.00502705,0.0464785,0.145102,0.0520235,0.0281496,0.107456,0.0276393,0.0146928,0.032082,0.0272641,0.0372164,0.0508051,1.80216,0.0220069,0.000516153,0.0566178,0.0260569,0.0334795,0.0435788,0.026158,0.0241888,0.0338487,0.0341419,0.16554,0.0212652,1.19838e-21,0.000201725,1.29364e-06,1.43482e-11,0.0680877,0.0,0.14081,0.46687,0.884022,0.192096,0.0818976,0.0210032,0.0,0.092786,0.166731,0.0323692,0.23198,0.0472722,0.0466846,0.0520416,0.300322,0.0559803,0.00392255
0.0560165,0.204717,0.339725,3.12353,0.0,0.238425,0.0549851,0.0100056,0.0745405,0.0428026,1.24264,0.0723634,0.29211,0.279446,0.0780645,0.00674835,0.062868,0.140803,0.00680017,0.060848,0.527632,0.174621,0.001446,0.189107,1.4585,2.53639,0.404799,0.00120759,0.998304,1.01174,5.33627,0.152622,1.20721,0.207149,0.374642,1.04665,0.166898,0.503971,0.0708659,0.0161258,0.0133483,0.00489747,0.04067,0.00653981,1.61424e-08,0.0646845,0.0022465,0.000391181,0.0173441,0.00809077,0.00928274,0.129283,0.0847184,0.0875179,0.0361578,0.00788474,0.00620718,0.128564,0.0211722,0.0140377,0.000727823,0.0,0.0040377,0.0170701,0.0128897,0.00400577,0.00663695,0.0666725,0.158161,0.0590886,0.0340594,0.108973,0.0287945,0.0171957,0.0422454,0.0290946,0.0445518,0.0638181,1.75813,0.0240664,0.000712058,0.0628201,0.0247668,0.0342988,0.043595,0.0245081,0.0274899,0.0340582,0.0469458,0.178937,0.0273917,1.18674e-21,0.000109653,1.64873e-06,2.40356e-11,0.0655973,0.0,0.0876618,0.513571,0.930498,0.192118,0.0893217,0.0221321,0.0,0.0984932,0.157417,0.0502587,0.172071,0.0619049,0.063259,0.0532962,0.323755,0.0673649,0.00354216
0.0471815,0.2066,0.399538,3.05117,0.0,0.235898,0.0711595,0.0132128,0.0477525,0.0422609,1.40625,0.0748113,0.251047,0.306223,0.0695447,0.00791224,0.0453297,0.145002,0.00686025,0.0635632,0.588888,0.196124,0.00209177,0.194076,1.31646,1.99509,0.431044,0.00115907,0.771399,1.04278,5.92667,0.135246,1.12398,0.198892,0.376941,1.04104,0.0500408,0.423461,0.112322,0.00531221,0.0146356,0.000518196,0.0339994,0.00269703,1.91356e-08,0.0610821,0.00271165,0.000631758,0.0135401,0.00740825,0.00726684,0.1136,0.0818849,0.0795496,0.0475751,0.00834835,0.00570711,0.115344,0.0168934,0.0110783,0.000855144,0.0,0.00442073,0.0131422,0.0188416,0.00320122,0.00680155,0.0790283,0.136627,0.0488413,0.0321137,0.10557,0.0261959,0.0177667,0.0467542,0.0232687,0.0448531,0.0634783,1.5542,0.0208468,0.000791831,0.0714217,0.0231752,0.0309061,0.0408742,0.0236903,0.0248108,0.0391682,0.0386694,0.20604,0.0303947,2.85994e-21,6.64708e-05,1.45467e-06,1.15378e-11,0.0690053,7.11875e-23,0.112025,0.482537,0.967845,0.238054,0.059097,0.0228822,0.0,0.0784795,0.184006,0.0565611,0.340039,0.113275,0.0649223,0.0764936,0.352557,0.0739148,0.00398929
0.0721152,0.213199,0.380989,3.11634,0.0,0.266219,0.0682175,0.00547349,0.0683341,0.0458793,1.39931,0.0998052,0.335766,0.297454,0.075197,0.00700849,0.0755364,0.163273,0.00701598,0.067306,0.6005,0.195023,0.00192465,0.182322,1.35285,1.80294,0.484707,0.00119356,0.831817,1.00561,5.64932,0.148084,1.21383,0.211837,0.38182,1.04824,0.0882872,0.559137,0.144705,0.00743075,0.0228104,0.000984868,0.0406493,0.00750885,1.27112e-08,0.0532037,0.00264271,0.00025662,0.0141387,0.00854213,0.00956749,0.110223,0.0628769,0.0716896,0.0201027,0.00539251,0.00868144,0.0737881,0.0237612,0.0145497,0.000650077,0.0,0.00483288,0.0172195,0.0165517,0.0028342,0.00470931,0.0678017,0.146927,0.0602836,0.024699,0.105994,0.0258902,0.012202,0.0243219,0.0296376,0.0277813,0.0466182,1.60623,0.023423,0.000594211,0.04215,0.0256343,0.0296777,0.0376626,0.0216201,0.0230529,0.0317823,0.029641,0.169708,0.0189922,1.92439e-21,2.94702e-05,3.50276e-06,3.66932e-12,0.0712435,3.39974e-22,0.145558,0.400108,0.733405,0.137989,0.125352,0.0340057,0.0,0.13571,0.204142,0.023858,0.243455,0.0562163,0.0392564,0.0427468,0.327918,0.0465574,0.00407541
0.032339,0.207828,0.392626,3.0287,0.0,0.237265,0.0729131,0.00552504,0.0709083,0.0350366,1.38191,0.096836,0.271114,0.274872,0.0591053,0.00765034,0.0648358,0.150559,0.00576071,0.0619863,0.554574,0.202219,0.00199883,0.182775,1.34022,1.82947,0.504516,0.00123461,1.075,0.983871,4.93963,0.16482,1.19733,0.195396,0.3854,1.03986,0.156797,0.59337,0.103244,0.0125551,0.0239102,0.00807454,0.0353822,0.0101065,7.63067e-08,0.0657066,0.00352856,0.000575686,0.0281407,0.00920102,0.0102689,0.123009,0.0640558,0.0929481,0.0300778,0.00993631,0.0083312,0.0865504,0.0276834,0.0202484,0.000892188,0.0,0.00564395,0.0346623,0.0248486,0.00622615,0.00651662,0.083089,0.159418,0.0589902,0.0224587,0.105339,0.0253686,0.0150618,0.0286536,0.0408827,0.0367272,0.065964,1.81928,0.0347444,0.000935493,0.0493337,0.0126245,0.026858,0.0398851,0.0257624,0.0248993,0.0375285,0.0335927,0.191033,0.0180001,7.16997e-22,0.000312178,2.11431e-06,4.56707e-12,0.0656399,6.37009e-22,0.179633,0.433716,0.967399,0.169339,0.0958093,0.0319688,0.0,0.101047,0.249198,0.0374484,0.246871,0.0255535,0.0564229,0.0372206,0.283619,0.0610904,0.00414093
0.0391707,0.175269,0.323947,3.09042,0.0,0.242095,0.0483395,0.0115166,0.0710998,0.0288942,1.32283,0.0614714,0.267118,0.278112,0.0686801,0.00757792,0.0597718,0.125292,0.00638144,0.0595669,0.512546,0.193455,0.00261915,0.179387,1.37673,2.41411,0.51923,0.00125593,1.03465,0.936949,4.70147,0.163768,1.17247,0.203798,0.283541,1.02103,0.152662,0.532086,0.112891,0.0147424,0.0268259,0.00965493,0.0374195,0.00994986,2.46165e-08,0.0477682,0.00333144,0.00049567,0.0236415,0.011342,0.0113825,0.135165,0.0544986,0.0820546,0.0217077,0.00881064,0.0074315,0.0595865,0.0295835,0.0180703,0.000846065,0.0,0.00590048,0.0398828,0.0253528,0.00599862,0.0045208,0.0787467,0.16995,0.0684765,0.0164557,0.109784,0.0260549,0.0131893,0.0172687,0.0409307,0.0294655,0.0421851,1.73443,0.0265418,0.000516815,0.0437308,0.0189936,0.030532,0.0395425,0.0183396,0.0166374,0.0255606,0.0336277,0.136212,0.0118715,5.12084e-22,0.000359675,1.63602e-06,6.90407e-13,0.0643888,2.42054e-22,0.125921,0.44616,0.945203,0.171677,0.0981977,0.0248524,0.0,0.0913413,0.158421,0.0394128,0.214251,0.0296613,0.0536544,0.0351172,0.26765,0.0473666,0.003941
0.0304876,0.187836,0.335285,3.17198,0.0,0.25861,0.0769426,0.00713024,0.0755816,0.0288855,1.2603,0.0818541,0.306056,0.278895,0.0630301,0.00674003,0.0653132,0.130344,0.00650525,0.0517505,0.541826,0.196589,0.00201304,0.16824,1.38565,2.33222,0.477282,0.00122134,1.01107,0.940513,4.54445,0.157023,1.15359,0.199846,0.257481,1.0304,0.170121,0.512388,0.0786528,0.0127519,0.0138436,0.00364971,0.0381053,0.00528476,1.36613e-08,0.0442992,0.00257721,0.000586874,0.0124227,0.00854793,0.0106484,0.136076,0.0360173,0.0513333,0.0272298,0.00859041,0.00777889,0.0508502,0.0242579,0.0151677,0.000502765,0.0,0.00493787,0.0261703,0.012963,0.00501477,0.00479068,0.0580805,0.154957,0.0617274,0.0157594,0.105787,0.0245821,0.0124033,0.0260564,0.0365503,0.0302795,0.0398555,1.68759,0.0230578,0.000286814,0.0438573,0.0198643,0.032773,0.0392044,0.0245604,0.0200231,0.0266771,0.0352619,0.144336,0.0180714,8.36137e-22,5.60239e-05,2.53887e-06,7.11678e-12,0.0668579,1.12707e-22,0.151007,0.476704,0.982402,0.141303,0.0813949,0.0148621,0.0,0.0440491,0.13932,0.0401684,0.192983,0.0421759,0.0495013,0.0444087,0.324935,0.0605444,0.00327694
0.0391375,0.217373,0.37367,3.15842,0.0,0.255643,0.0874699,0.0125287,0.0865453,0.0389974,1.31354,0.0807284,0.265026,0.27621,0.0725877,0.00748886,0.0717533,0.142738,0.00582513,0.0607994,0.541595,0.181714,0.00214914,0.173515,1.39319,2.21408,0.419061,0.00123926,0.925302,0.961395,5.38134,0.168585,1.11048,0.198036,0.28516,1.03208,0.142672,0.491186,0.103058,0.00812095,0.0183828,0.00114832,0.0368239,0.00446893,2.622e-08,0.0320755,0.00185769,0.00061325,0.0114903,0.0073727,0.00982664,0.128378,0.0302478,0.0403966,0.0266037,0.00549834,0.00732356,0.0396039,0.0205071,0.0120411,0.000404484,0.0,0.004085,0.0217413,0.0143214,0.00404225,0.00276695,0.050058,0.146203,0.0590424,0.0106591,0.104656,0.0245031,0.0118246,0.0216607,0.0316257,0.0194824,0.0330922,1.66865,0.0221984,0.000311367,0.0360168,0.021002,0.0283916,0.0379418,0.0237552,0.0245447,0.028955,0.0344585,0.172528,0.0199425,7.69767e-22,9.31517e-05,1.14935e-06,1.31392e-11,0.0599237,3.79729e-23,0.113226,0.490071,1.06238,0.164148,0.0490723,0.0232596,0.0,0.0747917,0.199113,0.0467251,0.228088,0.0184035,0.0668079,0.044882,0.247087,0.0603122,0.00387502
0.0686037,0.187283,0.377324,3.19503,0.0,0.247956,0.0697574,0.012061,0.0800483,0.0646772,1.38975,0.132255,0.349823,0.283238,0.0784991,0.00681989,0.122621,0.195444,0.0066439,0.070332,0.556418,0.145791,0.000912755,0.179758,1.27835,2.40701,0.53652,0.0012414,0.982446,1.01766,5.75766,0.15275,1.16805,0.19411,0.374546,1.02498,0.147635,0.479729,0.103785,0.0117962,0.0232014,0.00132421,0.0371216,0.00515319,1.69273e-08,0.0415046,0.0024219,0.000662524,0.0133597,0.00750538,0.00984537,0.123041,0.0436525,0.0516862,0.0164995,0.00849236,0.00794646,0.0658623,0.0216757,0.0134651,0.00044363,0.0,0.00559913,0.0215182,0.0195391,0.00459498,0.00511415,0.0550961,0.146392,0.0626752,0.014581,0.102147,0.0243473,0.0125969,0.0196346,0.034688,0.0349495,0.0450036,1.7979,0.0247485,0.00052354,0.0366245,0.0212229,0.0284115,0.0405888,0.0164012,0.0231284,0.0249072,0.032657,0.151981,0.0218842,3.48963e-22,0.00017286,5.6873e-07,2.86698e-13,0.064213,0.0,0.109208,0.439417,0.838728,0.163227,0.109531,0.0188413,0.0,0.0662497,0.186089,0.0421439,0.201883,0.043059,0.0526038,0.0592817,0.325172,0.0788106,0.00401418
0.050901,0.185127,0.33664,3.27881,0.0,0.266532,0.0926194,0.00804025,0.0797855,0.0388656,1.11494,0.0807821,0.284673,0.220158,0.083996,0.00439592,0.0530732,0.142154,0.00505291,0.0616478,0.586419,0.183199,0.00134285,0.17919,1.3351,2.02235,0.568494,0.00127288,0.901431,1.00713,5.27366,0.158447,1.15373,0.193215,0.378734,1.03292,0.146638,0.478898,0.0858026,0.0128603,0.0217727,0.00143047,0.0383804,0.00758869,7.82932e-10,0.045754,0.00256572,0.000491607,0.0162865,0.00890878,0.00814574,0.126385,0.0462559,0.0556758,0.0262905,0.00891964,0.0100376,0.0641436,0.0192318,0.0117243,0.000535033,0.0,0.00504966,0.0200982,0.00903312,0.00548896,0.00501604,0.0490739,0.151459,0.069453,0.0174424,0.110704,0.02568,0.0125408,0.0248073,0.0261403,0.0322464,0.0367189,1.75394,0.0175606,0.00029465,0.0430617,0.0136544,0.02403,0.0366753,0.0258593,0.0259519,0.0332238,0.0424987,0.166444,0.0284879,1.95076e-22,2.40917e-05,1.00971e-06,1.70351e-11,0.0708938,0.0,0.0901373,0.535495,0.96007,0.178312,0.0937479,0.0349317,0.0,0.134445,0.207695,0.0423876,0.253504,0.0464972,0.055194,0.0510104,0.306196,0.0656004,0.004165
0.0217633,0.184851,0.35088,3.16333,0.0,0.253278,0.0835336,0.00410318,0.081357,0.0559485,1.1296,0.0957302,0.300616,0.2338,0.0724573,0.00440947,0.0696296,0.165797,0.0051489,0.0632186,0.600299,0.194702,0.00167842,0.189361,1.41923,2.18975,0.333944,0.00139522,1.1006,0.959619,4.44771,0.150964,1.1948,0.208396,0.344372,1.05328,0.194533,0.515036,0.0805567,0.0121082,0.0183905,0.0028533,0.0330409,0.00571851,1.86559e-08,0.0615399,0.00341499,0.000301915,0.0231499,0.0110881,0.00880911,0.12687,0.0714138,0.0874594,0.0273191,0.0117056,0.00986669,0.0790891,0.0195852,0.0144777,0.000839778,0.0,0.00644966,0.0338149,0.0224308,0.00880857,0.00598709,0.0665914,0.159758,0.077543,0.0257105,0.109848,0.0283731,0.0142232,0.0278134,0.0314842,0.0354887,0.0563373,1.71146,0.0307699,0.000456468,0.0444923,0.0122025,0.0254642,0.0326062,0.0266251,0.0185989,0.0341591,0.0311489,0.161843,0.0206925,1.33971e-21,3.67955e-05,2.63335e-21,4.98269e-12,0.0679926,9.47925e-24,0.0994485,0.503368,0.973501,0.219393,0.0893885,0.0260353,0.0,0.103935,0.236502,0.0513828,0.262651,0.0415314,0.0651199,0.0418081,0.319052,0.0569158,0.00345333
0.0580504,0.180472,0.390678,3.0353,0.0,0.243716,0.0772285,0.0128316,0.0705438,0.0465691,1.21005,0.0740728,0.287601,0.21992,0.0700581,0.0038836,0.0788595,0.13161,0.00501948,0.0601878,0.552846,0.134089,0.00204012,0.173233,1.42566,2.41366,0.431248,0.0013574,1.04757,0.959744,5.23914,0.156516,1.14192,0.186763,0.325208,1.04494,0.115408,0.482744,0.0649387,0.00386173,0.0168641,2.69258e-05,0.0380604,0.00314597,2.13199e-21,0.0654454,0.00373565,0.000354272,0.0308768,0.0113577,0.00898102,0.111999,0.0731971,0.0888666,0.0366273,0.0171469,0.00610045,0.0924667,0.0248008,0.0232721,0.000755573,0.0,0.00646018,0.057117,0.0185775,0.0121946,0.00677689,0.0647494,0.157935,0.0681519,0.026942,0.103786,0.0282389,0.0169882,0.0386235,0.0475604,0.0411189,0.080105,1.71544,0.0488546,0.000870082,0.063576,0.0162396,0.0197285,0.0340503,0.0250316,0.0284562,0.036756,0.0240621,0.177159,0.0170414,4.21396e-22,0.000132612,8.09024e-07,3.27515e-20,0.0735183,3.14966e-23,0.136567,0.439086,0.92824,0.177713,0.102302,0.0376028,0.0,0.144588,0.196057,0.045657,0.306744,0.0545403,0.0510712,0.0429607,0.275536,0.0483495,0.00357386
0.0580554,0.223665,0.3629,3.15134,0.0,0.242992,0.0674225,0.0155284,0.0508621,0.0454401,1.18937,0.0779243,0.292553,0.230796,0.0603923,0.00639597,0.0687769,0.142806,0.00533136,0.0645134,0.558668,0.126526,3.42796e-05,0.183768,1.37975,2.59133,0.445299,0.00136641,0.922408,0.977908,4.94278,0.160587,1.12994,0.201934,0.363827,1.02977,0.127216,0.460892,0.0539078,0.0114368,0.019909,0.00182866,0.0371715,0.00609537,3.86797e-09,0.0480371,0.00298796,0.00047751,0.0188444,0.00843288,0.00807548,0.114296,0.079183,0.0820557,0.0418924,0.00855415,0.00768894,0.102172,0.020384,0.0152702,0.000802667,0.0,0.00501941,0.0311453,0.00739056,0.00592095,0.00453636,0.0537841,0.155406,0.0676194,0.0277405,0.110419,0.0276654,0.0175332,0.0480557,0.0315811,0.0318125,0.0617726,1.61083,0.0285713,0.000816227,0.0620775,0.0137218,0.0245651,0.0345677,0.0303907,0.0285495,0.0399907,0.0348943,0.187978,0.0165366,3.21568e-21,7.40088e-05,1.00396e-06,1.74483e-11,0.0688236,6.86129e-24,0.094639,0.44819,0.82507,0.167732,0.0663458,0.0131393,0.0,0.0472964,0.141778,0.0347831,0.186588,0.0197639,0.049559,0.0495727,0.289337,0.0676,0.00384931
0.0563077,0.219639,0.382792,3.08205,0.0,0.26149,0.0676565,0.00577004,0.0628564,0.0408805,1.35336,0.0541501,0.296097,0.27842,0.0726639,0.00752113,0.0566408,0.129524,0.00631854,0.0629314,0.542505,0.15083,3.44793e-05,0.17003,1.42632,2.27649,0.440236,0.00140914,0.896108,1.01859,5.341,0.150223,1.10425,0.186974,0.311329,1.03817,0.0909156,0.443945,0.100908,0.0123362,0.0128922,0.00359925,0.0343552,0.0041206,1.34722e-08,0.0508957,0.00338092,0.000493887,0.0156446,0.0093476,0.00900555,0.130617,0.0669416,0.0735047,0.0367452,0.00741015,0.00963156,0.0787128,0.0209569,0.0150587,0.000812247,0.0,0.00545987,0.027442,0.01948,0.00453208,0.00432837,0.0606585,0.158111,0.0782401,0.0225635,0.106651,0.0266627,0.0138479,0.0385577,0.0268971,0.0271563,0.0574235,1.7092,0.0243261,0.000623351,0.0494792,0.0129651,0.0233851,0.0373781,0.0252825,0.0267196,0.0326573,0.0292597,0.185888,0.0139134,1.06782e-21,0.000322316,5.13064e-07,7.36423e-12,0.0584972,3.48792e-23,0.139534,0.413849,0.886829,0.138427,0.113109,0.0343523,0.0,0.136658,0.181712,0.0316337,0.28866,0.0799044,0.0498778,0.0624504,0.322331,0.0792495,0.00364012
0.047717,0.196972,0.373126,3.02613,0.0,0.266596,0.0809142,0.0113799,0.0824548,0.045911,1.22825,0.0771309,0.261027,0.254249,0.0820462,0.00570018,0.0642801,0.130983,0.00636435,0.0616734,0.526931,0.154783,4.84246e-05,0.169838,1.33151,2.34135,0.437905,0.00128705,0.936364,0.97411,5.01552,0.158085,1.15835,0.193596,0.339294,1.04198,0.127017,0.469842,0.0891564,0.0135077,0.0249257,0.00294346,0.0377949,0.00575794,1.6247e-08,0.0445509,0.0036729,0.000513158,0.0174688,0.00862008,0.0132169,0.140468,0.0421248,0.0727564,0.0242953,0.00602003,0.00812634,0.0574357,0.0318077,0.0228859,0.000712223,0.0,0.00687741,0.0318378,0.00867607,0.00426405,0.00371104,0.031899,0.155217,0.0710355,0.0168554,0.104268,0.0264757,0.00946749,0.024473,0.037289,0.0239954,0.0289303,1.83727,0.0240862,0.000318396,0.0335671,0.0124901,0.0214006,0.0341583,0.0124544,0.0163615,0.023432,0.0182718,0.147561,0.0149074,1.75499e-21,2.65777e-05,1.56708e-07,4.89596e-12,0.0590371,7.90331e-23,0.141327,0.422743,0.911312,0.143386,0.107806,0.0296362,0.0,0.116008,0.19487,0.0338684,0.258375,0.0639213,0.0486846,0.0612367,0.33029,0.0842518,0.0039367
0.0335108,0.182716,0.375188,3.1717,0.0,0.264728,0.0756031,0.00954938,0.0811894,0.045071,1.24808,0.109423,0.31427,0.263056,0.0716856,0.00645812,0.0978271,0.149318,0.0063367,0.0567489,0.524001,0.160317,0.000909262,0.175276,1.36011,2.46985,0.345652,0.00135281,0.957956,0.981245,5.18847,0.155349,1.13474,0.203174,0.369015,0.993959,0.117351,0.432254,0.0754871,0.0119886,0.0123727,0.00118497,0.0389269,0.00467646,3.43357e-09,0.0555644,0.00288875,0.000531738,0.0145687,0.00935093,0.0112192,0.137989,0.0515196,0.0746888,0.0347033,0.00424527,0.00973012,0.0807376,0.0244984,0.0146147,0.000644987,0.0,0.00610628,0.0213565,0.0165238,0.00275775,0.00579004,0.0488374,0.159803,0.085276,0.0216906,0.111768,0.0280057,0.0121199,0.0290296,0.0253901,0.0333107,0.0237365,1.72872,0.0171334,0.000270292,0.0417257,0.0240511,0.027572,0.0403232,0.0198605,0.0245196,0.0301928,0.0310743,0.172134,0.0242542,2.41968e-22,9.81912e-05,1.33384e-06,8.85443e-12,0.0622759,9.52293e-23,0.0750711,0.498085,0.956541,0.175977,0.0782899,0.0146847,0.0,0.0453761,0.218516,0.0506461,0.227111,0.0131714,0.0647848,0.048596,0.31785,0.0590483,0.00352287
0.0387961,0.181715,0.407325,3.10864,0.0,0.250498,0.0538252,0.0113376,0.0817498,0.0517108,1.38404,0.0959985,0.306143,0.267253,0.0649362,0.0073802,0.100687,0.145075,0.00554574,0.0676055,0.606778,0.172986,0.000531945,0.184192,1.44734,2.17777,0.507503,0.00142028,0.872878,1.00301,5.37046,0.152185,1.11617,0.193432,0.377679,1.03722,0.078466,0.453742,0.110213,0.0120273,0.0163388,0.00140847,0.0372022,0.00536844,4.61076e-09,0.0474212,0.00354389,0.00060447,0.0194732,0.0113362,0.0104062,0.139744,0.0585365,0.0861941,0.040447,0.00494784,0.0103495,0.0645603,0.0256152,0.0168347,0.000824515,0.0,0.00626321,0.0252614,0.00697756,0.00285753,0.00407376,0.0496781,0.171613,0.0866439,0.0201639,0.114569,0.0282352,0.0140355,0.0372982,0.0256208,0.0269815,0.0387149,1.63699,0.0162528,0.000398113,0.0462867,0.0265533,0.0270527,0.0367086,0.0208648,0.0266709,0.0335304,0.0243884,0.167324,0.0117404,6.03118e-22,4.25714e-06,1.51308e-06,1.46921e-12,0.0642003,8.01235e-23,0.128611,0.40943,0.700967,0.143815,0.102818,0.0220172,0.0,0.0622338,0.196877,0.0361282,0.252145,0.0261897,0.0514609,0.0424029,0.361792,0.0751897,0.00346672
0.0685458,0.181865,0.344221,3.12084,0.0,0.241729,0.0519889,0.0133649,0.0674982,0.0488996,1.30818,0.0960284,0.33272,0.291475,0.0887332,0.00735637,0.107375,0.142211,0.00663952,0.0647631,0.535902,0.151696,0.00207282,0.165724,1.40523,1.54841,0.542007,0.00140572,0.819503,1.02162,5.68681,0.146476,1.19544,0.188981,0.34645,1.03187,0.0754909,0.549272,0.136728,0.0124141,0.0299454,0.00549649,0.0417635,0.00989519,2.03696e-08,0.0675847,0.00405097,0.00059816,0.0255085,0.0112546,0.0133632,0.149267,0.0829904,0.0961187,0.0433794,0.0103287,0.00801791,0.096132,0.0295026,0.019208,0.000851901,0.0,0.00721742,0.0337721,0.0126661,0.00643333,0.00708561,0.0618628,0.176578,0.0760219,0.0278606,0.112669,0.0289756,0.0168553,0.0531063,0.0274772,0.0432047,0.0789436,1.60563,0.0239784,0.000803449,0.0638255,0.0162576,0.0282444,0.0355753,0.0238244,0.0210239,0.0357887,0.0221147,0.202941,0.0162223,1.35456e-23,8.45548e-06,1.63336e-06,7.82172e-12,0.0730636,4.84846e-23,0.174285,0.375978,0.754593,0.138205,0.102987,0.0284905,0.0,0.0959679,0.179382,0.0300217,0.257319,0.0281057,0.0402593,0.0299178,0.358341,0.0696113,0.00363886
0.0621918,0.183084,0.316409,2.94675,0.0,0.243395,0.079201,0.0127917,0.078475,0.0320483,1.06843,0.0675585,0.271007,0.253349,0.0564821,0.00551411,0.070272,0.110538,0.00620569,0.0575275,0.558096,0.182511,0.00239787,0.184248,1.46149,2.12092,0.451174,0.00143711,0.853539,0.986611,5.15065,0.159594,1.14678,0.20246,0.36013,1.00496,0.105149,0.538486,0.0987043,0.0151487,0.0239531,0.0102652,0.0393481,0.0103703,3.07428e-08,0.0658353,0.00332963,0.000700876,0.0255734,0.00957089,0.0105631,0.140965,0.058281,0.0826649,0.0370151,0.00809307,0.00729927,0.0924313,0.024861,0.016253,0.000654728,0.0,0.0056403,0.0298102,0.00926098,0.00544508,0.00585439,0.042813,0.173553,0.0725747,0.0293824,0.113208,0.0285253,0.0149291,0.0307397,0.0245339,0.0363252,0.0374014,1.50796,0.0182587,0.000317177,0.0542038,0.0185669,0.0242946,0.0365416,0.0241363,0.0229802,0.0313063,0.0365266,0.19864,0.0251881,1.71383e-21,0.000124441,2.72626e-06,1.79693e-11,0.0745236,5.17359e-23,0.146161,0.507978,0.990599,0.140022,0.0767843,0.0273655,0.0,0.074449,0.196763,0.0391893,0.287095,0.0583837,0.0519341,0.0512872,0.331311,0.066211,0.00378934
0.0470615,0.227223,0.348963,3.10678,0.0,0.252174,0.0710912,0.0138145,0.0867433,0.0361635,1.24309,0.0767623,0.283729,0.248567,0.0686269,0.00715727,0.058707,0.134482,0.00570011,0.065929,0.607666,0.199853,0.000620359,0.195257,1.41981,2.27261,0.455002,0.00146408,0.808701,1.00838,5.00546,0.150227,1.14139,0.197953,0.382158,1.00636,0.0679632,0.540371,0.13864,0.0152491,0.0291118,0.0108687,0.0357806,0.0123486,1.41101e-08,0.043678,0.00298729,0.000578184,0.0170354,0.00764715,0.0097906,0.133328,0.0626745,0.0652389,0.0254165,0.00781428,0.00761807,0.0694654,0.0207525,0.0133548,0.000623762,0.0,0.00567701,0.0232504,0.0105508,0.00571528,0.0044687,0.0628098,0.159047,0.0749397,0.0195056,0.112229,0.027375,0.0122871,0.0218719,0.02646,0.0299138,0.0368112,1.81837,0.0225417,0.000312075,0.041591,0.0216653,0.0275707,0.040106,0.0218899,0.0341822,0.026773,0.0492191,0.16095,0.024666,1.23012e-21,8.81065e-05,1.01651e-06,8.33576e-12,0.0725339,9.28472e-23,0.150144,0.459297,0.82235,0.13415,0.0773922,0.0280609,0.0,0.100673,0.168383,0.03364,0.278171,0.0874635,0.0514901,0.0671377,0.293668,0.0650119,0.00351993
0.0624053,0.176019,0.31172,3.05458,0.0,0.24327,0.0353883,0.0108335,0.0623583,0.055141,1.12822,0.080974,0.250802,0.28365,0.0802089,0.00610299,0.0815733,0.148546,0.00647394,0.055596,0.534382,0.196069,0.00132015,0.170644,1.40173,2.41248,0.500869,0.00139634,0.921487,0.971166,4.64272,0.152983,1.14888,0.190682,0.367046,1.03043,0.151351,0.546413,0.120259,0.0134334,0.0230348,0.00907762,0.0346577,0.00859614,2.24958e-08,0.028109,0.0025384,0.000482518,0.0131279,0.00723526,0.0104001,0.134984,0.0425512,0.0463559,0.0288021,0.00581771,0.00618373,0.0459413,0.0207737,0.0118646,0.000533721,0.0,0.00491749,0.0194165,0.00561485,0.0042505,0.00255966,0.0439581,0.153848,0.0596716,0.0109507,0.110489,0.0244314,0.013156,0.0191292,0.0240577,0.0223017,0.024363,1.7448,0.0177442,0.000282171,0.0327542,0.0201578,0.0291943,0.0392935,0.0222817,0.025942,0.0295026,0.0427712,0.139857,0.0208594,8.32456e-22,6.08334e-05,2.70458e-06,1.19958e-11,0.0679308,6.47326e-23,0.108107,0.450749,0.856005,0.150901,0.100345,0.0286385,0.0,0.0985447,0.147841,0.041166,0.220856,0.0603605,0.0520174,0.0475209,0.30849,0.0594368,0.0038567
0.0189591,0.175954,0.354838,3.1535,0.0,0.241758,0.0414569,0.00957375,0.072041,0.0349959,1.03338,0.0661003,0.301931,0.240988,0.0800609,0.00439904,0.057929,0.125143,0.00621331,0.0625308,0.578913,0.197263,0.00148431,0.179146,1.43011,1.99787,0.527022,0.00155108,0.933738,0.924403,3.95164,0.149868,1.15906,0.206659,0.344277,1.04258,0.162208,0.497398,0.072489,0.0164432,0.0260517,0.00976577,0.0377516,0.00900781,5.91e-09,0.0475159,0.00259387,0.000432813,0.0182277,0.00974235,0.0151098,0.146496,0.0532644,0.0692301,0.0294582,0.00633204,0.00790344,0.0740178,0.0358589,0.0217085,0.000599411,0.0,0.0044243,0.0253165,0.0206069,0.00388797,0.00450027,0.0550055,0.169089,0.0799598,0.020274,0.11071,0.0274852,0.0130378,0.0205418,0.038076,0.0288683,0.0317898,1.63958,0.0182494,0.000374474,0.0377007,0.0252094,0.0396372,0.0427954,0.0257245,0.0335743,0.0286212,0.053796,0.137119,0.0150899,1.30402e-22,0.000155932,2.47103e-06,2.04251e-11,0.0713597,4.03411e-23,0.106594,0.515353,0.949602,0.199492,0.0820566,0.0103973,0.0,0.0438193,0.170337,0.0473653,0.187341,0.0360206,0.0563383,0.0517344,0.373592,0.074778,0.00378595
0.0521796,0.188336,0.307691,3.19022,0.0,0.247254,0.0409368,0.0133396,0.0835614,0.0193087,1.12569,0.0460205,0.233497,0.252916,0.0942264,0.00509063,0.026589,0.109234,0.00621343,0.053737,0.509543,0.188741,0.00108304,0.166662,1.45286,2.71391,0.439327,0.00156594,0.995432,0.911105,4.50206,0.153949,1.14042,0.194404,0.352278,1.02644,0.173675,0.460223,0.0810577,0.00924213,0.0201699,0.00206817,0.036429,0.00751524,1.76348e-20,0.0375737,0.00345714,0.000531087,0.0175272,0.00924806,0.0127175,0.135532,0.070146,0.0710286,0.0425989,0.00635578,0.0082296,0.0702581,0.0305358,0.0192516,0.000842573,0.0,0.0062096,0.0305906,0.0202643,0.00400356,0.00389965,0.069756,0.158619,0.0705813,0.0192645,0.11052,0.0282935,0.0153296,0.0343121,0.0369454,0.0261365,0.0356425,1.86264,0.0197932,0.000390664,0.0517313,0.0286347,0.0419031,0.0412319,0.0314528,0.0499185,0.0380953,0.0584957,0.199294,0.0224111,9.68999e-22,8.21945e-05,7.84701e-07,2.33756e-12,0.0701457,0.0,0.116954,0.459725,0.944898,0.204401,0.0987579,0.0268689,0.0,0.0916947,0.194234,0.0450424,0.310316,0.0838317,0.0544413,0.0544352,0.298913,0.063482,0.00392966
0.0440067,0.195765,0.276411,3.36546,0.0,0.240767,0.0540224,0.0129856,0.0815413,0.0248387,1.12932,0.0579999,0.2501,0.251857,0.0734914,0.00562026,0.0451764,0.131392,0.00602821,0.0669681,0.601517,0.186563,0.00218861,0.18816,1.44368,2.3594,0.345521,0.00166445,0.961624,0.973406,4.81916,0.155022,1.10244,0.193384,0.346459,0.990872,0.121099,0.443048,0.10566,0.0096272,0.0142198,0.00273424,0.031832,0.00533073,1.29126e-08,0.0279706,0.00291573,0.00034961,0.0143399,0.00832714,0.00801622,0.128297,0.0630517,0.0776805,0.0180293,0.00484545,0.0132272,0.0467714,0.0184274,0.0120964,0.000982265,0.0,0.00507106,0.02123,0.0192539,0.00354159,0.00229476,0.0465104,0.157803,0.08711,0.0179079,0.113711,0.0276697,0.00924179,0.0133172,0.0233376,0.0167609,0.0290962,1.82696,0.0187542,0.000329255,0.0264476,0.032165,0.0272152,0.0363204,0.0218198,0.0346456,0.0293986,0.0375906,0.128683,0.0112301,4.28371e-22,7.3556e-06,1.9859e-06,6.43898e-20,0.0690795,0.0,0.105567,0.424442,0.70891,0.176906,0.106963,0.0196707,0.0,0.0916874,0.169006,0.0343325,0.162576,0.0213671,0.0416467,0.0290117,0.216896,0.0282822,0.00386823
0.0413733,0.196244,0.332821,3.45738,0.0,0.262495,0.0575124,0.00721346,0.0866438,0.0560956,1.12025,0.103345,0.285293,0.253492,0.0945966,0.00552526,0.088371,0.142969,0.00603061,0.0601509,0.556326,0.211277,0.00158114,0.18101,1.52218,2.47455,0.301624,0.00162919,0.875064,0.95982,4.95391,0.146282,1.1281,0.18908,0.346512,1.00571,0.121963,0.494987,0.0756331,0.0123778,0.0193199,0.00432492,0.0373375,0.00594199,5.10438e-09,0.0470939,0.00183356,0.000547078,0.0159912,0.00722655,0.0113437,0.139426,0.0554913,0.0734812,0.029824,0.00604764,0.00971737,0.0701786,0.0236172,0.0143697,0.000721024,0.0,0.00366209,0.0221631,0.00288134,0.00356054,0.00382321,0.0278285,0.164898,0.0646368,0.0237652,0.11606,0.0301216,0.0112885,0.0196448,0.0269194,0.0267217,0.0282141,1.84433,0.0193493,0.000275106,0.040862,0.030069,0.0286227,0.0399379,0.0251519,0.0322008,0.0315915,0.0516622,0.18167,0.0318297,1.91974e-21,9.09478e-06,1.59062e-06,1.27318e-13,0.0742058,4.38883e-23,0.119633,0.542422,0.986456,0.19549,0.0791445,0.0267622,0.0,0.102374,0.207952,0.0411309,0.238428,0.0438041,0.0523984,0.0482615,0.253781,0.0590958,0.00373351
0.0440234,0.1866,0.350671,3.32917,0.0,0.234669,0.0691298,0.0117657,0.0891812,0.0364543,1.16801,0.0629414,0.275972,0.244405,0.0792915,0.00548191,0.0584279,0.117915,0.00622055,0.0547787,0.549123,0.202024,0.000864039,0.172131,1.49507,2.10623,0.415164,0.00160146,1.00555,0.992725,4.97625,0.15504,1.11455,0.19112,0.320416,1.02502,0.145939,0.448384,0.0697885,0.0154322,0.0164274,0.00756028,0.0381827,0.00534318,1.7397e-09,0.0542104,0.00222456,0.000572092,0.0135657,0.00764582,0.0102128,0.128884,0.0680359,0.0796818,0.0345985,0.00462306,0.0114441,0.0751805,0.0207102,0.0111899,0.00111019,0.0,0.0042818,0.0165614,0.0149427,0.00233849,0.00468383,0.0584912,0.157156,0.0759641,0.0277015,0.116237,0.0296614,0.0134813,0.0213878,0.0231601,0.025803,0.0221168,1.85911,0.0142075,0.000218763,0.0365408,0.0328891,0.0311493,0.0364781,0.0165682,0.020964,0.0236682,0.032426,0.162497,0.0191635,1.00695e-21,0.000145311,1.48033e-06,2.46293e-12,0.0658914,3.79659e-23,0.135871,0.482124,1.00673,0.151592,0.0778096,0.0169377,0.0,0.063166,0.211433,0.0410797,0.178462,0.012221,0.0541815,0.038043,0.247697,0.0397284,0.00378329
0.0347632,0.203347,0.320668,3.10377,0.0,0.257111,0.040726,0.0116209,0.0955378,0.0371166,1.2143,0.0715139,0.250513,0.267024,0.06122,0.00677891,0.0611878,0.138453,0.005924,0.0466143,0.485945,0.183573,0.00124167,0.162209,1.48893,1.89866,0.416643,0.0016773,0.915544,1.00037,4.60083,0.154048,1.14612,0.190783,0.358249,1.01791,0.127662,0.451334,0.0678255,0.0139237,0.00927627,0.00266277,0.0451905,0.00326078,7.6427e-09,0.035373,0.00246334,0.000516023,0.00938685,0.00775976,0.00846399,0.123046,0.0562107,0.0521376,0.0374488,0.00716961,0.0086035,0.0630429,0.0194853,0.0111,0.000847188,0.0,0.00427654,0.0150708,0.0200238,0.00399416,0.00425439,0.0578271,0.158012,0.0651037,0.0159432,0.111371,0.02715,0.0143789,0.0266114,0.0216492,0.028447,0.0365904,1.70094,0.0206282,0.000409511,0.040956,0.0302005,0.0382767,0.0429737,0.0225586,0.0272907,0.0312774,0.0395499,0.188085,0.0209605,1.81531e-21,0.000289056,1.90912e-06,4.14434e-13,0.0744251,2.23217e-23,0.139911,0.489853,0.955831,0.148741,0.109016,0.0254678,0.0,0.111566,0.255683,0.0509557,0.251648,0.0836922,0.0653934,0.0597221,0.301107,0.0540396,0.00369233
0.0504683,0.184058,0.353885,3.18177,0.0,0.242603,0.0474175,0.00834484,0.0774124,0.0328434,1.28876,0.0528919,0.239688,0.243588,0.0669298,0.00700423,0.0398825,0.108565,0.00528821,0.0634083,0.583899,0.194009,0.00168841,0.185501,1.43727,2.13292,0.455236,0.00177708,0.968781,1.00233,4.56268,0.14275,1.12486,0.189183,0.330133,1.02035,0.136271,0.450554,0.0529842,0.00779189,0.00954791,0.000100088,0.0354593,0.00166544,1.45017e-09,0.0557859,0.00362668,0.000365108,0.0183058,0.010894,0.0131015,0.141529,0.0742635,0.0833939,0.0359694,0.0117908,0.00935807,0.0749955,0.0300442,0.0184221,0.00128009,0.0,0.0064943,0.0199055,0.021866,0.00658091,0.00643173,0.0722437,0.175794,0.0796658,0.0223796,0.115577,0.028358,0.0126064,0.0253683,0.0275138,0.0384215,0.0464593,1.79213,0.0246603,0.000373344,0.0420418,0.0295559,0.0305619,0.0387168,0.0205985,0.020476,0.024649,0.0378914,0.136163,0.0120533,7.46221e-22,0.000265037,4.3839e-21,5.37564e-12,0.0614601,1.64658e-23,0.114177,0.402952,0.809099,0.18604,0.0922927,0.0322741,0.0,0.108428,0.189266,0.0414348,0.252919,0.0398852,0.0520731,0.0405832,0.299715,0.0597399,0.00377528
0.0604475,0.198731,0.336594,3.11167,0.0,0.251084,0.0525995,0.00838126,0.0739022,0.03849,1.21435,0.0528204,0.246655,0.252689,0.0838678,0.00588361,0.0384534,0.122787,0.00606823,0.061409,0.551062,0.188964,0.00223509,0.182854,1.42425,2.13878,0.456616,0.00175041,0.798739,1.01035,5.20506,0.1488,1.10149,0.187928,0.319235,1.02343,0.0777907,0.392866,0.0591575,0.00528406,0.0115961,8.39976e-05,0.0333276,0.00239083,1.86824e-21,0.0406214,0.00286363,0.000320052,0.0161573,0.00992617,0.0168676,0.149216,0.0515708,0.0667217,0.0318786,0.00685685,0.00798826,0.0575832,0.0365538,0.0228275,0.00104943,0.0,0.00598825,0.0221875,0.0138517,0.00468344,0.00434784,0.054837,0.172329,0.0688284,0.0157474,0.113416,0.0270763,0.0113289,0.0180172,0.0317152,0.0262848,0.0309095,1.90578,0.0217186,0.000443474,0.03358,0.0275068,0.0360222,0.0425006,0.0202959,0.0191716,0.0256221,0.0362364,0.150914,0.0129214,5.83704e-22,0.000149651,8.83933e-07,5.68107e-12,0.0665992,2.93191e-24,0.109034,0.45287,0.7456,0.177855,0.0811293,0.0257804,0.0,0.078023,0.163876,0.0339789,0.221948,0.0364058,0.0435311,0.0470986,0.330653,0.0681674,0.00372914
0.0546303,0.211626,0.338559,3.33502,0.0,0.226322,0.0441022,0.00680752,0.071954,0.0385346,1.11563,0.0478822,0.284376,0.219451,0.0601095,0.00510362,0.0387566,0.130604,0.0053264,0.0682601,0.583479,0.185717,0.00119126,0.193751,1.37588,2.2909,0.413111,0.00168652,0.922477,0.887075,4.36791,0.158682,1.09981,0.181433,0.291827,1.01684,0.136485,0.437856,0.0595481,0.00647254,0.0184022,0.00097804,0.0327225,0.00487044,1.23249e-20,0.0443309,0.00309687,0.000331484,0.0139068,0.00893591,0.0115787,0.140783,0.0604854,0.0654752,0.0207107,0.00668138,0.00962471,0.0657184,0.0279388,0.0185006,0.000858848,0.0,0.00592624,0.0208733,0.0146912,0.00368163,0.00495117,0.0471595,0.164132,0.0776325,0.0208958,0.111437,0.0283682,0.00955549,0.0164406,0.0274497,0.0338955,0.0293056,1.9327,0.0165565,0.000360357,0.0369026,0.0311371,0.042806,0.0458858,0.0177384,0.0210424,0.0255869,0.0324754,0.136618,0.0184926,9.63822e-22,8.03874e-05,1.10242e-06,4.78739e-20,0.0629279,2.57088e-23,0.125367,0.430203,0.686,0.184438,0.0573094,0.0258188,0.0,0.0924478,0.201565,0.0414663,0.223203,0.0473533,0.0509429,0.0507789,0.312539,0.0723648,0.0038666
0.0463334,0.181237,0.323913,3.22408,0.0,0.243337,0.0441507,0.0112055,0.0807837,0.0217645,1.074,0.0370549,0.260722,0.229022,0.0692664,0.00565361,0.037929,0.0993707,0.00569198,0.0656247,0.573963,0.185206,0.00206861,0.178029,1.51509,2.04197,0.463451,0.00169323,0.928982,0.904237,3.59389,0.151271,1.06237,0.1983,0.337048,0.968872,0.109422,0.424619,0.0496689,0.0081362,0.0176021,0.00153173,0.0271247,0.00790192,1.08827e-09,0.0562268,0.00412951,0.0002466,0.0172387,0.00978106,0.0103458,0.143055,0.0728932,0.0863138,0.0272676,0.00594247,0.00861135,0.0773354,0.023124,0.0160907,0.000808472,0.0,0.00759021,0.0226827,0.0133553,0.00440379,0.00479789,0.0491861,0.164778,0.0844143,0.0279878,0.109856,0.029523,0.0115717,0.0188713,0.0268089,0.0285426,0.036022,1.88025,0.023437,0.000447218,0.033661,0.0267758,0.0385072,0.0403924,0.0170786,0.0188071,0.0277243,0.0326935,0.145065,0.0222983,4.94534e-22,6.54146e-05,1.05974e-06,2.11467e-12,0.0636911,2.40239e-23,0.154898,0.344312,0.563054,0.159011,0.0979461,0.0248727,0.0,0.0978658,0.177697,0.0350239,0.194083,0.0597786,0.0484079,0.0430303,0.213133,0.0388012,0.00396849
0.0388906,0.20983,0.321398,3.30671,0.0,0.254355,0.071833,0.0108416,0.0967771,0.0414836,1.2042,0.0480101,0.285778,0.265753,0.063897,0.00640385,0.0642461,0.106535,0.00616228,0.0672689,0.530523,0.174994,0.00178839,0.172007,1.41563,2.24181,0.521764,0.00161244,0.819567,0.926949,4.65434,0.146531,1.07612,0.185122,0.304,0.96464,0.105526,0.476119,0.085639,0.0145826,0.0263165,0.00548065,0.0387426,0.00895553,6.71857e-09,0.0360954,0.00267682,0.000111183,0.0134699,0.0075415,0.0119177,0.149839,0.0330802,0.053227,0.0197914,0.00520151,0.00732827,0.0366553,0.0260819,0.0175577,0.00053444,0.0,0.00566161,0.0216527,0.0010725,0.00356267,0.00274859,0.0122684,0.16341,0.0634596,0.0124054,0.1115,0.0260298,0.00880747,0.0182183,0.0307573,0.0186905,0.0358074,1.81617,0.0250701,0.000417585,0.0302064,0.0323519,0.0373076,0.0414655,0.017061,0.0248095,0.0265532,0.0391989,0.153002,0.0218081,1.70205e-21,4.53725e-21,1.13055e-06,4.7578e-12,0.0660213,7.33626e-23,0.147738,0.390707,0.603717,0.116298,0.0881077,0.0185744,0.0,0.0712969,0.0785484,0.0274618,0.160211,0.0570387,0.042084,0.0520733,0.21314,0.045632,0.00348387
0.0264379,0.170374,0.315613,3.37759,0.0,0.253108,0.0602747,0.0106348,0.0920669,0.0376655,1.14637,0.0397765,0.279393,0.255251,0.0777177,0.00517403,0.0517485,0.108602,0.00615077,0.0637154,0.554915,0.196827,0.00225074,0.178488,1.43767,2.25669,0.479741,0.00184495,0.832425,0.9628,4.87445,0.154212,1.11719,0.191539,0.326807,0.976678,0.110938,0.539087,0.100346,0.0160067,0.0309447,0.00892013,0.0369385,0.0115327,2.31417e-08,0.0228226,0.00194717,0.000261416,0.00795504,0.00681321,0.008577,0.115006,0.0622112,0.0356435,0.0374587,0.00575593,0.00530735,0.0610488,0.0178691,0.011378,0.000444036,0.0,0.00400298,0.0148249,0.0232491,0.00317106,0.00283411,0.06485,0.148696,0.045037,0.0146534,0.107185,0.0264875,0.0151422,0.031559,0.0219501,0.0251545,0.0451001,1.71602,0.0219622,0.000546916,0.0480343,0.0332117,0.0358146,0.0449275,0.0157093,0.0265903,0.0271925,0.0403062,0.153114,0.0113712,3.82616e-23,0.000192414,1.51619e-06,1.58489e-12,0.0692071,9.64332e-23,0.127342,0.45669,0.806847,0.172887,0.113222,0.0188616,0.0,0.07064,0.183999,0.04211,0.191999,0.0592084,0.0580714,0.049227,0.270625,0.048318,0.00408741
0.0498311,0.210158,0.294415,3.13514,0.0,0.241295,0.0543532,0.0111676,0.0743757,0.0430647,0.994767,0.072343,0.264319,0.196024,0.0781801,0.005215,0.0653443,0.132829,0.00485786,0.0554538,0.509895,0.180195,0.00170605,0.158437,1.40754,2.12149,0.44139,0.00187085,0.873129,0.981569,4.95078,0.158337,1.14155,0.18682,0.338937,0.988318,0.13493,0.505759,0.0928342,0.0158416,0.0185391,0.00731532,0.0399006,0.00851945,1.79165e-09,0.0534344,0.00316182,0.000121282,0.0177261,0.0116347,0.0102827,0.140634,0.0693771,0.0730795,0.0328968,0.0094473,0.0089915,0.0814554,0.0255971,0.0204358,0.000622579,0.0,0.00695818,0.0326401,0.0139642,0.00589699,0.00563665,0.0625808,0.177538,0.0694637,0.0239624,0.11423,0.0290314,0.0142149,0.0236831,0.035112,0.0348763,0.0531097,1.65297,0.0286438,0.000583687,0.0421323,0.0232816,0.0313796,0.0423177,0.0231198,0.025916,0.034677,0.0398199,0.149944,0.0098711,3.29733e-22,4.07614e-05,2.31409e-06,8.68428e-13,0.0707317,8.11613e-23,0.104504,0.510475,0.851496,0.173146,0.0705256,0.026112,0.0,0.0800518,0.182555,0.0400144,0.179071,0.0075604,0.055421,0.0259557,0.240581,0.0375799,0.00360874
0.0165619,0.21605,0.311425,3.14004,0.0,0.241475,0.0624583,0.0107649,0.0951136,0.0261764,1.08197,0.0544999,0.247143,0.241461,0.0475531,0.00613824,0.0422716,0.106204,0.00523424,0.056922,0.566518,0.203327,0.00247703,0.192176,1.51409,2.21797,0.450451,0.00189862,0.874902,0.929105,4.46659,0.150627,1.10214,0.18937,0.364342,1.00098,0.139799,0.457492,0.0693188,0.0144551,0.0191666,0.00400577,0.0371909,0.0066269,3.6176e-09,0.0573214,0.00249981,0.000578337,0.0142659,0.00741982,0.00678873,0.119519,0.0708029,0.0735301,0.0499135,0.0127279,0.0083189,0.111539,0.0188161,0.0144608,0.000710729,0.0,0.00479473,0.0250583,0.0217903,0.00647736,0.00660345,0.070851,0.161357,0.0653036,0.0272681,0.110619,0.0307765,0.0194108,0.0443922,0.0219011,0.0459915,0.0666606,1.64359,0.0253123,0.000594805,0.0724706,0.0321487,0.032669,0.0438557,0.0191147,0.0223652,0.028797,0.0398359,0.200617,0.0215233,4.0647e-22,6.54359e-05,1.68967e-06,1.54614e-12,0.0697644,6.85022e-23,0.100728,0.538702,1.03359,0.199298,0.0567728,0.0027631,0.0,0.0208523,0.148484,0.0568288,0.0932541,0.0209053,0.065528,0.0431221,0.302675,0.0471866,0.00391493
0.0332163,0.203171,0.3718,3.1354,0.0,0.25164,0.0516371,0.00856012,0.0810367,0.0237372,1.14425,0.0424722,0.219489,0.222769,0.0618715,0.00424622,0.0274606,0.0853655,0.00557125,0.0620028,0.544306,0.189878,0.00232561,0.165662,1.48773,1.89536,0.37714,0.00212269,0.785655,0.892165,4.82342,0.133089,1.03671,0.190947,0.34844,0.988272,0.0937631,0.399523,0.0820939,0.00805125,0.013137,0.00145242,0.033323,0.00440478,2.0778e-09,0.068891,0.00361337,0.000245607,0.0247983,0.00812759,0.00950073,0.117704,0.0856619,0.0930097,0.0368225,0.0142415,0.00951754,0.0879231,0.0228979,0.0165612,0.000877681,0.0,0.00522334,0.0363804,0.0260837,0.00874994,0.00690804,0.0859176,0.157855,0.0742564,0.0288088,0.111325,0.0314107,0.0154555,0.0318601,0.0271217,0.0415317,0.0575835,1.76388,0.0281219,0.000525426,0.0576764,0.031281,0.0296021,0.038361,0.0224829,0.0282819,0.033967,0.027553,0.185475,0.0167123,1.09423e-22,0.000230169,4.02061e-22,5.33256e-13,0.0556934,1.10624e-23,0.0754308,0.43594,0.887329,0.173878,0.0308937,0.00150809,0.0,0.0138314,0.122138,0.0449714,0.143496,0.0216776,0.0589804,0.0492868,0.33302,0.066527,0.00388873
0.0556308,0.197427,0.321094,3.3751,0.0,0.252677,0.0529812,0.0103273,0.0800537,0.0359102,0.934267,0.081563,0.295318,0.21021,0.0801839,0.00373968,0.0653049,0.143681,0.00520113,0.0681454,0.622268,0.192391,0.0023595,0.184279,1.4835,1.4742,0.382223,0.0020231,0.749567,1.00671,5.44023,0.138305,1.11234,0.199725,0.353516,0.978786,0.107561,0.448295,0.0824452,0.00909758,0.0128194,0.00221311,0.0342642,0.00451657,2.23831e-09,0.0515377,0.0027847,0.000545856,0.0194159,0.00790952,0.00952942,0.12858,0.0684193,0.0664909,0.0409597,0.0110569,0.00824491,0.0771195,0.0196301,0.0123739,0.000729434,0.0,0.0049985,0.026241,0.0136154,0.00730453,0.00505398,0.0697234,0.161738,0.0635906,0.0214142,0.112729,0.0291271,0.0144449,0.0339704,0.0212523,0.0329945,0.0499442,1.87685,0.0216569,0.000495124,0.0530059,0.0129819,0.0146946,0.0306858,0.0242426,0.0237524,0.0354806,0.033123,0.216927,0.030744,5.82381e-22,5.28955e-05,1.26548e-20,4.10786e-13,0.058595,0.0,0.0770619,0.424179,0.835264,0.160285,0.0622362,0.0157251,0.0,0.0549602,0.175432,0.0359186,0.234166,0.0406987,0.0515547,0.0564366,0.395723,0.0789243,0.00392036
0.0468156,0.193896,0.312584,3.12215,0.0,0.251393,0.0757461,0.0108959,0.0934766,0.0250367,1.01637,0.0719554,0.310805,0.210768,0.0459816,0.00533648,0.0416653,0.114325,0.00508713,0.0690734,0.633443,0.204997,0.00197273,0.193825,1.42536,2.47507,0.417985,0.00181291,0.989058,0.878348,3.3996,0.155722,1.15964,0.199335,0.32197,0.989831,0.150305,0.546539,0.0604712,0.00814329,0.0199792,0.00342818,0.0348805,0.00628582,1.00274e-08,0.0362194,0.00345825,0.000589154,0.0126347,0.00756543,0.00813045,0.121469,0.0748202,0.061606,0.0433182,0.00636527,0.0105577,0.06264,0.0200367,0.0124279,0.000842282,0.0,0.00614002,0.0207013,0.0114287,0.00395172,0.00286094,0.0709914,0.144725,0.0755453,0.0205881,0.108359,0.0297469,0.0164192,0.0349643,0.022143,0.0212453,0.0424227,1.79828,0.0180391,0.000417367,0.0466656,0.0127474,0.022381,0.0361813,0.0228369,0.0254881,0.0345215,0.0384786,0.242083,0.0219704,4.90558e-22,9.69403e-05,4.82699e-09,4.66547e-13,0.0666448,0.0,0.0856969,0.396743,0.687863,0.154029,0.084124,0.0210286,0.0,0.0780259,0.172256,0.0347724,0.161421,0.0197813,0.0463717,0.0373702,0.294215,0.0437332,0.00418117
0.0131163,0.180242,0.247784,3.18145,0.0,0.25441,0.0713074,0.00902017,0.0858686,0.022353,0.984665,0.0712252,0.300896,0.221781,0.0473397,0.00515941,0.0539173,0.105324,0.00580106,0.0625424,0.605833,0.201435,0.00135152,0.178617,1.44522,2.87179,0.440033,0.00181976,1.0229,0.85666,3.50413,0.15325,1.09793,0.184099,0.30837,0.942595,0.142852,0.471016,0.0686919,0.00304485,0.009557,0.000230631,0.0309559,0.00207479,5.7172e-21,0.0323067,0.00292202,0.000281684,0.0101947,0.00818092,0.00901087,0.111074,0.0654533,0.0611854,0.0280066,0.00468584,0.00904739,0.0651878,0.020973,0.0120304,0.00062109,0.0,0.00530962,0.013989,0.0211236,0.00274258,0.00258498,0.0793028,0.150829,0.0699817,0.0228218,0.111106,0.0290844,0.0128595,0.0194004,0.0158004,0.0220448,0.0227459,1.72783,0.0135162,0.000369227,0.0429417,0.0146931,0.0239248,0.036968,0.0214291,0.0249923,0.0266095,0.0388586,0.187319,0.00904828,5.82963e-22,9.59426e-05,7.52489e-07,3.30362e-13,0.0664613,0.0,0.12001,0.392373,0.672024,0.158797,0.103655,0.0302221,0.0,0.128862,0.208555,0.0347442,0.242493,0.0589266,0.0476769,0.0310115,0.19919,0.0288024,0.0039286
0.0301416,0.213842,0.308635,3.1838,0.0,0.25449,0.0731856,0.0120669,0.0798492,0.0200433,1.11956,0.0561119,0.233305,0.203316,0.0422156,0.00560701,0.034712,0.0906139,0.00414924,0.0537794,0.522416,0.185669,0.00241474,0.17786,1.69704,2.8313,0.322869,0.00205163,1.02361,0.864359,3.65934,0.157832,1.0786,0.202375,0.337093,0.925108,0.139539,0.489733,0.0814646,0.0127606,0.0134498,0.0064626,0.0373376,0.0055068,3.60527e-08,0.0349151,0.00261222,0.000487047,0.0130213,0.00771302,0.0117889,0.13702,0.0436954,0.0537397,0.0317775,0.00733991,0.00975783,0.0693331,0.0240685,0.0135219,0.000423428,0.0,0.00535341,0.0169703,0.0167735,0.00424169,0.0035004,0.0481611,0.160645,0.0823544,0.0128442,0.112146,0.0269516,0.0167406,0.029599,0.0240348,0.0279714,0.0456818,1.62149,0.0244756,0.000494108,0.049588,0.0116398,0.0302822,0.0382446,0.014467,0.0155137,0.0265842,0.0278121,0.190431,0.0144454,3.98735e-22,0.000161993,8.63597e-07,2.15365e-13,0.0669883,8.65532e-25,0.143926,0.409359,0.804391,0.147283,0.0577076,0.0146992,0.0,0.0470974,0.144796,0.0278748,0.184242,0.0167916,0.0405757,0.0388658,0.236392,0.039717,0.00364277
0.0480746,0.212926,0.343841,3.39701,0.0,0.2265,0.0575741,0.0124857,0.0926129,0.0300686,1.25996,0.0510237,0.239471,0.254872,0.0864791,0.00605522,0.0471098,0.122382,0.00545829,0.0580993,0.508556,0.164613,0.00170869,0.168786,1.49219,2.58886,0.35479,0.00213582,0.708071,0.976253,4.89,0.147536,1.10222,0.190749,0.336982,0.955806,0.0533408,0.545907,0.138844,0.0172442,0.0257167,0.00925709,0.0373386,0.00884306,3.09376e-08,0.0360824,0.00300109,0.000232831,0.0124661,0.00922694,0.0120726,0.138925,0.0476454,0.0611266,0.0294589,0.00535524,0.0106057,0.0444437,0.0252823,0.0134078,0.000561843,0.0,0.00561274,0.0169034,0.0110819,0.00359392,0.00283914,0.0404355,0.15981,0.0775822,0.0128503,0.112192,0.0272408,0.0130083,0.0264308,0.024459,0.0200691,0.0427824,1.65509,0.0224501,0.000582632,0.034179,0.0227753,0.026898,0.0378616,0.0138938,0.0206111,0.0261382,0.0310005,0.184128,0.0158167,6.89832e-24,3.56227e-05,4.62466e-07,8.5302e-14,0.0602189,1.68933e-24,0.167451,0.370613,0.621462,0.162259,0.0726121,0.0173252,0.0,0.0781588,0.103999,0.0310936,0.123161,0.0458186,0.0438831,0.0480787,0.230225,0.0414973,0.00343935
0.0553473,0.195223,0.328692,3.53664,0.0,0.257734,0.0575262,0.0105683,0.106534,0.0476112,1.17171,0.0939959,0.311599,0.262106,0.0870175,0.00607642,0.0958557,0.16259,0.00570075,0.0681385,0.567542,0.161382,0.00226901,0.17538,1.5079,1.85416,0.304841,0.00194917,0.729256,0.955894,5.19816,0.146533,1.13921,0.180002,0.353543,1.00833,0.0942376,0.457928,0.0803795,0.0169073,0.0230262,0.00658613,0.0434998,0.00880279,1.0206e-08,0.0227693,0.00272042,0.000110493,0.0108385,0.00638865,0.00910313,0.135926,0.0560808,0.0527664,0.0231276,0.00300143,0.0089577,0.034107,0.0194635,0.00908888,0.00052004,0.0,0.00484113,0.0126899,0.0178627,0.0025154,0.00144773,0.0543972,0.157487,0.0699028,0.0147051,0.112486,0.0273189,0.0106419,0.0122174,0.0196706,0.0117265,0.0177429,1.70453,0.0149685,0.000206607,0.0211821,0.0160443,0.0264457,0.03575,0.0178109,0.0204471,0.0254861,0.0352181,0.140578,0.0126785,5.56068e-22,0.00011869,7.33282e-07,2.37408e-13,0.0555425,4.1532e-25,0.103386,0.377795,0.780636,0.168692,0.0373939,0.0127779,0.0,0.0528403,0.167517,0.039061,0.184017,0.0320065,0.055195,0.0523967,0.286581,0.0614899,0.00395613
0.0562677,0.240804,0.291042,3.16125,0.0,0.258007,0.0409552,0.00766157,0.0873759,0.0314847,1.04945,0.0719245,0.300211,0.234517,0.0632984,0.00581711,0.0648327,0.12978,0.0057332,0.0628307,0.586204,0.19894,0.00197427,0.174213,1.43509,2.4555,0.258542,0.00186914,0.856331,0.936133,4.82026,0.147732,1.07535,0.18422,0.28911,0.977844,0.10466,0.454206,0.107275,0.00576807,0.0200817,0.00219623,0.0323602,0.00535364,7.79627e-09,0.0419161,0.00441274,0.000261262,0.018099,0.00809074,0.00753262,0.129369,0.070311,0.0765138,0.0264418,0.00453926,0.00647227,0.0587178,0.0203255,0.011162,0.000974609,0.0,0.0069382,0.016354,0.0153352,0.00334937,0.00321849,0.0553579,0.161557,0.060713,0.0204276,0.116569,0.0283102,0.0147713,0.0186766,0.0234535,0.0240594,0.0339273,1.88004,0.0191233,0.000346569,0.0374403,0.0164972,0.0254828,0.034047,0.0162826,0.0223933,0.0277925,0.0340027,0.16664,0.0188779,2.34258e-22,2.19041e-05,1.4854e-06,1.16481e-13,0.066988,0.0,0.104005,0.390682,0.671461,0.181209,0.0926052,0.0246249,0.0,0.0823986,0.160145,0.0387771,0.2333,0.0446823,0.0410863,0.0531136,0.329812,0.0611589,0.00394535
0.0348831,0.189311,0.326124,3.21869,0.0,0.272876,0.0782795,0.00180393,0.0936461,0.0135553,1.04854,0.0393407,0.269083,0.206785,0.0281532,0.00569032,0.0212156,0.104281,0.00472281,0.061158,0.623986,0.224171,0.00310201,0.194611,1.40182,2.20415,0.290488,0.00195985,0.974458,0.89273,3.76848,0.149201,1.03301,0.190079,0.288336,0.985684,0.159139,0.422566,0.0675448,0.00904651,0.0158766,0.00157689,0.0314367,0.00454026,2.17474e-09,0.0366263,0.00362475,0.000405256,0.0152398,0.00769155,0.0098005,0.123926,0.0671356,0.0637597,0.0283253,0.00709575,0.00641221,0.0532103,0.0260115,0.0147693,0.00111945,0.0,0.00621936,0.0199862,0.0202642,0.00451148,0.00365179,0.0553607,0.153131,0.0555522,0.0136025,0.10783,0.0266294,0.0152573,0.0187904,0.0284291,0.0258886,0.0407273,1.84221,0.0244017,0.000449822,0.042913,0.015895,0.0308711,0.0364009,0.0127005,0.0150898,0.0271331,0.0239454,0.158749,0.0154438,1.44583e-21,0.000110674,9.88517e-07,2.52017e-13,0.0644172,0.0,0.0975093,0.44571,0.860291,0.187952,0.0713959,0.0210835,0.0,0.0781575,0.22586,0.0450975,0.165147,0.0234311,0.0590418,0.0435039,0.25768,0.0506102,0.0037383
0.033889,0.183529,0.326545,3.32573,0.0,0.260157,0.0575487,0.0097948,0.0720667,0.0277555,1.13954,0.0664372,0.272528,0.228615,0.0476691,0.00526683,0.0487678,0.123624,0.00526226,0.0546396,0.520255,0.202391,0.00139723,0.157385,1.38901,2.45144,0.401084,0.00196571,0.835394,0.920937,4.1377,0.142201,1.07673,0.183752,0.272981,0.983769,0.121378,0.39392,0.0499066,0.010681,0.0187244,0.00272464,0.0341897,0.00551519,1.16374e-09,0.037704,0.00421706,0.000344906,0.0152921,0.009325,0.0123955,0.142234,0.0484248,0.0863804,0.0362799,0.00537666,0.00892144,0.0356872,0.0282765,0.0165264,0.00113079,0.0,0.00707418,0.0198016,0.00824193,0.00261833,0.00303087,0.0381986,0.16686,0.0761724,0.0156869,0.112112,0.0291974,0.0130334,0.020157,0.036361,0.021729,0.038491,1.84303,0.0266757,0.000443961,0.0352406,0.0249139,0.0310312,0.0407987,0.00966083,0.0166981,0.0201045,0.0273393,0.147417,0.0224552,6.4459e-22,4.38841e-05,5.84572e-07,1.33523e-13,0.0640935,0.0,0.080083,0.494787,0.830301,0.140442,0.0490133,0.0178422,0.0,0.0826471,0.180546,0.028424,0.160815,0.0427967,0.0486285,0.0410952,0.246734,0.0418027,0.00382624
0.0380045,0.186847,0.300575,3.25102,0.0,0.254915,0.0634372,0.0114112,0.0697804,0.0394969,0.960307,0.0585188,0.303275,0.195354,0.0531825,0.00350868,0.0495428,0.131266,0.00452872,0.0615399,0.561676,0.185164,0.000665583,0.18194,1.42317,2.03696,0.306878,0.00196796,0.808491,0.942508,4.57368,0.131526,1.00725,0.185867,0.338498,0.948393,0.0536751,0.337298,0.0525264,0.00791671,0.0132827,0.000890702,0.0322075,0.00230745,2.13182e-09,0.0219576,0.00298302,0.000586646,0.00825669,0.00626096,0.00676465,0.122563,0.0456107,0.0500593,0.0221743,0.00279602,0.00964345,0.0360357,0.0159489,0.0100313,0.0005738,0.0,0.00515764,0.0124963,0.0180427,0.0015365,0.00153229,0.0619143,0.145275,0.06368,0.015947,0.107041,0.028062,0.00603221,0.0157099,0.0191919,0.0130755,0.0190592,1.62514,0.0144873,0.000200212,0.0234546,0.0319293,0.0330504,0.0428722,0.0143587,0.0163254,0.0269829,0.0307949,0.174946,0.0210353,1.48434e-21,0.000111946,5.70069e-07,5.3316e-14,0.0586284,1.71538e-25,0.0922185,0.367557,0.606805,0.12519,0.0496197,0.0183198,0.0,0.0614437,0.148454,0.0297234,0.162663,0.0325305,0.0415114,0.0431771,0.236056,0.0535907,0.00373571
0.0414308,0.195745,0.312539,3.25168,0.0,0.253028,0.0718322,0.00858669,0.0553924,0.0283475,0.970958,0.0395573,0.232463,0.207954,0.0706312,0.00332266,0.0317364,0.109546,0.00551823,0.0583674,0.530311,0.19156,0.0010928,0.18446,1.45596,2.31042,0.365781,0.00191159,0.830279,0.886899,4.22055,0.131122,1.0906,0.194595,0.327953,0.950483,0.100588,0.49309,0.115872,0.00816872,0.0150543,0.00102859,0.0318144,0.00444213,4.58142e-09,0.0359308,0.00235335,0.000337458,0.00978927,0.00734189,0.00635387,0.102889,0.0453779,0.0509024,0.0362009,0.00431779,0.00943296,0.0696043,0.0164897,0.0110553,0.000396607,0.0,0.0042793,0.0134166,0.0159435,0.00215546,0.00245002,0.0550119,0.154947,0.0711044,0.0204188,0.114327,0.0288406,0.0137971,0.0235899,0.0214607,0.0221739,0.0250512,1.34847,0.0167499,0.000244623,0.037836,0.0293078,0.0344467,0.0430359,0.0216897,0.0161673,0.0331042,0.0482977,0.191099,0.0200586,1.38476e-21,0.000219103,4.55367e-07,1.93633e-13,0.0609803,2.21472e-25,0.122352,0.379747,0.622888,0.150112,0.0721597,0.0170527,0.0,0.0555391,0.154549,0.0319484,0.196556,0.0544501,0.0441988,0.0534855,0.207743,0.0440958,0.00398502
0.0435729,0.205973,0.327107,3.43653,0.0,0.233394,0.0555031,0.00948615,0.062299,0.0348384,1.07948,0.0656322,0.324477,0.243406,0.0710922,0.00499237,0.0449608,0.140073,0.00595027,0.0567172,0.524011,0.188936,0.00138723,0.166684,1.35444,2.41031,0.389022,0.00183444,0.770854,0.914003,4.74932,0.13909,1.07709,0.17743,0.307698,0.974449,0.0540132,0.491691,0.105841,0.0134463,0.0183237,0.00436741,0.0368594,0.00648711,4.85222e-10,0.0195549,0.00228191,0.00035231,0.0061577,0.00582682,0.00528395,0.102736,0.0422795,0.030648,0.0221124,0.00324437,0.00654631,0.0487637,0.0156739,0.0113462,0.000298531,0.0,0.00457748,0.0122985,0.0126053,0.00180412,0.00178435,0.0503314,0.134039,0.0530558,0.0107168,0.103258,0.0252646,0.0123488,0.0196386,0.0197273,0.0189117,0.0221322,1.76301,0.0157548,0.000186511,0.0356223,0.0336524,0.0374989,0.0458915,0.0159591,0.0210875,0.0317053,0.0421873,0.196161,0.0190596,3.28667e-21,0.000121607,9.83314e-22,2.79436e-14,0.0680365,1.15774e-27,0.125244,0.44495,0.766529,0.171698,0.0640872,0.0226048,0.0,0.0680815,0.17312,0.0337648,0.218443,0.0555061,0.0468798,0.0560739,0.293562,0.0610391,0.00379853
0.0418883,0.214769,0.29543,3.46148,0.0,0.25966,0.0666624,0.00607085,0.0795908,0.0300243,1.02472,0.078262,0.297887,0.231946,0.0683603,0.00517238,0.0596358,0.130007,0.00564124,0.0549192,0.557656,0.188505,0.00221704,0.181629,1.47805,2.14805,0.374192,0.00196258,0.933807,0.888984,4.15084,0.148321,1.05276,0.186584,0.276779,0.973031,0.121829,0.379726,0.0778457,0.00338476,0.00638108,0.000309794,0.0270949,0.00102043,2.43663e-21,0.027786,0.00231831,0.000289966,0.00588803,0.00645329,0.00580957,0.110461,0.051227,0.0411802,0.0301944,0.00275708,0.00870588,0.0603567,0.0149502,0.00991402,0.000296745,0.0,0.00485621,0.0105574,0.0172835,0.00151494,0.00227139,0.0488693,0.147317,0.0649924,0.017192,0.106179,0.0282948,0.0130538,0.0224813,0.0162335,0.0201748,0.0250285,1.71193,0.0127257,0.000252871,0.0343248,0.0337076,0.0357828,0.0409147,0.0141669,0.0181622,0.0232378,0.0324708,0.152291,0.0179983,2.32715e-21,1.88384e-05,2.70089e-06,5.80073e-14,0.0672526,0.0,0.0745832,0.477221,0.892644,0.144484,0.0823131,0.0141756,0.0,0.0570837,0.177345,0.0438526,0.181404,0.027292,0.0569273,0.0455493,0.31976,0.0690107,0.00375882
0.0401509,0.184671,0.336768,3.10013,0.0,0.246979,0.0410564,0.0100713,0.0528618,0.026963,1.07806,0.0738123,0.240358,0.202202,0.0643309,0.00496944,0.0635656,0.109727,0.00543155,0.0557013,0.54881,0.190771,0.00196252,0.167663,1.44436,1.66049,0.441526,0.00220221,0.853967,0.908827,4.19315,0.136223,1.03217,0.185444,0.328904,0.922479,0.0943253,0.40678,0.0992271,0.0117126,0.019928,0.00620688,0.0286003,0.00734854,4.22527e-09,0.0432901,0.00326436,0.000418943,0.0124994,0.00828049,0.00875545,0.129191,0.0636778,0.0592414,0.0298095,0.0049194,0.00704609,0.069631,0.0217974,0.0133357,0.000397481,0.0,0.00625875,0.0172589,0.0215654,0.00298235,0.00388747,0.0684192,0.165105,0.0610231,0.0147619,0.113917,0.0280623,0.0123526,0.022249,0.0271033,0.0270867,0.0324335,1.60132,0.0228468,0.000320294,0.0365337,0.0174975,0.023494,0.0401139,0.0129971,0.0170471,0.0247997,0.0331945,0.164062,0.019875,4.22232e-22,5.17429e-05,2.46044e-07,7.70106e-15,0.0590829,0.0,0.0747149,0.418619,0.781362,0.160473,0.0719034,0.0256216,0.0,0.122816,0.17805,0.0381503,0.221251,0.0689707,0.0510862,0.0508268,0.262776,0.0542641,0.00385598
0.0402674,0.178098,0.292977,3.33773,0.0,0.255251,0.0467924,0.010203,0.0490775,0.0339092,1.07177,0.0882622,0.283131,0.209855,0.0703465,0.00374546,0.0748676,0.116911,0.00580473,0.0531723,0.51532,0.171297,0.000685354,0.171314,1.52535,1.61632,0.408895,0.00207712,0.855199,0.94785,4.39904,0.142634,1.0509,0.184604,0.304224,0.972417,0.136774,0.455297,0.103314,0.013393,0.0245997,0.00661682,0.034379,0.00691121,3.00355e-09,0.0509902,0.00295186,0.000208558,0.0159715,0.00874891,0.00996988,0.117388,0.0667896,0.0775084,0.0312333,0.00821778,0.00744059,0.0816605,0.0240211,0.015998,0.000432076,0.0,0.00526,0.0258069,0.0168265,0.00494476,0.00458155,0.0536008,0.153465,0.0683906,0.024311,0.107581,0.0303287,0.0143551,0.0207666,0.0403823,0.0309569,0.0385223,1.71671,0.0309622,0.000277392,0.0451156,0.0200517,0.0282555,0.0435848,0.00862209,0.0129336,0.0255593,0.0284038,0.140224,0.00506075,4.72087e-22,7.62724e-05,2.21957e-06,6.15248e-16,0.0588003,0.0,0.113481,0.353138,0.709228,0.143135,0.0776412,0.0282027,0.0,0.0862313,0.218167,0.036721,0.239962,0.050199,0.0524861,0.0445527,0.250937,0.0444332,0.00386959
0.0457021,0.189853,0.296252,3.54299,0.0,0.253026,0.0666381,0.00895947,0.0614616,0.0397153,0.96646,0.0909938,0.263312,0.221511,0.0730676,0.00380893,0.0587414,0.132086,0.00532743,0.0587755,0.530903,0.158593,0.00103209,0.18526,1.33892,1.89051,0.376488,0.0020329,0.958531,0.897391,3.73924,0.154648,1.08341,0.183505,0.291776,0.972792,0.186426,0.462008,0.0934193,0.00506854,0.014332,0.000217327,0.0307935,0.00499982,2.55339e-10,0.0438186,0.00305235,3.26476e-05,0.0147718,0.00803689,0.0105619,0.128771,0.0530029,0.0594695,0.0183907,0.00892682,0.00665438,0.0733413,0.0251758,0.0150804,0.00050895,0.0,0.00601457,0.0227139,0.0155943,0.00534861,0.00446919,0.0501837,0.154376,0.0579693,0.0158092,0.105123,0.0269663,0.0128245,0.0168061,0.0338476,0.0326486,0.0386121,1.76186,0.0240374,0.000272093,0.0472576,0.0263291,0.0311865,0.0457313,0.0140749,0.0146053,0.0260364,0.0316485,0.121884,0.00676875,5.46984e-22,5.02919e-05,7.2357e-07,2.46958e-20,0.0617425,0.0,0.12402,0.337626,0.754209,0.12974,0.0913633,0.0299273,0.0,0.095353,0.193597,0.0379359,0.301398,0.0598907,0.0518081,0.0496666,0.234817,0.0501515,0.00382107
0.0203801,0.152229,0.269912,3.34208,0.0,0.259657,0.0759182,0.00872364,0.0764338,0.029635,0.967797,0.0581449,0.250575,0.214615,0.0531735,0.00431171,0.049765,0.11081,0.0054357,0.0578907,0.583092,0.195862,0.00241065,0.195918,1.44428,2.28523,0.380045,0.00222997,0.86351,0.874105,3.86342,0.15047,1.07327,0.186886,0.247293,0.94411,0.150445,0.415702,0.0497312,0.00950143,0.0178016,0.00207116,0.0302667,0.00508018,2.6725e-10,0.0466084,0.00348277,9.4202e-05,0.0158872,0.00822049,0.0109448,0.141533,0.0619747,0.0588928,0.021468,0.00907385,0.00701124,0.0808074,0.0237764,0.0145332,0.000502133,0.0,0.00682715,0.0221559,0.0195838,0.00477539,0.00553727,0.0520224,0.166466,0.0604979,0.0176029,0.115211,0.0284723,0.0157569,0.0178172,0.0302341,0.036738,0.0421211,1.76745,0.0246588,0.000286689,0.045659,0.0126562,0.0275891,0.0360168,0.0144837,0.015746,0.0287388,0.0317432,0.0961877,0.00476033,4.48369e-22,4.10518e-05,2.57837e-07,5.16086e-20,0.0614308,0.0,0.0712148,0.432551,0.835895,0.157631,0.0714737,0.0287439,0.0,0.114896,0.215164,0.042779,0.203934,0.0429494,0.0580233,0.0396496,0.195892,0.0384581,0.00393862
0.0294809,0.179808,0.26459,3.19533,0.0,0.243054,0.0763584,0.00791856,0.0885085,0.0283469,0.948345,0.0511087,0.220453,0.197167,0.0458677,0.00488831,0.043673,0.0940621,0.00419766,0.0562146,0.55736,0.194601,0.00249651,0.181147,1.45523,2.25476,0.337831,0.00216227,0.732622,0.931297,4.30472,0.150473,0.93164,0.181214,0.304587,0.900237,0.0869353,0.339913,0.0524905,0.00771478,0.0133971,0.00173598,0.0288532,0.00344554,4.8514e-10,0.0405673,0.00291374,0.000245067,0.0118399,0.00662298,0.00901948,0.127087,0.0588595,0.0532073,0.0302371,0.00723759,0.00856579,0.0715611,0.0208331,0.0133322,0.000530937,0.0,0.00536567,0.0187128,0.0146766,0.00355935,0.00439398,0.0596158,0.144179,0.0634036,0.0181908,0.105484,0.0288375,0.0140711,0.0222359,0.0258754,0.0284932,0.0408425,1.55066,0.0214215,0.000278662,0.0435458,0.0216208,0.0290636,0.0383546,0.0207536,0.0224308,0.0299233,0.0440539,0.161353,0.0204424,1.182e-21,5.74395e-05,4.63473e-07,2.05271e-19,0.0555372,0.0,0.051975,0.419342,0.718355,0.2031,0.0876644,0.0207547,0.0,0.0937056,0.12175,0.0421284,0.172366,0.0634425,0.0528903,0.0443329,0.231188,0.0463755,0.00354809
0.0224501,0.185076,0.282041,3.03543,0.0,0.245884,0.0486016,0.0105599,0.0800392,0.0247716,0.872502,0.0498981,0.263333,0.192281,0.0409009,0.00458009,0.0358705,0.101355,0.00416321,0.0640013,0.610239,0.201407,0.0024988,0.195733,1.51399,2.35971,0.350089,0.00217347,0.78017,0.934384,3.87285,0.155298,0.993664,0.187271,0.313165,0.945817,0.0993718,0.409183,0.0466405,0.00890292,0.0169789,0.00199302,0.026586,0.00487034,2.34406e-10,0.0466783,0.0029831,0.000477008,0.0127347,0.00883404,0.0107886,0.136407,0.0689652,0.0665606,0.0364755,0.00655506,0.00899548,0.0708289,0.0224998,0.0121322,0.000645235,0.0,0.0059388,0.0200416,0.00631008,0.00380003,0.00464923,0.0486399,0.16176,0.067361,0.0228309,0.114596,0.029912,0.0164408,0.0282796,0.0261133,0.0289075,0.0376265,1.64113,0.0216352,0.000289236,0.0461112,0.0220937,0.0260071,0.0401965,0.023698,0.0142414,0.0350896,0.0364282,0.188416,0.0187602,7.76751e-22,6.01327e-06,1.41644e-06,5.60598e-20,0.0561234,0.0,0.0934291,0.414183,0.894055,0.157392,0.034427,0.0101931,0.0,0.029572,0.141312,0.0395983,0.172496,0.0284911,0.0519195,0.043563,0.265215,0.0457857,0.00368672
0.0369964,0.181083,0.277988,3.26816,0.0,0.247083,0.0751333,0.00523883,0.0959965,0.0216704,0.878632,0.0322059,0.262733,0.213363,0.0596229,0.00474966,0.0283618,0.075857,0.00514655,0.0595264,0.576226,0.206305,0.00218105,0.183815,1.45218,2.07704,0.436045,0.00215573,0.980691,0.870701,3.26918,0.160876,1.0808,0.174919,0.269548,0.944141,0.17583,0.458798,0.0346758,0.00563605,0.0124431,0.00158141,0.0319483,0.00326595,6.34621e-11,0.0470421,0.00278301,0.000154928,0.0130383,0.0069444,0.00881675,0.14619,0.0677839,0.0630165,0.0227046,0.00888137,0.0101301,0.0705203,0.0188032,0.0103955,0.000703167,0.0,0.00480902,0.016095,0.0153548,0.00486556,0.00517879,0.0652118,0.161238,0.0742655,0.018037,0.115791,0.0286731,0.0118932,0.0172407,0.0293441,0.0326933,0.0373042,1.7872,0.0225575,0.000359234,0.0461014,0.0271053,0.031666,0.0419542,0.0178156,0.0240649,0.0279814,0.0433528,0.11861,0.00564381,4.82121e-22,4.80516e-05,6.75816e-07,4.67683e-20,0.0625297,0.0,0.110078,0.415745,0.801966,0.178474,0.0488077,0.0260316,0.0,0.0855765,0.2301,0.0428395,0.242516,0.0622555,0.0519955,0.055824,0.274128,0.0490758,0.00373332
0.00793164,0.185006,0.324191,3.40756,0.0,0.232963,0.0807834,0.00587478,0.0698457,0.0177202,0.942616,0.0434779,0.303553,0.206932,0.0590319,0.00406198,0.0336401,0.0742793,0.00504924,0.0627209,0.623891,0.212009,0.0023619,0.198079,1.44792,2.5763,0.368255,0.00226077,0.969698,0.87263,3.33205,0.149358,1.0758,0.190486,0.27862,0.920761,0.168872,0.438784,0.0437826,0.00693131,0.00606399,0.00133712,0.0294825,0.00213829,1.29883e-10,0.0342554,0.00274595,0.000445752,0.0124624,0.00709751,0.00983005,0.130764,0.0685543,0.0597765,0.0298092,0.00663074,0.00981466,0.0719543,0.0229794,0.0152392,0.000794553,0.0,0.00496674,0.0218299,0.0204281,0.0037226,0.00358394,0.0708231,0.153469,0.0658665,0.0165308,0.113699,0.0286705,0.0138861,0.0266064,0.0337065,0.0262555,0.0417052,1.79059,0.023226,0.0004167,0.0463841,0.03435,0.0404997,0.044305,0.0296941,0.036122,0.0385566,0.0492118,0.163181,0.0188315,3.95851e-22,4.45958e-05,1.90168e-07,7.22242e-20,0.0558149,1.56245e-24,0.0933388,0.437955,0.989754,0.208044,0.0663102,0.0273812,0.0,0.0960711,0.201726,0.0523627,0.266853,0.0512454,0.0668679,0.0496971,0.271093,0.0416297,0.00361971
0.040504,0.188688,0.309184,3.40899,0.0,0.224438,0.0597628,0.00945529,0.0772239,0.0350533,1.03357,0.0756113,0.281173,0.231564,0.0690167,0.00378895,0.0601263,0.11963,0.00569367,0.0631403,0.590314,0.191471,0.00258804,0.176302,1.51742,2.08805,0.357295,0.0021983,0.816244,0.857837,3.69841,0.155474,1.0514,0.177422,0.251595,0.916892,0.100367,0.383732,0.0362473,0.0103238,0.0153249,0.00408344,0.0329537,0.00583026,5.07216e-11,0.0286773,0.00275797,0.000395469,0.0102193,0.00839498,0.011842,0.141159,0.0421151,0.0456318,0.0261402,0.0043991,0.00976527,0.0413986,0.022567,0.012631,0.000663024,0.0,0.00462838,0.0191103,0.0144083,0.00264176,0.00312071,0.0402332,0.164345,0.0668319,0.0125283,0.112107,0.0268327,0.0106167,0.0147137,0.0284019,0.0192691,0.0207642,1.96728,0.0196165,0.000212851,0.0270733,0.0215524,0.0245316,0.034984,0.0239286,0.0272903,0.0333286,0.0364123,0.171933,0.0226067,4.34072e-23,2.08682e-05,6.93352e-07,3.26466e-20,0.0603166,2.61187e-23,0.0944804,0.457685,1.00662,0.167678,0.0877161,0.0283333,0.0,0.0988869,0.190783,0.0466472,0.25978,0.0445191,0.062601,0.051067,0.210387,0.0527409,0.00364939
0.0437651,0.191589,0.342221,3.18372,0.0,0.248659,0.0795883,0.00822925,0.0856307,0.0300346,1.04062,0.0543593,0.269145,0.214435,0.0643284,0.00490629,0.0430413,0.112302,0.00527632,0.0566461,0.558649,0.203778,0.00252635,0.162737,1.39138,2.33007,0.349081,0.00211186,0.76814,0.775723,3.11967,0.14482,1.07299,0.179189,0.222282,0.933811,0.120976,0.434638,0.0319989,0.0082667,0.00749366,0.00167587,0.0327607,0.00191,3.15958e-21,0.0458454,0.00344901,0.000393802,0.0131528,0.00856486,0.0101899,0.140066,0.0577534,0.0628602,0.0351862,0.00559257,0.0101459,0.0653217,0.0216033,0.0141234,0.000706457,0.0,0.00590022,0.0185322,0.00415503,0.00328015,0.00420361,0.0313065,0.159132,0.069383,0.0202144,0.114111,0.0294581,0.0140962,0.0267626,0.0227856,0.0283785,0.0325128,1.70589,0.0176971,0.000309421,0.0431586,0.0121505,0.0182478,0.0309565,0.0174245,0.0183079,0.0248726,0.0292809,0.176867,0.0229831,4.5473e-22,8.07452e-22,1.46541e-06,4.88374e-20,0.0647855,1.28914e-23,0.0843604,0.428934,0.78381,0.157093,0.0703102,0.0124976,0.0,0.0356064,0.128009,0.0341255,0.130939,0.0133781,0.0440616,0.0414655,0.297415,0.0576096,0.00358128
0.0384418,0.177563,0.331087,3.24511,0.0,0.243676,0.0714416,0.0135716,0.0946737,0.0292701,0.978553,0.0494194,0.252055,0.191004,0.0695918,0.00393886,0.0464145,0.118671,0.004563,0.0601561,0.567064,0.177816,0.00190676,0.172427,1.47422,2.5407,0.33222,0.00223777,0.775423,0.823037,3.36083,0.134855,1.08059,0.175839,0.20794,0.902845,0.175237,0.463044,0.0487071,0.0100432,0.0096021,0.00277389,0.0335553,0.00237781,6.67067e-12,0.035246,0.00491884,0.000403812,0.011659,0.00877048,0.0112153,0.121042,0.0699032,0.0671253,0.0187329,0.00457732,0.0104248,0.0470087,0.0240858,0.0142177,0.00113403,0.0,0.00793592,0.0178101,0.0161854,0.00249778,0.00323387,0.049208,0.152051,0.0747045,0.0179841,0.110635,0.0284514,0.0104588,0.0188539,0.0267887,0.0197641,0.0308305,1.8491,0.0225689,0.000347795,0.0274781,0.012892,0.0226455,0.0329908,0.00890026,0.0155525,0.0212709,0.0210693,0.126965,0.0090066,9.848e-23,2.36581e-06,5.64964e-22,1.70679e-20,0.0611799,1.53949e-23,0.112324,0.384251,0.692223,0.144182,0.0604845,0.0164226,0.0,0.0571807,0.135564,0.0290335,0.130416,0.0134107,0.0425103,0.0343819,0.257625,0.042884,0.00362509
0.0461754,0.184331,0.267201,3.40577,0.0,0.250971,0.054828,0.00950459,0.0995899,0.0161596,0.94238,0.0475025,0.274928,0.216284,0.0643414,0.00468962,0.0395579,0.0952561,0.00526012,0.0542768,0.538983,0.188696,0.00173339,0.174221,1.62242,1.9295,0.297863,0.00231147,0.982842,0.849654,3.77799,0.14935,1.04668,0.186292,0.258046,0.921963,0.180123,0.437349,0.0280666,0.0097607,0.0155064,0.00380895,0.0304837,0.00620001,1.05666e-10,0.0348298,0.005042,0.000348682,0.0119845,0.0087722,0.0110924,0.143537,0.0522557,0.0722722,0.023737,0.00599936,0.00945483,0.0411903,0.0209375,0.0130451,0.000988508,0.0,0.00845499,0.0177145,0.0146545,0.00308059,0.00345973,0.034666,0.158477,0.0787176,0.0137303,0.107463,0.027914,0.0119666,0.0147815,0.0229772,0.0246185,0.0281493,1.94708,0.0229171,0.000305674,0.0370489,0.0303346,0.0270621,0.0409106,0.00981887,0.0212217,0.0186094,0.0306914,0.127308,0.00932856,3.231e-22,1.31449e-05,7.42293e-07,4.63203e-20,0.057111,6.8676e-24,0.132563,0.293714,0.617409,0.149891,0.0742784,0.0249646,0.0,0.0882599,0.167307,0.028855,0.211605,0.051137,0.0398089,0.0424965,0.233712,0.0352955,0.0038008
0.0105868,0.165257,0.216469,3.48791,0.0,0.255427,0.0636052,0.00923225,0.0733038,0.0184624,0.801756,0.0452647,0.273133,0.204539,0.0705056,0.0045058,0.0314475,0.0900681,0.00501236,0.0546272,0.552077,0.18384,0.00203023,0.18016,1.50539,1.97132,0.233144,0.00222225,0.986649,0.864329,3.363,0.157675,1.02719,0.18284,0.285222,0.85825,0.128809,0.435203,0.0293318,0.00530646,0.0121438,0.00234823,0.0269332,0.00366901,5.31874e-11,0.0239184,0.00442567,0.000355172,0.0103289,0.00770622,0.0106546,0.127078,0.0268086,0.0625669,0.0113815,0.00371873,0.0101038,0.0255946,0.0212702,0.0140848,0.00071582,0.0,0.00816962,0.018204,0.00966982,0.00197063,0.002202,0.0274425,0.147828,0.0733317,0.00927407,0.11116,0.0285532,0.00510524,0.0149751,0.0245437,0.0185211,0.0230315,2.12683,0.0195542,0.000252184,0.0208583,0.0334953,0.0267874,0.0386378,0.00973944,0.0179922,0.0228898,0.0285471,0.155912,0.0212242,6.95683e-22,3.43876e-06,1.31218e-06,6.05335e-20,0.0460956,0.0,0.109691,0.271642,0.645379,0.167098,0.0680925,0.0175167,0.0,0.0664598,0.149977,0.0388925,0.183723,0.0246728,0.0498117,0.0398644,0.261382,0.0443558,0.00385967
0.0292403,0.159297,0.271933,3.39785,0.0,0.282111,0.0844358,0.00902107,0.118136,0.0218366,0.817988,0.0491525,0.234357,0.173344,0.0485064,0.00403894,0.0431123,0.102098,0.00366276,0.0483578,0.512997,0.20913,0.00200919,0.186165,1.45763,2.02754,0.233589,0.00238314,1.06478,0.843611,2.96292,0.172358,0.91099,0.19071,0.292248,0.843318,0.162946,0.331236,0.0201122,0.00587253,0.00598041,0.00120427,0.0232873,0.00192959,8.64235e-12,0.0307008,0.00440011,0.00025306,0.0140605,0.00766084,0.00769832,0.116806,0.0580568,0.0736904,0.0277498,0.0046913,0.00775556,0.0515982,0.0161885,0.0128133,0.000902138,0.0,0.00685423,0.0215957,0.0108277,0.00299659,0.00314378,0.0468046,0.148796,0.0598913,0.0163968,0.107577,0.0303258,0.0116326,0.0188454,0.0250904,0.0223646,0.0298679,1.80077,0.0186051,0.000307398,0.0338075,0.0344348,0.0388125,0.0480101,0.0234643,0.0250322,0.0335664,0.0459796,0.195735,0.0218887,2.6613e-23,4.7143e-06,1.59563e-06,4.57916e-20,0.0493834,0.0,0.0738624,0.328514,0.691043,0.181105,0.0440677,0.0136137,0.0,0.065171,0.135626,0.0443862,0.123962,0.0492443,0.0564274,0.0296183,0.265369,0.0385586,0.00409024
0.0408595,0.201751,0.260914,3.50529,0.0,0.271555,0.0664494,0.00931493,0.0978376,0.0347824,0.896047,0.0503251,0.257863,0.205205,0.0620906,0.0048252,0.0590833,0.111706,0.00492387,0.0471759,0.458942,0.136093,0.00152662,0.147995,1.52161,2.11064,0.305633,0.00239531,0.980843,0.877382,3.75376,0.148574,1.02887,0.172574,0.2966,0.914699,0.144885,0.414426,0.0544634,0.0038513,0.00666631,0.000124863,0.0319815,0.00166016,9.54261e-12,0.0275536,0.00345235,0.0001837,0.00988657,0.00738211,0.0099321,0.140714,0.053468,0.0588018,0.0178427,0.00386357,0.0100058,0.0555398,0.0179673,0.00970572,0.00101941,0.0,0.00507867,0.0135077,0.00746046,0.00222064,0.00342739,0.0388903,0.15561,0.072151,0.0170122,0.111014,0.028659,0.0108077,0.0115714,0.0207078,0.0249282,0.018748,1.81014,0.0131052,0.000210589,0.0299604,0.0322013,0.0417618,0.0488406,0.0232722,0.0228479,0.0351912,0.0436022,0.149525,0.00899209,5.577e-22,7.26347e-06,1.05939e-06,2.81128e-19,0.0579059,0.0,0.0890916,0.323809,0.515058,0.142954,0.0811342,0.0215199,0.0,0.0678319,0.116382,0.0311782,0.182702,0.0364236,0.0385409,0.0128401,0.253294,0.0395028,0.00384843
0.0295695,0.172072,0.275965,3.37411,0.0,0.248971,0.0604173,0.00818296,0.0788785,0.0365934,0.904255,0.0640868,0.25519,0.201747,0.0692158,0.00428398,0.0571727,0.111022,0.0051495,0.0569533,0.59096,0.19278,0.00167986,0.191284,1.49682,2.16396,0.308169,0.00210932,0.995429,0.892794,3.80453,0.140432,1.07806,0.183256,0.323113,0.938856,0.149607,0.464125,0.060947,0.00617369,0.0112643,0.000802394,0.0352595,0.00336411,6.7538e-12,0.0247746,0.00221885,0.000552464,0.0141446,0.00716858,0.0089534,0.128732,0.018617,0.0547847,0.0144425,0.00668121,0.0101561,0.028782,0.017488,0.0125954,0.000684731,0.0,0.00415671,0.0208894,3.00381e-05,0.00345879,0.00292812,0.00188722,0.147304,0.0610848,0.012551,0.107838,0.0281983,0.0099826,0.0102521,0.0213825,0.0221939,0.0339713,1.7021,0.022653,0.000390762,0.0307536,0.0338131,0.0335334,0.0466286,0.0166447,0.0196359,0.0292951,0.0368901,0.171328,0.020445,1.05707e-21,2.33466e-21,5.43809e-07,1.92203e-20,0.0528732,0.0,0.0960858,0.31913,0.513526,0.136624,0.071701,0.01275,0.0,0.0457559,0.107292,0.0260963,0.0939731,0.0208771,0.0358758,0.029428,0.188418,0.0273309,0.00297504
0.0312509,0.18547,0.283388,3.54205,0.0,0.25818,0.0566088,0.0118582,0.0830556,0.0237891,0.897021,0.0620649,0.269786,0.182782,0.0576227,0.00475171,0.0555956,0.10672,0.00446762,0.0506896,0.558769,0.208721,0.00139215,0.186748,1.44663,1.92852,0.339209,0.00232,0.897471,0.905562,3.65308,0.145293,1.02013,0.179038,0.344068,0.923109,0.0656529,0.429492,0.0313551,0.00781422,0.0105025,0.00261886,0.0299881,0.00471583,2.56054e-12,0.0256647,0.00190853,0.000454418,0.0110762,0.00592249,0.00854466,0.125461,0.0348805,0.0439846,0.0359616,0.00635393,0.00616137,0.051659,0.0180988,0.0130659,0.000495743,0.0,0.00318484,0.018082,0.00574482,0.00360923,0.00321128,0.0248113,0.148257,0.0490711,0.0132131,0.111144,0.0284042,0.0169639,0.0238297,0.0333579,0.0260542,0.0472456,1.89031,0.0305953,0.000521406,0.0453864,0.0329154,0.0295473,0.0502002,0.0159656,0.0222036,0.0310815,0.0405532,0.173833,0.0112071,1.38226e-22,6.08536e-06,3.40877e-07,3.30227e-18,0.0562345,0.0,0.0923131,0.379756,0.550184,0.145934,0.0461753,0.00588437,0.0,0.020125,0.122748,0.0343243,0.0870022,0.0306387,0.0467521,0.0323027,0.229625,0.0363734,0.00355563
0.013177,0.208066,0.280442,3.40883,0.0,0.241483,0.0765297,0.0103014,0.0956755,0.0200674,0.879186,0.0534711,0.22461,0.192322,0.0594939,0.00385995,0.038317,0.113799,0.00488161,0.0520919,0.535297,0.184917,0.00144049,0.179981,1.584,2.51526,0.255449,0.00242482,0.909413,0.877113,3.69233,0.149014,1.02502,0.18648,0.310149,0.905534,0.0912776,0.382014,0.038287,0.00913163,0.00501947,0.00161809,0.0348461,0.00152687,3.41505e-13,0.0352409,0.00265736,0.000285492,0.0114489,0.00650371,0.00771465,0.123768,0.0533936,0.051269,0.0255747,0.0060731,0.00870892,0.0550367,0.0176254,0.0123228,0.000498151,0.0,0.00484582,0.0193743,0.0121325,0.00375874,0.00283628,0.0475869,0.151246,0.0618132,0.0158027,0.112601,0.0291839,0.0142171,0.0219964,0.0257653,0.0224779,0.0444619,1.85421,0.0303962,0.000505105,0.0391607,0.0248317,0.0195691,0.0377479,0.014366,0.015614,0.0251474,0.0278865,0.156398,0.0172942,6.45248e-22,4.23491e-22,1.9393e-07,4.49816e-20,0.058851,0.0,0.081588,0.379944,0.701052,0.15285,0.0512203,0.00615503,0.0,0.0287359,0.122677,0.0393744,0.126506,0.0413128,0.0505944,0.0452314,0.264548,0.0459031,0.00352162
0.0301689,0.183491,0.329314,3.48876,0.0,0.210987,0.0513126,0.00671472,0.0748445,0.0262736,1.0199,0.0734099,0.256997,0.22704,0.0775192,0.00453228,0.0699571,0.104617,0.00539969,0.0536428,0.571388,0.192501,0.0030013,0.181353,1.41006,1.77038,0.28401,0.00250537,0.888978,0.842813,3.78265,0.154976,1.04715,0.186408,0.192641,0.923804,0.139557,0.390994,0.048071,0.0116116,0.0164675,0.00292458,0.0352837,0.00381092,1.25246e-13,0.0485658,0.00240964,0.00020344,0.015181,0.00860861,0.00764892,0.110173,0.0508385,0.0604385,0.0285572,0.00843213,0.0104166,0.0634423,0.02045,0.0130403,0.000428441,0.0,0.00468296,0.0213376,0.00189099,0.0050037,0.00466012,0.0297692,0.158865,0.0710863,0.0188537,0.114978,0.0300727,0.0132977,0.0231311,0.028533,0.0307815,0.0473222,1.79274,0.0287037,0.000566619,0.045529,0.0301444,0.027104,0.0435508,0.0171888,0.0232833,0.0264917,0.0343984,0.158597,0.00844802,4.32452e-23,8.16422e-06,5.66557e-07,6.61732e-20,0.0532077,0.0,0.0733094,0.375435,0.756644,0.154465,0.0906147,0.0225457,0.0,0.0686224,0.180014,0.0424693,0.199838,0.0370127,0.0519798,0.0441161,0.17791,0.0353001,0.00360403
