21.8011,9.70139,25.265,5.90946,0.0,12.1283,11.3308,23.056,0.714129,26.8919,26.3443,23.6137,23.9351,26.7478,26.6617,27.5941,26.0858,23.8461,27.5847,26.8093,24.4058,18.5919,27.2797,13.4554,-0.620065,10.5523,20.3046,-9.51646,13.2168,20.2863,26.8762,10.4844,25.8532,23.9582,26.6699,21.1742,18.8137,27.0756,27.4858,27.1863,24.3522,25.745,25.9325,24.3777,25.2076,7.49426,11.6538,19.0087,9.34532,8.51712,6.1349,2.08193,12.7952,10.2317,15.0646,11.5878,9.73947,12.8581,7.16412,8.48403,11.4207,18.2881,10.9885,9.64816,15.1837,9.54893,8.57606,13.9919,2.53259,9.27479,9.28353,1.62988,-0.159863,13.117,12.4067,8.533,12.3894,11.107,-0.73571,11.074,12.0683,11.8591,9.88202,5.68693,14.874,5.78476,11.0745,9.9312,16.4834,12.0567,22.837,21.3103,18.7669,19.2871,21.2133,26.6802,27.0829,26.5465,26.3144,25.2019,23.0729,24.4854,22.9643,24.3932,23.9688,22.3443,23.7589,23.1437,22.3622,25.5957,21.9686,17.1164,20.2966,3.56802
22.3693,11.218,25.9754,7.21807,0.0,14.1856,13.0556,23.8552,2.23679,27.5368,27.1668,23.8071,24.4033,27.5854,27.476,28.2835,26.4001,24.2302,28.4391,27.1078,24.7917,19.6837,27.7445,14.754,-0.238501,11.2704,20.8759,-9.67313,13.6781,20.3739,27.1125,10.8676,26.269,24.2142,26.4594,21.4348,18.7654,27.0506,27.3583,27.0705,24.9166,26.0371,25.9023,24.8328,25.8066,8.91943,12.5501,19.7766,10.6581,9.63975,8.34906,3.61456,13.5007,11.457,16.0044,12.6852,10.5376,13.9471,9.09327,9.99864,12.2934,18.8632,12.127,10.905,15.4372,10.7869,9.78819,14.3232,3.88674,10.2736,10.4884,2.72446,1.37391,14.1105,13.3197,10.1,13.5401,11.9362,-0.162126,11.9005,12.6593,12.9713,9.79679,6.86813,15.3683,6.29701,11.3371,10.4277,17.4611,12.9386,23.5166,21.3888,19.4378,20.3328,21.3458,26.7046,27.3265,26.6176,26.4732,25.7199,23.3229,24.9884,23.1867,24.9268,24.1826,22.8428,24.2478,23.4117,22.9571,25.8406,22.9549,18.5992,21.5304,3.91293
22.6479,11.4921,26.5617,7.51916,0.0,14.5205,13.5979,24.3374,1.86612,28.1419,27.671,24.4107,24.9385,27.9831,28.0024,28.7605,26.9526,24.8726,28.7779,27.6629,25.2392,20.4267,28.0669,15.4426,0.0263778,11.6574,21.7496,-8.86975,13.9266,21.0942,27.6201,11.2613,26.8426,24.7019,26.8214,22.1008,19.2471,27.3633,27.8479,27.2149,25.6341,26.0875,26.0006,25.0012,26.1474,9.13964,13.0537,19.9695,11.0233,10.4234,8.39344,3.79796,14.2038,11.9482,16.077,13.1434,10.8167,14.3203,9.19996,10.2835,12.8749,19.3381,12.6383,11.4401,15.6825,11.3242,10.3378,15.41,4.36315,10.556,10.8509,3.09784,1.29577,14.1714,13.4119,10.0916,14.042,12.1129,0.71064,11.9495,12.8272,13.1559,10.4564,7.49118,16.2738,7.26052,12.5725,11.0794,18.2205,13.1978,23.7494,21.3772,20.4471,19.6982,21.2696,27.3919,28.1071,27.2111,26.8478,26.0777,23.852,25.3546,23.893,25.3391,24.5714,23.1699,24.569,24.0155,23.071,26.0295,21.9357,17.4159,20.9421,3.57685
23.324,11.0215,26.5652,7.48765,0.0,14.5278,13.7671,23.9957,3.06402,28.1876,27.8093,24.3831,24.6399,28.2094,28.147,28.8659,27.0653,24.8626,29.1231,27.2425,25.2934,20.7448,28.463,15.83,0.213985,12.367,21.9295,-9.39386,14.6871,21.4032,28.045,11.7313,27.0201,24.9124,26.7456,22.2973,20.4433,27.7743,28.3619,27.5614,25.8087,26.5888,26.3262,25.4095,26.3226,9.51166,13.1414,20.4459,11.2727,10.1975,8.48643,3.07176,14.2345,12.065,16.3699,13.241,11.1193,14.5212,9.61636,10.6172,13.1141,19.3045,12.6506,11.5822,15.5449,11.5137,10.6903,15.2764,3.49992,10.6676,11.0326,2.61611,0.657672,14.3177,13.9068,10.9477,14.2324,12.5448,1.70587,12.987,13.6149,13.278,12.0552,8.05705,17.6347,8.69538,14.1024,12.2377,19.5145,14.1687,24.9508,22.0314,20.2786,20.6897,21.9445,27.7977,28.3314,27.6272,27.1827,26.555,24.5428,25.6838,24.4091,25.2166,25.3043,23.7537,24.8607,24.8406,24.1025,26.7512,23.7334,18.9885,22.1368,4.02024
23.8069,12.0856,26.7576,7.95695,0.0,14.4961,13.6838,24.3444,2.939,28.3033,28.0218,24.5852,25.3014,28.3817,28.328,29.1373,27.2015,24.9662,29.2313,28.095,26.0022,20.216,28.6972,15.387,0.333696,12.4936,22.5738,-8.88818,15.1923,21.9099,28.3937,11.9801,27.5453,25.38,28.0855,22.8225,20.695,28.2388,28.7312,28.2436,26.025,27.063,26.9095,25.7818,26.7895,9.731,13.273,20.6126,11.6687,10.0497,9.61427,5.4424,14.3255,12.1759,16.6985,13.714,10.716,14.5719,10.2376,10.995,13.0185,19.4584,12.6698,12.0152,16.1171,11.8777,10.8308,15.683,4.7856,10.398,11.1722,3.54706,-0.175684,14.6113,14.1307,11.3608,14.449,12.8385,1.52882,13.0728,13.7364,13.6508,12.3654,8.10805,17.0516,8.34426,13.5765,12.1359,18.3841,14.3486,24.1203,21.9602,21.0863,20.6072,21.9363,28.0416,28.6393,27.7765,27.5087,26.9094,24.8397,26.0528,24.3026,25.8189,25.1854,23.9524,25.4208,24.7794,24.1383,26.8799,24.1229,19.3625,22.4567,4.07579
24.2009,11.9822,27.171,8.88889,0.0,15.0881,14.5447,24.6227,3.82742,28.6622,28.2706,24.8072,25.7375,28.6339,28.556,29.4081,27.4535,25.3116,29.3833,28.7776,26.7303,21.2824,28.9913,16.514,1.62008,12.5645,22.7613,-8.98436,15.2029,22.5661,29.0987,12.2341,28.1939,26.0573,28.1824,23.5601,20.4716,29.1265,29.47,28.9107,26.9361,27.8632,27.5589,26.6887,27.3675,10.12,14.0596,20.4125,11.5116,10.0767,8.49951,4.68356,15.2501,12.496,16.8199,13.6315,11.3618,15.4176,9.10112,10.0804,13.8509,20.0448,13.129,11.5016,16.6712,11.6436,11.2844,16.7807,4.28511,11.1203,11.8494,3.26696,1.47241,14.8763,14.0559,10.2467,14.9043,12.4963,2.29076,12.4057,13.3749,13.7732,13.2159,9.38849,17.8379,7.78213,13.1636,11.1349,19.2722,13.85,25.2109,21.9823,21.4249,20.9369,22.3139,28.7016,29.1229,28.5073,28.1249,27.4435,25.2168,26.2749,24.7476,26.1466,25.7486,24.3019,25.8162,25.3004,24.7267,27.5573,25.5678,20.2586,23.4238,4.23636
24.2011,12.0263,27.231,8.81243,0.0,15.3592,14.2121,24.6954,3.50951,28.5994,28.4558,25.0519,26.0068,28.7786,28.6788,29.4965,27.7384,25.3741,29.5105,28.7181,26.5742,21.2957,29.1352,16.0656,1.82907,13.6652,22.7177,-8.62251,15.3429,22.6043,28.7244,12.0079,27.7739,25.5041,28.9055,23.077,20.8294,28.7124,29.2529,28.3536,26.0651,27.3255,27.1085,25.9992,27.0464,10.9508,14.0571,21.2769,12.441,10.7003,10.3834,6.01843,15.6649,13.06,17.831,14.3991,11.2318,16.0219,10.9262,11.7189,14.0695,20.7672,13.2915,12.6608,17.0245,12.5656,11.9358,17.1639,5.46817,11.0775,12.5797,4.19925,1.54066,15.8289,15.0933,11.9828,15.5998,13.6147,2.83868,13.9303,14.6784,14.6511,12.8277,8.63785,17.3592,9.20115,14.0879,12.7901,19.2,15.0985,25.055,22.6065,21.7659,21.4882,22.4263,28.64,29.1068,28.2299,27.9875,27.2226,25.1244,26.4975,25.0096,26.1011,25.9591,24.4443,25.3694,25.0555,24.5215,27.3672,24.928,19.6763,22.763,4.59093
24.1172,12.0431,27.1844,9.49699,0.0,16.2887,15.7903,25.2827,3.97954,29.2016,28.5771,25.6158,26.2718,28.9848,28.8143,29.8165,28.2346,25.9262,29.7742,28.6944,26.6444,22.2664,29.2275,17.2301,0.449363,12.6601,23.4757,-7.63507,15.8852,22.8421,29.0891,12.5086,28.1538,26.1204,29.0693,23.5506,21.0178,29.0167,29.4993,28.8629,26.8568,27.6975,27.547,26.5682,27.3899,10.7155,13.5245,21.4292,12.319,10.3477,8.98863,5.94823,14.6704,12.5865,17.8446,14.5548,10.4341,15.8466,9.78404,10.9306,13.4319,20.5277,12.9424,12.2771,16.5157,12.6294,11.6946,16.3837,5.86401,10.4419,12.0393,4.91894,2.37245,16.0266,15.1269,10.97,15.5141,13.6778,1.96607,13.0933,14.1763,14.9288,12.0646,9.58916,17.6721,8.73539,13.87,12.2453,19.9965,14.9563,25.7153,22.7808,21.5559,21.7474,22.7887,28.893,29.1497,28.4883,28.3263,27.3584,25.358,26.3467,24.4132,26.0175,25.563,24.3525,25.763,24.9156,24.0143,27.7313,24.6137,20.539,23.0479,4.4641
24.8244,12.4955,27.472,9.26347,0.0,15.2315,14.6674,25.3283,3.6647,29.3474,28.8048,25.763,26.6465,29.1941,29.1058,30.1698,28.2395,26.1871,30.025,29.4854,27.1334,22.2679,29.6863,17.242,2.36584,13.4467,22.8398,-7.85804,15.6536,23.0576,29.4517,12.5255,28.5181,26.2816,29.3591,23.9864,20.598,29.3007,29.6273,29.0905,26.8143,27.9558,27.6788,26.6191,27.3756,10.8225,13.9847,21.6228,12.3336,10.832,10.1285,6.23165,15.1269,12.9297,17.7775,14.3385,11.8078,15.6348,10.5374,11.3598,13.8823,20.5341,13.155,12.5167,16.6468,12.6046,11.8134,16.0267,5.72846,11.3101,12.1757,4.69356,1.63124,15.8651,15.1598,11.4807,15.3546,13.647,1.59939,13.5779,14.428,14.7565,11.9858,9.27014,17.8025,9.14775,14.4047,12.8058,20.3466,15.3135,25.9956,23.5607,20.6428,21.5804,23.1527,29.3326,29.3178,28.9078,28.6555,27.7519,25.748,26.6408,24.9611,26.4712,25.9191,24.87,26.0739,25.7562,24.7668,28.1116,25.1223,20.3556,23.2978,4.78613
25.0666,12.4877,27.5825,9.77553,0.0,16.0919,15.2495,25.1539,4.80626,29.1203,28.9081,25.1511,26.5318,29.269,29.1653,30.0152,27.9362,25.661,30.0079,29.6838,27.1558,22.3659,29.3084,17.7438,2.20156,13.2317,22.6189,-6.88598,15.2308,23.1304,29.2427,12.1422,28.3148,26.0039,29.0032,23.749,20.5146,29.1051,29.5079,28.8373,26.631,27.7726,27.4693,26.427,27.4654,10.613,13.3615,21.6949,11.9613,10.2914,9.30971,5.96767,15.1815,12.4559,18.2018,14.3294,11.0463,16.2234,9.95857,10.7688,13.5833,21.0319,12.6561,11.9772,16.8966,12.2612,11.8885,17.2235,5.23388,10.5756,12.3153,4.45034,2.14674,16.3733,15.8504,10.95,15.7703,13.9141,2.80047,13.2834,14.8007,15.3042,13.7346,10.5533,18.8462,9.06511,14.3924,12.4392,20.3435,15.415,25.7867,23.0619,22.2304,22.5034,23.3414,29.1312,29.7062,29.0601,28.4767,27.6808,25.6115,26.679,24.6336,26.3692,25.6258,24.4875,25.965,25.3694,24.4267,28.0213,24.851,20.4645,23.4162,4.40947
24.9847,12.7366,27.7153,9.9603,0.0,16.1718,15.4916,25.3487,4.83075,29.3496,29.0051,25.7506,27.0201,29.4019,29.0448,30.2587,28.4167,26.109,30.2484,30.0457,27.3323,22.4079,29.6334,17.7739,1.97664,13.224,23.3363,-7.26413,16.1456,23.4616,29.6237,12.6904,28.7873,26.5269,29.7679,24.276,21.3642,29.5552,29.6154,29.3682,27.1732,27.9459,27.9432,26.7946,27.6068,10.5217,13.7848,22.1976,12.0903,10.0788,8.92416,4.98881,15.1832,12.5666,18.3002,14.7231,11.3232,15.8168,9.84425,11.037,13.6879,20.6941,13.054,12.2891,16.8452,12.5507,11.7881,16.4575,4.54827,11.0052,11.9659,3.6494,2.48338,16.2563,15.8102,11.5397,15.6585,14.1993,2.41961,13.9857,14.981,15.1498,13.8228,10.4228,19.2604,10.596,15.8121,13.7037,21.1659,16.2319,26.4839,23.5655,21.3848,21.5262,23.0137,29.5659,29.4547,29.0616,28.9232,27.9506,25.797,26.5144,25.0951,26.1131,26.1833,24.9259,26.3539,25.8217,25.4253,28.3976,25.8812,20.805,23.6614,4.65555
24.6214,12.4138,27.8984,10.0891,0.0,16.3543,15.6977,25.204,5.15581,29.1629,28.9878,25.878,26.9501,29.1865,29.1746,29.9206,28.4314,26.0384,29.887,29.7709,27.3411,22.6304,29.4984,17.9103,2.78655,13.6878,23.0066,-7.89896,16.2673,23.0678,29.3673,12.6175,28.6243,26.4066,29.8147,24.0165,21.8467,29.4226,29.7285,29.122,27.1809,28.0093,27.8342,26.8557,27.6994,11.7407,14.5782,22.2883,13.3115,10.9465,10.8233,6.68313,16.0251,13.6378,18.7179,15.6589,11.2767,16.6891,11.3527,12.0829,14.5711,21.1587,13.8103,13.3422,17.8176,13.622,12.7005,17.6527,5.8286,11.1782,13.1414,4.65952,1.97092,16.8552,16.1781,12.2915,16.5574,14.6763,3.48379,14.4819,15.4007,15.9342,13.7961,10.4234,18.8603,9.22237,14.426,12.821,20.6911,15.7522,26.1637,23.5616,22.124,22.3788,23.2404,29.2598,29.6449,28.9569,28.7521,27.9973,25.8025,26.5439,25.5853,26.2072,26.3263,25.0851,26.3022,26.0042,25.1087,28.4257,25.6342,20.7392,23.6584,4.49057
25.0998,12.3621,27.9335,9.86215,0.0,16.2456,15.5358,25.5247,4.97116,29.5911,29.1771,26.0881,26.9338,29.5732,29.3858,30.3932,28.6615,26.3091,30.2977,29.7802,27.6605,22.1346,29.9753,17.299,2.7646,13.3905,23.1807,-7.1329,15.6753,23.5514,29.8548,12.6636,28.959,26.7528,29.6186,24.3248,20.7287,29.6328,29.9817,29.3676,27.3656,28.1417,28.0103,26.992,27.8798,11.6787,14.181,22.1953,13.3597,11.1244,10.6486,6.09864,15.5051,13.5242,18.609,15.6903,11.2566,16.4181,11.3799,12.3214,14.4341,21.1989,13.556,13.4998,17.0666,13.754,12.7829,16.7568,5.60049,11.0565,12.9278,4.3974,2.84438,16.7812,16.3003,12.9306,16.3386,15.1368,3.24619,15.2325,16.1773,15.8507,14.1703,9.76861,18.6853,9.73655,15.0295,13.6978,20.2092,15.9176,26.0762,23.761,21.9981,21.5262,23.1488,29.5706,30.0766,29.2976,28.9629,28.2028,26.1792,26.9186,25.9786,26.6153,26.6504,25.2745,26.6078,26.4013,25.6571,28.5128,26.3233,21.1925,24.0078,4.69841
25.1887,12.623,27.8708,10.7808,0.0,16.8826,16.1245,25.5353,5.84226,29.3199,29.168,25.4736,26.7282,29.4653,29.3825,30.4943,28.1954,25.9048,30.1547,30.2457,27.8916,23.4883,29.8231,18.7165,4.21505,14.0964,23.4546,-6.34063,16.0075,23.7941,30.1576,12.7339,28.8578,26.5077,30.1461,24.2093,21.0464,29.9224,30.2456,29.4071,27.2273,28.234,28.0815,26.9712,27.8775,11.5036,14.5672,22.2209,13.0588,11.2807,10.3275,5.95127,15.9265,13.6335,18.7617,15.5967,11.5997,16.6362,11.0267,11.8719,14.767,21.2058,13.9588,13.134,16.8667,13.4808,12.7578,16.9734,5.83604,11.3946,13.0887,4.89494,2.52583,16.8725,16.295,12.3635,16.4938,14.8026,3.61405,14.6761,15.6958,15.9295,14.9385,11.5689,20.1323,10.3004,15.6428,13.7554,21.3219,16.0207,26.7964,23.6617,21.712,22.6472,23.5661,29.862,29.9387,29.363,29.0801,28.1812,26.1233,27.1161,25.4213,26.7546,26.5419,25.2176,26.6135,25.7985,25.1795,28.566,25.7887,21.291,24.0514,4.69951
24.7756,12.4309,28.0732,10.0712,0.0,16.7758,15.9536,25.4277,5.23128,29.6493,29.3438,25.647,26.7215,29.6943,29.4578,30.6123,28.5357,26.039,30.4972,29.6479,27.6516,23.1901,30.1289,17.9713,3.36195,13.9556,23.3241,-6.52802,15.9113,23.7747,30.1158,12.6302,29.1952,27.0092,29.8606,24.5623,20.9759,29.9862,30.3964,29.6893,27.6909,28.5065,28.3841,27.2888,28.1382,11.9035,15.316,21.5988,13.5386,11.905,11.0252,7.11315,16.2305,14.2496,18.2516,15.649,11.4667,16.6609,11.6139,12.3298,15.358,20.8029,14.6571,13.5732,16.8675,13.8347,12.7994,16.9178,6.75634,11.7135,13.3407,5.65714,2.86118,16.5213,15.8143,12.494,16.4992,14.6212,3.42078,14.4909,15.3518,15.6315,13.7314,10.5849,18.6084,9.71687,14.8869,13.1455,20.8325,15.602,26.4674,23.1616,21.6637,21.8677,23.1277,29.7619,29.9185,29.3066,29.069,28.3804,26.4473,27.1217,25.9481,26.6797,26.8132,25.4675,26.8665,26.3549,25.3477,28.6488,25.9831,21.0551,24.1484,5.1376
25.7346,12.4411,28.4213,10.5929,0.0,16.0488,15.5416,26.0859,4.21888,30.2161,29.669,26.812,27.8901,30.1491,29.9105,30.9551,29.4061,27.0698,30.83,30.5382,28.2915,23.1485,30.4398,18.3189,1.95588,13.6407,23.871,-6.28038,16.3296,24.0275,30.5135,13.364,29.6103,27.3141,29.025,25.0294,21.2584,30.6457,30.7528,30.1839,27.8613,28.948,28.8493,27.6601,28.4401,9.93889,13.0748,22.0765,11.6998,10.6245,10.1427,6.43284,14.2382,12.196,18.3702,14.18,10.799,15.3991,10.6507,11.2723,13.0047,20.539,12.6152,12.0493,15.6403,12.1163,11.3106,15.4713,5.61346,10.5281,11.2012,5.00874,2.85067,16.1494,15.8169,11.6951,15.2498,13.7686,2.76873,13.8132,14.8018,14.9593,14.1073,11.2821,19.4429,10.3882,15.6193,13.8397,21.2042,16.2202,26.8221,24.1816,20.8446,21.8301,23.7259,30.5606,30.1034,30.0674,29.8725,28.9053,26.9343,27.4796,26.5062,27.3612,27.2387,25.9202,27.268,27.0584,26.1176,29.3042,26.4287,21.0358,24.2598,5.21816
25.9874,13.4291,28.4292,10.6846,0.0,16.4792,15.5132,25.753,5.05042,29.6475,29.5503,25.963,27.199,29.8495,29.5447,30.7665,28.7436,26.2341,30.5238,30.1875,28.2193,23.1122,30.3027,18.1466,3.79856,13.9845,24.0999,-5.26459,16.4083,24.3512,30.3286,12.9726,29.2996,27.0299,30.1026,24.7846,21.1972,30.2846,30.5126,29.8862,28.1648,28.7139,28.5793,27.7276,28.3798,10.1365,11.9958,22.4335,11.5009,9.20174,7.85735,4.30051,13.778,11.4849,18.8738,14.6336,10.1337,15.5306,8.78112,10.0415,12.2369,20.6462,11.483,11.5575,15.7166,12.2758,11.6402,15.7534,3.8724,9.4918,11.2337,3.28375,2.84743,16.7035,16.6015,10.6398,15.5731,14.5863,2.98697,14.0628,15.5025,15.5596,14.4299,11.2444,18.9912,11.1181,15.9607,14.3875,20.8717,17.0234,26.9361,24.2037,21.7387,22.6386,24.1128,30.7575,30.2885,30.2691,29.9297,28.7196,26.9408,27.2775,25.8744,27.1282,26.778,25.6399,27.0058,26.4569,25.2606,29.481,26.0699,21.4941,24.5374,5.20345
25.4963,13.3873,28.3103,10.2946,0.0,16.8835,15.6121,25.7256,5.17723,29.5738,29.4456,26.1205,27.0953,29.7784,29.6978,30.5811,28.7745,26.3606,30.4994,29.6475,27.7132,23.196,30.1444,18.4417,3.25626,14.0378,24.0671,-6.2649,16.209,24.0381,30.1923,12.8117,29.1612,26.8309,29.8501,24.6153,21.3762,30.2014,30.5339,29.7362,27.7098,28.6884,28.4881,27.4887,28.2095,12.3759,15.7296,22.7327,13.7329,11.5105,9.60639,5.72222,17.2501,14.4128,19.3325,16.2791,12.3407,17.5043,10.426,11.5838,15.914,21.9563,14.7317,13.421,17.7376,14.1099,13.5073,17.8375,5.75619,12.3285,14.2328,5.00625,3.08369,17.4916,16.7043,11.8779,17.1991,15.4106,2.62378,14.7354,15.9961,16.5297,12.9023,10.8449,19.0695,10.2245,15.2038,13.6367,21.5929,16.3645,27.1937,24.4951,22.4515,22.6371,24.0851,30.0821,30.6595,29.9232,29.6364,28.5096,26.5149,27.3293,25.9498,26.6267,26.7498,25.7403,26.7242,26.5887,25.4682,29.1073,25.7375,20.8807,24.2124,4.86259
25.6208,12.9514,28.3471,10.542,0.0,16.6411,15.6783,25.958,5.20909,30.1189,29.5833,26.6275,27.7236,30.0008,29.8336,30.7571,29.1722,26.883,30.7174,30.0586,27.9465,22.9467,30.235,17.9013,3.01713,13.5912,23.74,-6.54625,16.802,24.0394,30.2067,13.1003,29.4046,27.1372,30.4066,24.707,21.906,30.37,30.4743,30.1012,28.0603,28.964,28.8023,27.7924,28.6243,11.9912,14.265,22.8761,13.5383,11.1676,10.4492,6.28901,15.6765,13.7599,19.3102,16.1678,10.9588,16.8327,11.1604,12.1367,14.5146,21.2177,13.6374,13.5306,16.6541,14.0103,13.0873,16.7095,5.62694,10.9174,13.1764,4.53459,1.93846,17.4319,17.0648,12.6202,16.8628,15.5798,3.80091,15.3316,16.62,16.3931,13.6274,10.2401,18.5005,10.7395,15.5586,14.0365,20.8043,16.7248,26.6823,24.5899,21.1975,22.0994,23.7802,30.1963,30.0961,29.8855,29.6584,28.6366,26.7073,27.1629,25.7405,26.8338,26.5323,25.6208,27.0871,26.2616,25.0379,29.1192,25.9619,21.3403,24.3185,5.33603
25.8772,12.942,28.5589,11.111,0.0,17.3723,16.6155,25.881,6.47412,29.9012,29.7729,25.9868,27.3806,30.045,29.9561,30.8528,28.7515,26.3788,30.6515,30.8281,28.5359,24.2031,30.3042,19.1585,3.27758,13.6251,23.7796,-7.58736,16.7408,24.598,30.8167,13.3456,29.7602,27.54,30.6366,25.3625,22.3447,30.5958,30.8778,30.0993,28.6664,28.9739,28.7408,28.0625,28.7421,12.6528,15.2636,22.9702,14.0647,11.8551,11.6969,7.74734,16.8146,14.4672,19.5155,16.1397,11.1778,17.4594,12.3275,13.1532,15.535,21.5784,14.4241,14.1505,16.7463,14.3111,13.4998,17.8512,6.89073,11.5082,14.2996,5.80763,2.66036,17.5431,17.1362,13.2951,17.1883,15.403,4.08886,15.2055,16.2329,16.6116,14.4044,11.6175,19.6848,11.04,16.0978,14.4079,21.9978,17.0325,27.7053,25.3072,22.1971,23.3602,24.8285,30.6301,30.5835,30.5036,30.1455,28.9385,26.881,27.3065,26.0172,26.9417,26.8845,25.8963,27.2731,26.8955,26.1032,29.7042,26.5608,21.208,24.487,4.79936
25.892,13.2844,28.5479,9.88118,0.0,15.6357,14.6282,25.903,3.50085,30.0367,29.7634,26.6469,27.5853,30.0677,29.8351,30.9548,29.2558,26.8471,30.7727,30.4962,28.5545,22.6749,30.6447,17.68,4.19855,14.5588,24.5613,-6.29234,17.0352,24.6895,30.6879,13.0836,29.7059,27.4061,31.0693,25.1381,22.9739,30.764,30.9309,30.5328,28.4347,29.1842,29.1323,27.972,28.72,10.5941,13.3759,22.2791,12.0985,11.1096,10.5209,7.30433,14.7595,12.5951,18.5744,14.7638,10.869,16.0522,11.0096,11.6426,13.39,20.9757,12.9934,12.458,16.3193,12.6807,11.8161,16.5208,6.67291,10.8886,11.8882,5.89684,2.79545,16.533,15.8922,11.7308,15.6417,14.2693,3.01569,14.0193,15.0157,15.3277,13.1077,10.0377,18.1566,9.96332,14.874,13.5338,20.6501,15.9799,26.88,23.8657,21.5103,22.2194,23.9722,30.5575,30.555,30.2076,29.8962,29.0573,27.1052,27.4869,26.5062,27.2816,27.2898,26.0831,27.5121,27.1518,26.2711,29.3116,27.1044,21.6863,24.8978,5.12359
25.2193,12.9004,28.3836,10.1487,0.0,15.9322,15.339,26.0698,4.96794,30.0542,29.7362,26.7535,27.4507,30.1644,29.7633,31.0115,29.2399,27.0298,30.8185,30.4409,27.9741,22.6342,30.789,17.3586,3.54261,14.6568,24.2345,-6.71366,17.0197,24.0816,30.3813,13.2817,29.5402,27.3012,30.1351,24.9073,22.5663,30.5993,30.7736,30.2386,27.8588,28.982,28.9384,27.6153,28.5998,10.9168,13.5882,22.386,12.2359,9.77234,9.06215,5.49837,15.2991,12.5485,18.9639,14.8494,10.8888,16.4795,9.76711,10.735,13.7626,21.4825,12.8368,11.9679,16.6727,12.6774,11.942,16.8994,4.64255,10.4989,12.4827,3.81058,2.11577,16.899,16.2631,11.366,15.937,14.5625,3.15547,14.296,15.538,15.6015,13.384,9.9861,18.5364,10.4752,15.721,14.3045,20.4255,16.5934,26.913,24.6619,21.3659,22.2093,23.9834,30.7007,30.6441,30.3108,30.0352,28.9831,27.0443,27.6491,26.3118,27.4253,27.2251,26.0809,27.386,26.8689,26.2209,29.4514,27.2239,21.9584,24.759,5.60229
26.1088,12.7478,28.5565,9.80382,0.0,15.9173,15.3011,25.7088,5.34543,30.0127,29.8968,26.5349,27.551,30.2594,29.9806,30.9873,29.0396,26.7467,30.9364,31.138,28.5768,23.0259,30.8147,17.8579,4.7499,14.9887,24.0121,-6.6861,16.5688,25.2866,31.4035,13.3416,30.1711,27.9375,31.1896,25.7753,21.8172,31.2936,31.4594,30.6985,28.5192,29.3997,29.339,28.2709,28.7995,12.8282,15.2415,22.547,13.9013,11.5496,11.7104,7.58053,16.7197,14.2936,19.0261,16.3657,11.363,17.4476,12.1254,12.7824,15.375,21.5829,14.2615,13.8857,17.3062,14.2755,13.8754,18.2655,6.92843,11.5517,14.3078,5.56946,2.46901,17.2884,16.7284,13.1089,17.3615,15.4806,4.17869,15.209,16.3216,16.5043,14.0936,10.0761,18.3093,9.40137,14.3811,13.2535,20.7504,15.7754,27.2331,24.3795,22.3337,22.8491,24.2702,30.584,31.1796,30.5132,30.0945,29.3337,27.5598,27.9616,27.2112,27.5903,27.9634,26.6325,28.028,27.3409,26.645,29.6259,27.2071,22.2261,25.1762,5.00098
26.9914,13.0404,28.8737,10.6102,0.0,16.3222,15.8102,26.4549,5.11025,30.4944,30.1112,27.2363,27.9501,30.4435,30.2423,31.4733,29.642,27.3504,31.0126,31.183,28.6872,23.4458,30.6162,18.4163,4.3096,14.5608,24.415,-5.91987,16.6353,25.0193,30.7941,12.9964,29.8815,27.6469,31.0362,25.4239,22.1062,31.1891,31.3206,30.8138,28.5295,29.5943,29.4975,28.4347,28.7851,12.2102,14.5752,22.8968,13.7036,11.7776,11.5129,7.69166,15.65,13.8921,18.939,16.0516,11.2671,16.7321,12.1773,12.8755,14.7413,21.3483,13.9146,13.8513,16.3867,14.128,13.2025,16.3376,6.83476,11.3383,13.2573,6.00078,2.59394,17.0651,16.5794,13.1271,16.749,15.3296,3.85244,15.1388,16.0163,16.2214,14.2094,10.6442,19.0905,10.8147,15.6616,14.2417,21.248,16.6218,27.0341,24.8007,21.4371,22.4651,24.4344,30.9468,30.8541,30.7486,30.2964,29.1764,27.2803,27.8004,26.2268,27.4581,27.0926,26.391,27.7012,26.7637,25.408,29.6957,26.1952,22.1043,24.8717,5.36491
26.0066,13.1732,28.5998,9.98436,0.0,16.0765,15.3961,25.8731,4.36497,30.1639,29.8729,26.5157,27.3391,30.1639,29.8667,31.0079,29.2236,26.7689,30.9361,30.3791,28.2518,22.7544,30.838,17.7455,3.23972,14.1946,24.4966,-5.24654,17.0225,23.8802,30.433,13.1115,29.4798,27.173,29.8595,24.8037,22.5498,30.4966,30.7105,30.3195,28.6078,29.1521,28.9706,28.136,28.7298,11.4086,13.8726,22.5577,12.6778,11.1956,10.4803,6.78675,15.3062,13.1509,18.8738,15.1431,10.7529,16.5736,11.1445,11.8892,14.0612,21.4562,13.262,12.7333,16.1863,13.0691,12.4669,16.68,6.32807,10.7607,12.8666,5.60955,3.25803,16.8136,16.1333,12.5339,16.2273,14.6002,3.3232,14.6502,15.5223,15.731,13.4217,9.7442,18.2229,9.75492,14.73,13.6103,20.6236,16.1409,26.4868,24.2474,21.5569,22.9807,24.3396,30.5585,30.5996,30.3998,29.8653,29.0985,27.2042,27.7563,26.4522,27.5628,27.2611,26.2142,27.5518,27.0924,26.1614,29.3219,27.2707,21.9381,24.9201,5.495
25.481,12.8876,28.7092,10.7122,0.0,16.4783,15.8388,26.6382,5.13726,30.2381,29.9037,26.7254,27.5576,30.3191,30.1,31.2323,29.3077,27.0468,30.9857,30.675,28.3719,23.6242,30.6886,18.7923,2.73174,14.1713,24.0489,-6.05569,16.7512,24.7113,30.7009,13.3073,29.6952,27.4995,30.5219,25.42,21.7598,30.4592,30.5655,29.988,28.1581,28.8242,28.7376,27.6905,28.4848,11.8462,14.7033,22.7756,13.4768,11.8685,11.6026,7.81546,15.8123,13.8524,19.0915,15.7769,11.7972,16.8351,12.1317,12.9178,14.6484,21.5051,14.2355,13.8712,16.033,13.8082,12.8793,16.5308,6.94072,11.7692,13.1374,6.01479,3.80248,17.1486,16.6472,13.4006,16.6418,15.2512,4.1498,15.8531,16.232,16.1336,14.1247,10.6995,19.563,11.1765,16.4625,14.6608,21.7792,16.7029,27.2541,24.8192,22.0029,23.1243,24.3388,30.8494,30.8042,30.4025,30.2027,28.9608,27.1961,27.869,26.1985,27.4454,27.1918,25.9542,27.4395,26.5313,25.9463,29.7561,26.6973,22.2957,24.899,5.15865
26.3341,13.2865,28.597,10.6507,0.0,16.288,15.2347,26.0077,4.51735,30.3382,29.848,26.3786,27.8552,30.1778,30.0177,30.8706,29.1914,26.8033,30.8654,30.9168,28.5704,23.5138,30.628,18.8666,3.64306,14.8197,24.0378,-5.35109,17.3978,24.5092,30.364,12.9496,29.3016,26.921,31.261,24.8563,23.0559,30.1564,30.2621,29.4486,27.3371,28.426,28.2547,27.1199,28.1591,11.2749,14.609,22.2374,12.8449,11.3514,10.1595,7.12229,16.0831,13.5405,18.6184,15.4779,11.616,16.6747,10.9345,11.7353,14.586,21.6986,14.0066,12.8151,17.0697,13.2983,12.466,17.5125,6.36683,11.59,13.0484,5.88617,3.39459,16.6869,15.8651,12.0005,16.333,14.4484,3.56086,14.0327,15.1869,15.692,13.6828,10.8497,18.9729,9.61024,14.8578,12.9724,21.2832,15.7011,26.7143,23.8807,22.8417,22.7567,24.2851,30.6376,30.8829,30.3157,29.8185,28.8071,27.0777,28.1487,26.4246,27.7406,27.3752,26.2142,27.3022,26.8489,26.1234,29.2997,26.3855,21.4705,24.5558,5.60372
25.6117,13.6991,28.7817,10.1191,0.0,16.4705,15.3754,26.0042,4.22266,30.44,29.9503,26.6564,27.8175,30.3765,30.113,31.1029,29.4131,26.9467,31.1493,30.4651,28.2326,23.0146,30.9009,17.8791,3.64968,15.0298,24.2708,-5.0591,17.1959,24.8037,30.7137,13.2064,29.4383,27.2789,31.3099,25.1223,22.2365,30.6092,30.5959,30.0825,27.825,28.6935,28.6659,27.4725,28.277,12.2641,15.2244,23.0456,14.0082,12.2746,11.349,7.63486,16.0782,14.3544,19.2271,16.4662,11.7641,16.9748,11.9689,12.9194,15.2558,21.6294,14.5196,14.2752,16.1731,14.4808,13.3255,16.6367,7.14428,11.8974,13.4297,6.308,3.4882,17.3228,16.8524,13.1653,17.0982,15.6915,3.4707,15.641,16.389,16.4416,13.0398,9.77507,18.3583,10.257,15.1321,14.0035,20.9071,16.545,26.9871,24.6714,21.6883,22.4498,24.0379,30.7953,30.6704,30.3091,30.1161,29.1355,27.2358,27.6808,26.1575,27.6461,27.1007,26.1979,27.6693,26.9029,26.6576,29.6384,27.4623,22.4024,25.4989,5.33493
25.8334,14.0085,28.7729,9.8575,0.0,16.0489,14.7357,26.074,3.82002,30.5007,30.0199,26.842,27.7149,30.4343,30.1479,31.1169,29.5076,27.107,31.1568,30.4172,28.4156,23.3343,31.0489,18.2173,3.16356,14.0627,24.5933,-4.77073,16.8247,24.9985,30.8139,13.3539,29.9818,27.6999,30.7548,25.565,21.9286,30.8457,30.769,30.4448,28.5468,29.0812,29.0829,28.0855,28.5963,11.4188,14.1954,22.6319,12.9727,11.3084,10.3308,6.69621,15.6777,13.4617,18.9562,15.2834,11.015,16.5835,11.0014,11.8926,14.4262,21.2769,13.6551,13.0685,16.3205,13.3181,12.67,17.0985,5.93708,11.0006,12.97,5.26936,3.71707,16.9704,16.1797,12.0031,16.3416,14.5623,2.62061,14.2547,15.0607,15.819,12.3071,9.79012,18.106,9.57695,14.7486,13.1492,21.1514,16.1317,27.0326,24.0715,22.155,22.8256,24.3013,30.8929,30.9959,30.5346,30.129,29.4011,27.477,28.0776,26.5841,27.5588,27.5443,26.4138,27.5033,27.3281,26.4641,29.4856,27.3878,21.8395,24.966,5.3755
26.3288,13.4269,28.797,10.7398,0.0,17.0114,15.8942,26.1713,5.55854,30.2556,30.025,26.5579,27.5717,30.4474,30.1048,31.4325,29.3289,26.8875,31.0002,30.2993,28.0496,23.3178,30.9647,18.3137,3.4928,14.2396,24.0532,-6.00046,16.957,24.5828,30.8295,13.6359,29.8825,27.7584,30.5172,25.4499,21.8607,30.829,30.8303,30.1573,28.124,28.8397,28.902,27.7201,28.4403,12.3281,14.7427,22.7495,13.6145,10.9241,10.1362,6.62623,16.3493,13.854,19.401,16.2118,10.8955,17.0953,10.9381,12.1169,15.1,21.2076,13.8379,13.4487,16.7137,14.0777,13.5075,17.4677,5.76253,10.9822,13.9499,4.80259,3.55595,17.5563,17.1473,12.5999,17.1318,15.7013,4.28916,15.4545,16.4854,16.5212,14.914,11.5302,19.32,11.0608,16.2659,14.7526,21.0159,16.7946,26.9036,24.4758,22.1568,22.2591,24.0196,30.5743,30.9169,30.3455,30.11,29.2712,27.2806,27.567,26.2132,27.6105,27.2011,26.2964,27.7551,26.9367,26.4194,29.5252,27.4738,21.8582,24.8899,5.46792
26.5974,12.226,28.8215,10.8079,0.0,16.3013,15.7347,26.3943,5.07787,30.5308,30.2126,27.061,28.1285,30.5195,30.2437,31.5077,29.6509,27.3077,31.0964,31.1601,28.7472,23.4717,31.4463,18.7551,3.60589,14.2513,24.4151,-5.27161,16.7429,25.0025,31.2955,13.487,30.1898,27.8941,30.7839,25.7216,21.9733,31.1943,30.9898,30.6254,28.5376,29.355,29.2778,28.1924,28.779,11.3175,13.31,22.8502,12.6728,10.0626,9.52868,5.8673,14.9641,12.6214,19.0518,15.7199,10.3454,16.4498,10.217,11.3355,13.6007,21.1376,12.6049,12.6307,16.0409,13.4943,12.6277,16.3116,5.08436,10.2705,12.484,4.51414,3.1256,17.1311,16.9831,12.088,16.5461,15.3879,2.93139,15.2077,16.4386,16.1681,14.142,10.9345,19.6906,10.9816,16.0688,14.3622,21.9556,16.8539,27.5594,24.7954,21.6202,22.9525,24.7749,31.4522,31.086,30.9812,30.7034,29.5397,27.7223,28.2211,26.854,27.7603,27.9048,26.7765,28.0963,27.3628,26.8175,30.0831,27.7868,22.5483,25.3957,5.39828
26.1672,12.8484,28.7421,11.1522,0.0,16.9771,16.307,26.2682,5.79582,30.0601,30.0319,26.4288,27.7068,30.2283,30.2686,31.1166,29.2007,26.7125,30.8712,30.9051,28.8835,23.7731,30.7095,18.7905,4.10666,14.901,24.6089,-6.46809,17.3138,25.1338,30.903,13.9525,29.9497,27.6974,31.2143,25.7223,22.1188,30.7929,30.7789,30.2159,28.2967,29.0689,28.9079,27.8823,28.6969,11.6985,14.005,23.0207,13.388,11.5614,11.8919,8.36281,15.1399,13.5148,19.338,16.1106,10.7405,16.6461,12.4972,13.2257,14.0345,21.4216,13.5343,13.9813,15.5707,14.0974,12.9319,16.2048,7.20067,10.8575,12.5825,6.1792,3.51902,17.3563,16.9617,13.6928,16.7278,15.4875,3.44254,15.6908,16.5326,16.3781,14.7757,11.4308,19.2896,10.6707,15.7509,14.317,21.6441,16.8441,27.2638,24.7539,21.5721,22.9184,24.5832,31.0488,31.1304,30.7709,30.3368,29.279,27.1991,28.04,26.6582,27.863,27.5709,26.5884,27.6653,27.1624,26.0782,29.8295,26.7953,21.5954,24.6846,5.89009
26.3279,13.7023,28.7492,10.0829,0.0,16.4621,15.3599,26.1553,4.25564,30.604,30.1139,26.6777,27.8045,30.5029,30.2187,31.2367,29.5858,27.0995,31.2544,30.5702,28.3746,23.0854,30.8176,18.1086,3.24038,14.8858,24.9074,-5.27226,17.2312,24.8399,30.8487,13.5523,29.8872,27.6254,31.0668,25.4146,22.3851,30.9634,30.9725,30.2974,28.3964,29.0562,28.9066,27.9309,28.5647,11.6068,14.3834,22.4454,13.0469,10.6234,9.55171,6.49199,15.8115,13.378,18.714,15.3247,10.8684,16.8373,10.2264,11.3348,14.5729,21.2384,13.3904,12.8906,16.0928,13.3628,12.6679,16.9637,6.05256,10.9916,13.1019,5.35021,4.14289,16.9869,16.063,11.5465,16.543,14.6095,2.99956,14.0591,15.2278,15.8669,12.7865,10.0529,18.5014,10.4458,15.5831,13.8605,21.3349,16.2294,27.2751,24.2149,21.6036,22.3399,24.1867,30.9985,30.8279,30.5066,30.2336,29.234,27.5418,27.9299,26.308,27.504,27.3579,26.1938,27.6478,26.7006,25.7755,29.5663,26.6836,22.2126,24.8573,5.9822
26.1561,13.3674,29.0204,10.3117,0.0,16.525,15.2871,25.948,4.99875,30.0119,30.2187,26.4354,27.762,30.5458,30.2554,31.3132,29.2511,26.7318,31.1624,30.6577,28.482,23.3568,30.9263,18.334,3.638,15.2351,24.6063,-5.80117,17.3554,25.0313,31.102,13.4935,30.091,27.833,30.8176,25.7326,22.6794,31.1488,30.9666,30.3687,28.4186,29.114,29.0273,27.969,28.7396,11.1351,13.7126,22.4403,12.722,11.1429,11.0268,7.35602,15.2228,13.0828,18.701,15.1607,10.633,16.351,11.5559,12.3815,13.8008,21.0441,13.2968,13.1622,16.5249,13.2038,12.3132,17.543,6.37878,10.6736,12.4083,5.65454,3.46456,16.6882,16.318,12.8469,15.9376,14.8307,3.98273,14.9224,15.9238,15.5039,13.8286,10.7233,18.9597,10.6044,15.547,14.2696,21.2734,16.5134,27.6248,24.0129,22.5098,22.5124,23.8161,31.0473,31.3419,30.4479,30.4237,29.3929,27.5534,28.3454,26.8207,27.9238,27.6946,26.655,27.888,26.9563,26.1552,29.9092,26.8136,21.782,24.7034,5.66327
26.2895,13.4212,28.9947,11.1494,0.0,16.5942,16.2462,26.3585,5.7413,30.4008,30.2696,26.9983,27.946,30.5625,30.1742,31.4989,29.8253,27.1589,31.1971,30.591,29.0621,24.379,30.945,19.2492,4.6395,14.909,24.6412,-4.68124,16.9591,24.9613,31.3651,13.6783,30.4168,28.2056,30.3771,25.9074,21.7308,31.6351,31.3099,31.1359,29.1082,29.9649,29.8442,28.7882,29.2325,11.3607,14.4205,22.3383,13.1254,11.7902,11.0205,7.13392,15.5453,13.659,18.7125,15.3155,11.7638,16.3239,11.7687,12.5987,14.4307,21.0679,13.962,13.5792,16.504,13.3936,12.4442,16.5045,6.74876,11.7238,12.6255,6.30122,4.25606,16.6777,16.1346,12.6153,16.0687,14.6133,4.16325,14.5553,15.4703,15.6404,15.2696,12.2055,20.4475,10.8042,15.9058,14.0832,22.0527,16.4478,27.5384,24.5698,21.4024,22.683,24.3153,31.4484,30.9533,30.7994,30.7045,29.6428,27.8524,28.3007,27.3972,27.8325,28.1876,26.8668,27.9817,27.8276,27.6156,30.3082,28.5082,22.525,25.476,5.77836
26.28,13.657,29.0859,11.5064,0.0,16.9225,16.1157,26.1325,6.46237,30.1801,30.1498,26.3615,27.6475,30.3651,30.1791,31.302,29.1732,26.7255,30.9992,30.3687,28.8702,24.6494,30.6429,19.8013,4.24727,15.1748,25.0441,-6.03641,17.4313,24.8943,30.9877,13.6565,30.0067,27.6504,31.0594,25.696,22.7617,31.0064,31.0009,30.3682,28.5865,29.3663,29.1124,28.2423,28.9033,11.9192,15.0639,22.6171,13.5537,12.1561,11.3424,7.21376,16.2462,14.1184,19.1079,15.6622,11.4657,17.0622,12.0965,12.9304,14.9239,21.7059,14.4699,13.8233,17.2218,13.7483,13.1002,17.9982,6.86849,11.6934,13.3677,5.97125,4.00196,17.2442,16.9172,13.2115,16.8054,15.3099,4.3787,15.4782,16.3192,16.2268,15.0278,12.3872,20.32,10.8742,16.0429,14.1634,22.4917,16.7802,27.7978,24.4275,23.0651,23.0887,24.3821,30.854,31.4974,30.762,30.2272,29.4461,27.473,28.0126,26.8707,27.8342,27.788,26.6381,27.6781,27.3118,26.5101,29.8051,27.2655,22.1683,25.0421,5.75679
26.5111,13.2473,29.1515,11.4871,0.0,17.2417,16.7427,26.5759,6.13881,30.672,30.3639,27.1118,28.318,30.7129,30.5004,31.4962,29.7908,27.3549,31.4065,31.4104,29.5188,24.3548,31.0823,19.3993,4.29918,14.9907,24.1146,-6.4099,17.579,25.3241,31.3073,14.0141,30.4878,28.2126,31.1174,26.1565,22.2504,31.3069,31.2116,30.7092,28.4192,29.4859,29.308,28.2618,28.9775,12.2895,15.8365,22.9374,14.1795,12.5355,12.2641,8.71757,16.7183,14.7972,19.2207,16.338,12.5344,17.1125,12.8247,13.5435,15.5786,21.6625,15.0007,14.5902,17.0324,14.4411,13.273,17.2701,7.56357,12.5183,13.581,6.49559,3.53158,17.3967,16.839,13.7643,17.0537,15.5133,4.98564,15.7024,16.2888,16.3958,15.9175,11.8215,20.2293,10.8708,16.1032,14.4005,22.1573,16.7241,27.6978,24.9528,22.0759,22.8881,24.7529,31.3973,31.4447,31.1267,30.7715,29.6359,27.9155,28.265,26.8183,27.5174,27.7678,26.788,28.0775,27.5798,27.2495,30.2544,28.0698,22.5866,25.5226,5.46508
26.5674,14.2233,28.9727,10.8714,0.0,16.1779,15.4098,26.3203,4.64427,30.8413,30.229,27.5921,28.3188,30.6156,30.2068,31.4635,30.2911,27.6313,31.2962,30.6088,28.8844,23.3151,31.3395,18.2943,4.50416,15.7282,24.9111,-3.76603,17.0943,25.0545,31.1714,13.796,30.1214,27.9048,30.7623,25.6442,21.9514,31.3191,31.3131,30.6645,28.6642,29.526,29.2531,28.377,28.7606,11.397,13.5722,22.7805,12.6148,10.9003,10.9512,7.76918,15.2834,12.8044,18.9469,15.3799,11.6668,16.6011,11.3982,12.0766,13.6958,21.3346,13.0014,12.7886,16.6339,13.2234,12.6594,17.0497,6.77467,11.381,12.6672,6.23672,4.62846,17.0736,16.7423,12.3911,16.5341,14.8685,3.79931,14.6299,15.8055,16.0641,13.9579,10.8858,19.0798,10.8007,15.8845,14.2217,21.0418,16.8399,27.0664,24.5598,22.2059,23.3886,25.0843,31.4699,31.1049,31.1389,30.548,29.6447,27.836,28.3204,26.8225,28.1108,27.8405,26.8185,28.1409,27.3319,26.706,29.9633,28.1043,22.9559,25.7735,5.96344
26.972,14.3411,28.8866,11.1392,0.0,16.8865,16.0542,26.0652,5.77642,30.3555,30.1455,26.671,28.0615,30.4581,30.1979,31.2392,29.4365,26.979,31.0887,31.101,28.8815,24.0871,31.0549,19.3066,4.20609,14.9127,25.0249,-5.31742,17.6096,25.0929,31.1323,14.0239,30.1078,27.8474,31.275,25.7038,22.8486,31.1699,31.1947,30.4835,28.5165,29.2559,29.1086,28.1652,28.8017,12.2695,14.9284,23.2569,13.7389,11.5812,10.7301,6.80158,16.4471,14.0777,19.6033,16.5252,11.0662,17.5491,11.3919,12.3803,15.1802,22.2293,14.0909,13.7537,17.4013,14.297,13.5086,18.1415,6.28406,11.3917,13.7411,5.3711,3.94919,17.8817,17.5349,12.7964,17.438,15.9567,3.90929,15.2878,16.5003,17.0864,14.7481,11.8121,19.8854,11.6083,16.5931,15.0642,22.1816,17.4581,27.7074,25.1931,22.8833,23.6689,24.9214,31.2005,31.1483,30.8065,30.4378,29.5814,27.5565,28.194,26.8734,27.7985,27.7422,26.6089,27.9453,27.29,26.4159,30.0229,27.4916,22.6998,25.4519,6.00318
26.0732,13.962,29.0301,11.5763,0.0,17.5052,16.5555,26.4682,6.63314,30.5282,30.2078,26.9738,28.279,30.522,30.3755,31.2901,29.6818,27.2752,31.2062,31.2358,29.0752,24.0826,31.1455,19.2245,3.4229,15.1349,25.1361,-5.67898,17.4534,25.2067,31.0595,13.6926,30.0291,27.7268,31.5272,25.5772,22.8988,31.2825,31.2372,30.5347,28.2937,29.3775,29.2139,28.0393,28.7453,12.4257,14.9011,23.361,13.9108,11.7623,11.6018,7.55973,16.2359,14.0599,20.0692,16.6273,11.5454,17.4932,12.2536,12.9307,14.9152,22.0749,14.1058,14.0074,16.7349,14.4845,13.5868,17.2458,6.84655,11.5664,13.5437,5.84064,4.25762,18.1418,17.7929,13.375,17.485,16.1843,3.78125,15.8762,17.2055,17.142,16.1702,12.4307,20.6116,11.8167,17.0446,15.2087,22.2236,17.5989,27.8152,25.6339,21.9695,23.4711,25.1061,31.6106,31.401,31.2046,30.8381,29.5567,27.496,28.2981,27.3196,27.9421,28.1044,26.9132,28.1399,27.6863,26.7615,30.3557,27.4164,22.5191,25.2841,6.01088
26.6238,13.5408,29.211,11.0474,0.0,16.2869,15.8298,26.4869,5.6815,30.8832,30.5213,27.6762,28.2036,30.9029,30.3909,31.7852,30.2584,27.7922,31.4858,31.4477,28.7983,22.6249,31.4164,17.4939,4.68047,15.2178,24.8825,-5.07703,17.5274,25.1072,31.2634,13.8308,30.3392,28.2458,31.6515,25.8828,22.3565,31.6399,31.3284,31.0534,28.6326,29.7824,29.6852,28.4464,28.8879,11.686,14.4421,23.0635,13.2648,12.1957,11.806,8.68679,15.7739,13.8545,18.9454,15.577,11.8509,16.6852,12.257,12.946,14.5045,21.4771,14.093,13.6761,16.8666,13.6408,12.7386,16.9528,7.68611,11.6369,13.0943,6.77995,5.09113,17.1083,16.2674,13.2312,16.2942,15.077,4.49353,15.3003,15.918,15.9494,13.9002,9.85386,18.2222,10.4035,15.3047,14.4437,20.6413,16.4123,27.1885,25.8718,21.1104,22.2057,24.6039,31.8471,31.1567,31.2051,31.3154,29.8339,27.963,28.1025,26.8916,27.9778,27.7413,26.794,28.3341,27.4809,26.8338,30.6727,28.0077,22.7414,25.6356,5.96615
26.8656,13.4596,29.2638,11.4181,0.0,16.6692,16.1433,26.3784,5.65318,30.4487,30.4316,27.0358,28.0225,30.6033,30.301,31.4765,29.552,27.3316,31.3169,31.518,28.9379,24.5191,31.208,19.476,4.46678,15.074,25.0354,-4.38132,17.3616,25.7874,31.8103,13.9421,30.6178,28.3077,32.1144,26.3499,22.1655,31.7447,31.5276,30.9407,28.7359,29.6758,29.6821,28.4749,29.0118,11.2847,13.9999,22.8296,12.7387,11.29,11.3181,7.87711,15.64,13.0764,18.8816,15.2024,11.5041,16.6202,11.7716,12.3956,14.0686,21.3066,13.3017,13.1625,16.8203,13.2433,12.417,17.2487,6.88108,11.3475,12.7453,6.2431,4.75991,16.8821,16.4718,12.7922,16.1374,14.9111,4.28013,15.2171,16.1035,15.6668,14.1836,11.623,19.8306,11.0836,16.1504,14.6353,22.345,16.7139,27.9934,24.9928,21.5158,22.9829,24.7086,31.503,31.5226,31.0446,30.8296,29.934,27.9514,28.3264,27.1207,27.8093,27.9322,27.1683,28.3949,27.76,26.5406,30.491,27.2199,21.9595,24.9991,5.88637
26.7028,13.9107,29.2185,11.6295,0.0,16.7241,16.3226,26.3997,6.66447,30.5943,30.4816,27.5317,28.2865,30.6907,30.4457,31.487,30.179,27.5344,31.315,31.3059,29.2366,24.435,31.1052,19.4107,4.51521,14.7542,25.072,-4.32232,17.6758,25.8911,31.7193,13.9016,30.7777,28.2924,31.8614,26.411,22.8739,31.885,31.756,31.2147,29.0252,29.9665,29.9132,28.8437,29.1524,12.11,14.5161,23.1701,13.7696,12.1002,12.1103,7.77528,15.513,13.9902,19.4408,16.3817,11.3896,16.8982,12.763,13.5253,14.5326,21.4577,14.0574,14.255,16.391,14.3194,13.3221,16.9501,6.93053,11.5487,12.97,6.19124,4.5448,17.6068,17.4865,14.1948,17.0434,16.0775,5.04305,16.3095,17.1326,16.7356,15.432,12.0788,20.0568,10.8151,16.0231,14.6146,22.1777,16.9519,28.3059,25.4022,22.1581,23.1986,25.2396,31.6056,32.0111,31.5796,31.0798,29.9824,28.3218,28.4519,27.5721,28.1942,28.319,27.5087,28.4719,27.8491,26.7633,30.7583,27.743,22.9228,25.713,5.73317
26.9754,13.9603,29.3149,11.2017,0.0,16.8718,16.357,26.2567,5.94897,30.5427,30.4969,26.9286,28.4501,30.8051,30.4805,31.5132,29.8044,27.0946,31.5362,30.7861,29.0311,24.0995,31.2154,18.898,5.44555,14.7001,25.0932,-5.11304,17.562,25.8769,31.3699,13.7312,30.4082,27.9874,32.6103,25.9267,22.2618,31.4511,31.3668,30.9984,28.8488,29.7383,29.6963,28.5961,29.0866,12.1846,15.0737,22.9138,13.7554,12.4173,11.8424,8.69371,16.2242,14.3699,19.0122,15.8576,12.1929,17.155,12.4094,13.2813,15.0713,21.7177,14.5782,14.1376,17.1854,14.0319,13.2453,17.414,7.74889,12.1459,13.5499,7.07339,4.77404,17.1905,16.3733,13.1385,16.8222,15.0991,4.75281,15.0901,15.9619,16.0667,14.5167,11.269,19.2371,10.7036,15.8491,14.0995,21.8338,16.6325,27.6274,25.2566,22.1261,22.889,24.877,31.7592,31.615,31.4472,30.9494,29.8957,27.9356,28.4845,27.0263,28.1158,27.9484,26.8077,28.1184,27.7697,26.9973,30.4546,27.9442,22.6179,25.6273,5.71818
26.384,13.9327,29.0958,11.1316,0.0,16.5701,16.0143,26.0195,6.01178,30.4232,30.4102,26.8316,27.8721,30.7297,30.374,31.513,29.606,27.0886,31.3065,30.8299,29.199,24.3881,31.2055,19.3943,5.338,14.6377,24.8961,-4.99293,17.6202,25.1729,31.4354,13.7251,30.405,28.1228,31.4021,25.935,23.006,31.5698,31.5712,31.0921,28.6763,29.8274,29.7943,28.5466,29.2205,12.6675,14.4147,23.7106,13.9912,11.5048,11.3667,8.21097,16.1252,14.052,20.3274,16.6465,10.7411,17.7904,11.9136,12.7607,14.8547,22.2087,13.764,13.9282,16.6475,14.459,13.8835,17.4814,6.80192,10.8062,13.8561,5.99746,3.61804,18.3783,17.9576,13.3489,17.7496,16.1048,4.63194,15.8504,16.8945,17.3056,15.2606,12.0642,20.1476,11.6476,16.67,14.9722,22.3226,17.8165,27.7759,25.8422,22.2827,24.0277,25.6282,31.6929,31.5338,31.5149,31.026,29.8585,27.9575,28.482,27.4888,27.6753,28.3978,26.8973,28.2606,27.9542,27.3236,30.4972,28.5931,22.903,25.5276,6.13109
26.8653,13.6933,29.338,11.6325,0.0,17.3817,16.7543,26.5185,6.09714,30.6738,30.488,27.0482,28.4252,30.655,30.5652,31.4873,29.7483,27.3528,31.2289,31.6479,29.5527,24.5672,31.0597,19.5726,4.98542,15.0662,24.9191,-5.1267,17.5198,25.7015,31.6677,13.8997,30.7243,28.3974,31.3747,26.2716,22.5775,31.9023,31.7897,31.3741,29.0834,30.0284,29.9247,28.8054,29.4627,12.3517,15.2737,22.9,13.7891,11.9849,11.5265,8.09244,16.9103,14.2927,19.5657,15.8806,12.2455,17.5542,12.0458,12.7464,15.4038,21.9033,14.4449,13.6982,17.8087,13.963,13.4468,18.6752,7.31573,12.2815,13.9894,6.30047,3.8298,17.6501,16.8131,12.9722,17.0815,15.0352,3.93573,14.7214,15.914,16.3696,14.0192,11.646,19.4931,10.8619,15.7604,14.0165,22.3035,16.6829,28.1409,24.9804,23.3779,23.3549,24.8295,31.4522,31.9156,31.298,30.8385,30.0127,28.1477,28.3132,27.4641,27.8469,28.3494,27.0374,28.5957,27.8634,27.2031,30.4778,28.116,23.0449,25.6996,5.88839
26.3832,13.9134,29.1354,11.5756,0.0,17.0014,16.284,26.4878,5.54553,30.8841,30.4202,27.1114,28.5684,30.6719,30.4864,31.3036,29.8614,27.4711,31.4129,31.787,29.2766,24.5423,31.2889,19.7045,4.381,14.2617,24.7254,-4.20683,17.9976,25.6348,31.1243,14.2053,30.2137,27.8738,31.9439,26.0167,22.9906,31.2783,31.1772,30.6199,28.6428,29.5862,29.3375,28.3624,29.1981,11.5465,14.1072,23.759,13.0743,11.1953,11.1004,7.30427,15.3388,13.3675,19.9773,16.1361,10.9122,16.8758,11.7477,12.5076,14.1906,21.7001,13.672,13.4609,16.3803,13.7887,12.9482,16.9229,6.29086,10.9297,12.6584,5.24518,3.64064,17.9289,17.9675,13.0775,16.9335,16.2217,4.7711,15.7274,17.3267,16.9733,15.3135,12.3889,20.5628,12.3823,17.4531,15.2838,22.7367,17.9622,28.15,26.0234,22.1823,23.4741,25.3682,31.8206,31.4654,31.434,30.9808,29.627,27.7311,28.2595,26.9341,27.9173,27.8257,26.9702,28.3084,27.3301,26.1361,30.5257,26.7412,22.5492,25.3297,6.36392
26.8478,14.356,29.0434,11.4589,0.0,16.9358,16.2254,25.7605,6.89279,30.2716,30.2798,26.4949,28.0588,30.5934,30.2859,31.2671,29.3444,26.8144,31.2412,30.8152,28.7985,24.0236,30.8543,19.1539,4.2175,15.0203,25.3409,-4.81039,17.8145,25.2017,30.9389,13.9105,30.1865,27.904,31.0914,25.8511,23.3825,31.2269,31.0218,30.7822,28.6591,29.5228,29.4763,28.2753,29.0523,11.6642,14.3166,23.3515,13.1639,10.9899,10.9872,7.83748,15.7919,13.5648,19.5067,15.9581,10.9607,16.8421,11.445,12.2951,14.5195,21.5517,13.6238,13.4003,16.6069,13.741,12.888,17.3757,6.4154,10.9796,12.9436,5.61077,3.57424,17.5631,17.4857,12.6893,16.7759,15.676,5.24362,15.3244,16.6882,16.566,15.5401,12.1826,20.118,11.7041,16.6852,14.9302,22.2775,17.4195,27.9534,25.0696,22.4207,23.0153,24.5519,31.3317,31.4028,30.8802,30.5972,29.4313,27.7048,28.2713,26.8251,27.9882,27.6055,26.628,27.8991,27.266,26.4372,30.2509,27.0641,22.5699,25.3095,6.26562
26.2393,14.0815,29.1658,11.2695,0.0,17.08,16.0022,26.3463,5.38991,30.6209,30.4043,26.9252,28.2422,30.775,30.6906,31.7214,29.6506,27.3312,31.4613,31.2544,29.41,24.5274,31.2058,19.3885,4.84442,14.4279,24.4295,-5.55267,17.6138,25.1771,31.2754,13.9399,30.3752,28.094,31.2652,25.9186,22.8195,31.2972,31.2958,30.6904,28.7414,29.5542,29.4182,28.4449,29.1481,13.0232,15.3412,23.0806,14.3892,11.4853,10.68,6.6908,16.9817,14.6341,20.0191,16.7296,10.9919,17.7507,11.5111,12.5349,15.7959,22.0522,14.3956,14.0273,17.1843,14.6683,14.0572,18.3786,6.15583,11.2255,14.4395,5.46775,3.99262,18.1597,17.586,12.9686,17.6375,15.9188,4.05032,15.4466,16.6384,17.1085,14.6154,11.3932,19.5038,10.9385,15.7753,14.4733,22.2303,16.9769,27.872,24.6658,23.1028,23.5714,25.1337,31.4082,31.634,31.3791,30.618,29.7712,27.6947,28.306,27.0003,27.8329,27.888,26.7472,28.089,27.6619,27.0631,30.096,28.56,22.8054,25.7283,5.86256
27.14,13.6456,29.2383,12.0589,0.0,17.7471,16.6612,26.3514,6.91413,30.6473,30.4266,26.6335,28.2056,30.7841,30.6192,31.6989,29.5608,27.14,31.4717,31.2795,29.6204,25.211,31.1994,20.2312,4.69323,15.4749,24.976,-5.42235,18.3132,25.3289,31.2399,14.3043,30.4238,28.1103,31.7013,26.1383,23.8477,31.4248,31.3336,30.7973,28.6301,29.6711,29.484,28.4035,29.1506,13.0446,16.0738,23.2984,14.6708,11.9615,11.6222,7.70013,17.3819,15.2181,19.9595,16.9445,11.707,18.0207,12.4018,13.4464,16.3254,22.1702,15.194,14.7187,17.4859,14.874,14.0147,18.3812,6.7642,11.9486,14.8361,5.75239,3.39225,18.0553,17.4434,13.7385,17.7451,15.9416,4.9858,15.7477,16.6399,17.1113,15.2428,12.7442,20.3968,10.8645,15.9331,14.1494,22.6005,16.8922,28.0474,25.0501,23.0703,23.3917,24.5273,31.3719,31.8078,30.912,30.7132,29.5881,27.8881,28.4039,26.9981,27.9861,27.8885,26.857,28.2437,27.5179,26.544,30.4828,27.5234,22.7918,25.6837,6.09224
26.5644,13.4546,29.3112,11.3459,0.0,16.9112,16.2753,26.984,5.3149,31.0474,30.6247,27.656,28.5525,30.9998,30.7875,31.8335,30.3345,27.8029,31.5758,31.6481,29.4478,24.1263,31.4932,19.4226,3.83932,14.8151,25.5624,-3.93865,17.5106,25.7608,31.7193,14.0425,30.6112,28.3402,31.8571,26.304,22.5955,31.7315,31.4676,31.1828,29.2608,30.0464,29.9102,29.0187,29.3398,11.9459,14.1957,23.5582,13.2111,11.065,9.90319,6.076,15.8856,13.3239,19.9647,16.1642,11.0454,17.1954,10.6675,11.7823,14.4443,21.6258,13.3748,13.0799,16.7198,13.898,13.2055,17.1518,5.77031,11.129,13.2002,5.3,4.03793,17.9148,17.7374,12.3658,17.078,15.9177,4.08706,15.1931,16.4224,16.9396,14.4559,11.8438,20.1327,11.3879,16.355,14.7069,22.3842,17.4873,28.0786,25.7053,21.7584,23.6927,25.5907,31.9177,31.5615,31.4847,31.2514,29.9811,28.298,28.1961,26.8956,27.7937,27.8083,27.0029,28.4877,27.8263,26.8476,30.7795,28.1585,23.1015,26.1493,5.49516
26.9461,13.5055,29.4329,10.9235,0.0,16.6172,15.741,26.6095,4.80452,31.0062,30.4982,27.0367,27.9654,30.8838,30.7224,31.5862,29.8439,27.4588,31.6278,30.6089,29.0411,24.3077,31.3494,19.526,4.47148,14.6047,25.347,-4.43898,17.4388,25.8574,31.6781,13.6617,30.6056,28.2842,31.9319,26.431,22.7259,31.5381,31.2047,31.0881,29.3793,29.9403,29.6734,28.9582,29.4264,10.5913,12.43,23.6132,11.7498,9.35769,8.43685,4.73897,14.1018,11.6564,19.784,15.2585,9.67195,16.4134,9.12773,10.0068,12.5282,21.3892,11.829,11.6135,16.0375,12.607,12.1751,16.5964,4.18597,9.59303,11.5366,3.97187,3.90482,17.6964,17.8019,10.9997,16.4582,15.4553,3.49579,14.7141,16.2226,16.5639,14.9575,12.4074,20.3145,12.8258,17.701,15.9077,22.8321,18.2378,28.2879,25.5484,22.308,23.0577,24.8002,31.8655,31.4653,31.1771,30.9879,29.8911,28.0965,28.5829,27.309,27.8846,28.2155,27.1621,28.5314,27.7972,27.258,30.6328,27.7036,22.412,25.5249,5.73025
26.6267,14.3648,29.2609,11.5868,0.0,17.3536,16.673,26.8845,5.78936,30.8438,30.5005,27.2712,28.3477,30.8269,30.771,31.6697,29.8977,27.4905,31.5516,31.2579,29.1312,24.0793,31.1708,19.3041,4.54995,14.9857,24.8848,-5.28159,17.4296,25.4491,31.2684,13.7826,30.3095,28.0121,31.3913,25.8848,22.7423,31.3401,31.2043,30.7067,28.9629,29.5632,29.4082,28.5381,29.1639,12.829,15.5098,23.8142,14.2578,12.5026,12.4136,8.58418,16.6383,14.6646,19.9664,16.7185,11.7946,17.7942,12.8429,13.5407,15.4778,22.208,14.8836,14.5415,16.4769,14.7307,13.7994,17.7006,7.86926,12.1526,14.1121,6.87678,4.57558,18.065,17.2427,13.8335,17.5182,15.9496,3.83588,15.7478,16.7217,16.9944,14.3127,11.4189,19.5166,11.2291,16.128,14.5335,22.2092,17.3245,27.9927,25.4843,22.4962,24.1572,25.7847,31.7662,31.5862,31.5567,31.0318,29.753,28.2318,28.122,26.8957,27.7967,27.5972,27.0058,28.3733,27.4095,25.9744,30.4655,27.3284,22.7343,25.9358,6.10002
26.6024,14.2319,29.1653,11.0287,0.0,17.0241,16.0316,26.4806,4.64392,30.9044,30.4321,27.2314,28.3154,30.7979,30.6364,31.6635,30.1056,27.4586,31.5193,31.0448,29.2603,23.8015,31.403,19.0984,4.9089,15.2032,25.3263,-4.69394,17.3751,25.5788,31.1815,13.6529,30.378,28.0115,31.6224,26.0307,22.7298,31.3119,31.1377,30.6703,28.5091,29.3621,29.3856,28.1055,28.8696,12.0725,15.4748,22.6688,13.5904,11.8802,11.3751,8.01335,16.6331,14.2545,19.0759,15.5834,11.4734,17.0575,11.9142,12.5569,15.5497,21.5112,14.5576,13.5064,17.2395,13.611,13.0931,17.796,7.10264,11.8061,13.8574,6.29396,4.48693,17.0201,16.4486,12.7193,16.772,14.7896,4.1588,14.5449,15.5438,16.0673,14.3761,11.3979,19.6384,10.7427,15.7254,14.1319,21.771,16.568,27.5136,24.5308,22.4422,22.9905,24.7997,31.7412,31.5749,31.4026,30.841,29.6731,27.9808,28.2815,26.7009,27.821,27.5236,26.9377,28.2844,27.1109,25.9128,30.2543,26.482,22.4772,25.6364,6.009
26.6073,14.3224,29.103,11.2927,0.0,16.6635,16.0202,26.2909,5.85165,30.5737,30.3254,27.0704,28.321,30.7305,30.3799,31.4702,29.771,27.2958,31.4478,31.3598,29.1351,24.2232,31.505,19.4092,4.88581,14.8696,25.0324,-4.29365,17.3217,25.2882,31.1836,13.7825,30.4793,28.1368,31.141,25.9733,22.0392,31.3417,31.1643,30.787,28.7378,29.5207,29.5185,28.3777,28.8923,12.7072,15.0255,23.0844,13.7973,11.0604,10.2844,6.4028,16.9896,14.0455,19.9208,16.4284,11.2272,18.1457,11.0145,11.9097,15.3801,22.4106,14.0392,13.3638,17.1905,14.2357,13.9124,18.5121,5.62596,11.2949,14.5837,5.01596,4.7958,18.1181,17.312,12.31,17.7575,15.5302,3.66479,14.8437,16.0135,17.1648,14.899,12.0595,19.757,10.4673,15.6045,13.8909,21.9148,16.7147,27.6315,24.8026,22.8636,23.7803,25.17,31.4632,31.4944,31.0987,30.7054,29.6082,27.9923,28.332,26.9584,27.9665,27.6813,26.6883,27.9648,27.5909,26.7436,30.2473,27.6989,22.5558,25.5292,5.56933
26.4926,14.0589,29.0233,12.1473,0.0,17.3237,16.6958,26.7748,6.49556,30.7815,30.3308,26.8358,28.6206,30.7644,30.5254,31.8617,29.7116,27.2838,31.305,31.5074,29.3304,24.774,31.0163,19.7952,4.48244,14.6928,24.8051,-4.50722,17.7628,25.3309,31.279,13.825,30.3498,28.0841,31.5031,26.0297,22.8936,31.2278,31.0935,30.5952,28.7842,29.4393,29.2756,28.3018,28.953,12.0593,14.222,23.6122,13.3348,10.8308,9.28435,5.47246,16.0505,13.3552,20.1087,16.508,11.2254,17.4505,10.2156,11.3848,14.3553,22.0263,13.4473,13.1899,16.8539,14.0746,13.2968,17.8847,5.50306,11.0539,13.3358,4.98233,4.19336,18.0515,17.7099,11.9084,17.3029,15.9723,3.66698,15.204,16.6857,17.0338,15.2805,12.7006,20.5136,11.8194,17.1297,15.0273,22.8521,17.6558,28.3786,25.3298,22.8274,23.6094,25.2258,31.5018,31.6801,31.3457,30.7988,29.6274,27.9081,28.1815,26.5897,27.8714,27.4517,26.721,28.2703,27.2962,26.2061,30.5284,27.2704,22.6654,25.5704,5.7098
26.3538,13.7994,29.4434,11.4081,0.0,17.2305,16.7709,26.4217,6.27673,30.7672,30.7772,27.2417,28.8342,31.1086,30.8121,31.9851,30.0878,27.4511,31.639,31.6209,29.6478,24.0567,31.458,18.9479,4.97033,14.7329,25.0702,-4.28915,17.1599,26.151,32.3535,13.6867,31.121,28.8603,31.7698,26.7667,22.1832,32.3853,32.2444,31.7345,29.7344,30.5436,30.3552,29.5229,29.5485,12.8015,15.9154,23.2072,14.5454,13.1898,11.8504,7.34781,16.6446,15.1311,19.5285,16.3885,13.0759,17.2784,12.6262,13.6092,15.8643,21.8519,15.464,14.7978,17.0913,14.7446,13.7685,17.1506,7.49501,13.0501,14.011,6.54886,4.83248,17.6263,16.8274,13.8606,17.202,15.5238,4.18857,15.7926,16.4354,16.4807,14.2102,11.3763,19.0293,10.4649,15.3287,13.9821,21.5652,16.733,27.602,25.5881,21.8715,23.1206,25.3318,31.9896,31.9,31.7568,31.3038,30.4502,28.6254,28.8573,28.1927,28.2433,29.2843,27.8393,28.8808,28.7877,28.7974,30.8016,29.7648,23.2789,26.1469,5.42847
26.8285,13.5735,29.3132,12.4196,0.0,17.8458,17.3734,26.7677,7.41659,30.772,30.5694,27.0973,28.8553,30.8367,30.7178,31.8046,29.9499,27.3461,31.4738,32.0219,30.1114,25.1106,31.1163,20.1988,4.52374,14.7147,25.384,-4.84991,17.706,25.7422,31.5275,14.3025,30.8343,28.4819,31.4414,26.3827,22.7715,32.0047,31.6467,31.4003,29.3741,30.2519,30.0839,29.047,29.5092,12.1786,15.0434,23.2577,13.9483,12.7846,12.526,8.62879,15.9539,14.3716,19.6388,16.1097,11.7142,17.1159,13.1342,13.7359,14.9678,21.7488,14.6162,14.3636,16.6086,14.2206,13.2356,16.9587,8.16605,12.0672,13.0725,7.21168,4.89923,17.6265,17.2552,13.8018,17.0619,15.5551,4.76492,15.6602,16.57,16.5781,15.5526,12.5538,20.1562,11.2938,16.1696,14.6415,22.6439,17.3273,28.5294,25.6268,21.7563,23.4765,25.3756,31.9047,31.9173,31.799,31.223,29.9416,28.2397,28.4123,27.0523,28.1267,28.0579,27.3199,28.6076,27.6059,26.577,30.7942,27.5827,22.9494,25.7999,5.84892
27.2016,14.1138,29.4048,11.6328,0.0,16.8746,16.2954,27.0399,5.81291,30.8414,30.5304,27.536,28.5749,30.8233,30.9292,31.6409,30.0774,27.7107,31.5265,31.56,29.6663,24.6733,31.39,19.6969,4.5613,14.9153,24.7152,-4.2288,17.4322,25.2123,31.3231,13.8617,30.5683,28.3279,31.02,26.1944,22.7714,31.5717,31.3081,30.9941,29.3154,29.8998,29.6904,28.9047,29.4117,12.1734,14.4376,23.3866,13.279,11.1464,10.5076,7.35439,16.1123,13.4749,19.9796,16.1939,11.4928,17.402,11.1552,12.04,14.5838,21.7031,13.5453,13.2647,17.3525,13.9654,13.4274,18.0813,6.60555,11.3598,13.5618,5.96443,4.69323,18.037,17.5221,12.4975,17.2892,15.6441,3.7948,15.0658,16.3114,16.8679,14.8045,11.8559,19.8184,11.3578,16.2528,14.6506,22.4364,17.3431,27.9608,25.4256,22.3894,23.7645,25.2653,31.6376,31.7893,31.4962,30.9812,29.9018,27.9382,28.6863,27.567,28.2718,28.3078,27.3067,28.5264,27.8123,27.0973,30.5739,27.8846,22.7387,25.7996,6.04062
26.822,14.0132,29.3062,11.3582,0.0,17.2653,16.1773,26.6762,4.93058,31.1701,30.5018,27.5453,28.9213,31.0258,30.7212,31.5852,30.2129,27.7444,31.6948,31.4654,29.1681,24.208,31.4536,19.5113,4.66804,14.6485,25.2481,-3.96006,18.0174,25.7107,31.4119,14.0335,30.5703,28.2517,31.8395,26.3311,23.3146,31.4746,31.3399,31.1712,29.4198,29.9905,29.7914,29.0442,29.3706,12.6967,14.9103,23.6258,13.9598,11.6217,9.99507,6.18625,16.5413,14.1759,20.3121,16.6497,11.7503,17.8711,10.9227,12.1955,15.0026,22.2937,14.3124,13.8538,17.0742,14.4404,13.7895,17.8817,5.98104,11.8893,14.0568,5.27865,4.63381,18.4741,17.9096,12.7053,17.72,16.2215,4.0339,15.4713,16.8796,17.4232,15.1549,12.5589,20.3814,11.8722,16.8772,15.014,22.5805,17.9265,28.3063,25.398,22.6374,24.1598,25.4149,31.8896,31.5789,31.4526,31.0668,29.9343,28.2433,28.5109,26.9196,28.5222,27.8962,26.9533,28.3218,27.4804,26.8488,30.6259,27.667,22.8567,25.7274,5.84009
26.6912,14.1211,29.3443,11.2102,0.0,17.1803,16.3077,26.1164,5.70005,30.9258,30.4993,27.3452,28.4616,30.8356,30.5603,31.5193,30.2043,27.4487,31.5606,30.7545,28.82,23.8129,31.4423,18.7348,4.52743,15.5118,25.0901,-4.96912,17.679,25.5175,31.2987,13.9423,30.4609,28.0724,31.4715,25.9399,22.8154,31.4899,31.1543,30.8044,28.711,29.5578,29.4606,28.3607,29.0797,12.6241,14.6582,23.8474,14.0421,12.1171,12.3276,9.03305,15.9388,14.0638,20.3819,17.0284,11.9937,17.696,12.7137,13.4077,14.7133,22.1275,14.0982,14.3943,16.9172,14.7366,13.9201,17.4374,8.08909,11.823,13.5631,7.05367,4.36291,18.5511,18.3808,13.8505,17.8394,16.8273,5.05747,16.2949,17.6763,17.6147,14.9892,11.6935,19.5993,11.9056,16.7487,15.3899,21.9785,17.8848,28.1031,25.3834,22.3384,23.5062,24.7705,31.4915,31.3293,31.0373,30.8934,29.7753,27.9121,28.5797,27.3022,28.2613,28.1645,27.0068,28.309,27.6619,26.9613,30.5121,27.5592,22.7151,25.8374,5.84855
26.9956,13.9191,29.359,11.5241,0.0,17.3956,16.3535,26.6134,5.49743,31.0589,30.6297,27.2523,28.5429,30.9623,30.63,31.833,30.1696,27.4353,31.6096,31.3478,29.5356,24.6174,31.3138,19.6946,5.32515,15.4794,25.1667,-4.6264,17.6476,25.8997,31.5869,13.9547,30.5735,28.2848,31.617,26.4463,22.6878,31.6879,31.5723,30.8818,28.8013,29.7346,29.5858,28.5527,29.2249,12.0043,14.1557,23.6469,13.3672,11.6308,10.9244,7.41218,15.5393,13.5091,20.0948,16.0937,11.8421,17.2434,11.6373,12.6204,14.1865,21.9826,13.689,13.5723,16.7895,13.8903,13.4134,17.3644,6.80593,11.4812,13.0295,6.03246,4.67479,18.0999,18.0483,13.0874,17.2245,16.0118,4.4052,15.594,16.8637,17.0677,14.8334,12.4631,20.0637,11.641,16.57,15.1935,22.2546,17.7857,28.2405,25.6555,22.5726,23.9134,25.2545,31.6037,31.8736,31.2684,31.0429,29.931,28.171,28.6872,27.4313,28.1272,28.3123,27.2351,28.4363,27.6948,26.6548,30.642,27.2823,22.7086,25.605,6.01514
27.1709,13.9471,29.4571,11.4452,0.0,16.5455,16.0836,26.8202,5.39187,31.2654,30.7222,27.729,28.6796,31.0543,30.8656,31.9415,30.4815,27.9966,31.7525,31.2679,29.454,24.1783,31.7967,19.2962,5.47433,15.0614,25.3226,-4.82979,17.9628,25.8855,31.6717,13.812,30.7861,28.4665,32.292,26.4852,23.5285,31.7405,31.6067,31.282,29.556,30.1434,29.952,29.1693,29.5013,12.1779,14.9434,23.3421,13.5026,11.8509,10.5015,6.59454,16.2656,13.9089,19.4202,15.8625,12.1512,17.147,11.4582,12.4242,14.8942,21.8499,14.2364,13.4797,17.0465,13.822,13.2587,17.3882,6.55739,12.189,13.4679,5.70929,4.76288,17.332,17.0228,12.7721,16.9329,15.3519,4.01371,15.1601,16.2889,16.3615,14.2427,11.5639,19.5988,11.3673,16.3049,14.7775,22.1405,17.2238,27.8623,25.3043,22.7326,23.7476,25.4841,32.0426,31.8576,31.6455,31.2054,30.1409,28.2836,28.6357,27.2829,28.1295,28.1806,27.1907,28.4315,27.9177,27.581,30.638,28.1558,22.8635,25.8661,6.07003
26.7036,13.9758,29.5573,10.8603,0.0,15.9401,15.4285,26.5263,4.87999,31.2094,30.6793,27.6192,28.5803,31.0361,30.6772,31.7554,30.2281,27.8474,31.7733,31.1341,29.1816,22.8936,31.8403,17.8838,5.73882,15.5919,25.429,-4.6684,17.2505,25.4444,31.4634,13.7579,30.6477,28.3497,31.3834,26.3944,22.4972,31.5833,31.3204,30.9248,28.6902,29.8107,29.7523,28.5503,29.2629,12.2796,14.8869,23.6238,13.3708,11.5515,11.1125,8.03662,16.507,13.9052,19.9719,15.9578,11.7425,17.6448,11.6488,12.3113,15.1124,22.1081,14.0544,13.3103,17.384,13.7403,13.4183,17.9179,7.31755,11.7725,13.937,6.64471,4.49447,17.9643,17.3961,12.7506,17.421,15.4807,3.74635,15.2491,16.3354,16.9184,14.1325,10.429,18.697,10.9743,15.8299,14.515,21.1622,17.4614,27.3439,25.4232,22.5773,23.744,25.3182,31.9403,31.7633,31.6667,31.1262,30.098,28.2737,28.7943,27.2718,28.5665,28.0557,27.164,28.5991,27.7006,26.4896,30.5193,27.2897,22.7608,25.6459,6.09214
26.9611,14.3542,29.4622,12.1851,0.0,17.3203,16.5622,26.4977,6.8853,30.5807,30.6584,27.0269,28.5332,30.9334,30.6504,31.8873,29.6293,27.3257,31.5599,31.4227,29.4664,24.5491,31.6892,19.4487,4.43815,14.4123,24.6364,-5.31938,17.8732,25.9425,31.69,14.1918,30.7593,28.3688,32.1741,26.3577,23.1082,31.6162,31.4209,30.9645,28.9723,29.7541,29.6989,28.6042,29.3376,12.5331,15.147,23.1235,13.9016,12.1427,11.8202,7.29839,16.4745,14.3779,19.6164,16.3331,11.7044,17.5355,12.5211,13.3055,15.2488,22.1047,14.3572,14.1848,17.3582,14.3295,13.663,18.0269,6.95572,11.7598,13.8358,6.12917,4.28824,17.8304,17.5206,13.7249,17.2342,15.9125,4.30097,15.9497,17.0355,16.7985,14.9299,12.1869,19.8866,11.1901,16.1604,14.6247,22.0389,17.0733,27.7887,24.8054,22.7812,23.8458,25.271,32.0982,31.5695,31.5719,31.1995,29.9459,28.3594,28.6282,27.4244,28.3667,28.2753,27.2297,28.5024,27.7271,27.1029,30.6376,27.4154,22.5402,25.6775,5.83588
26.2705,13.5649,29.1561,11.5172,0.0,16.9728,16.379,26.1951,6.54018,30.4009,30.4235,26.5339,28.1121,30.6014,30.4885,31.4599,29.4253,26.9123,31.3623,31.1924,28.9528,24.7764,31.1501,19.7103,4.68371,15.1608,25.0498,-4.60238,17.969,25.8026,31.5767,14.0002,30.602,28.2342,31.9488,26.3496,22.8396,31.5494,31.3548,30.8128,28.5484,29.6394,29.5094,28.407,28.969,11.9452,14.3343,23.5386,13.5386,11.1644,11.1167,7.50307,15.674,13.6245,19.7937,16.1452,11.1167,17.1455,11.6178,12.2671,14.5443,21.8907,13.6412,13.4663,16.8704,14.0427,13.158,17.0561,6.38915,11.0505,13.1054,5.74746,3.94668,17.8249,17.5575,12.7728,17.0215,15.695,4.25763,15.325,16.5924,16.7129,14.7997,12.2757,19.9851,11.5461,16.5859,14.6872,22.7522,17.4664,28.2738,25.3653,22.5577,23.2098,24.8948,31.6569,31.6474,31.3049,30.8037,29.6789,27.8359,28.0791,26.765,27.7219,27.7349,26.7272,28.2381,27.4683,26.947,30.3672,28.0018,23.2339,26.1695,5.77484
26.5618,13.3228,29.3115,11.9749,0.0,17.2634,16.7915,26.1048,6.9593,30.2583,30.4753,26.6057,28.2701,30.5864,30.5363,31.4953,29.251,26.9899,31.1779,31.5422,29.2395,24.6548,30.9338,19.9397,4.3241,15.262,25.1874,-5.55036,17.2505,25.5083,31.3416,13.7687,30.4384,28.1657,30.9458,26.1391,22.2553,31.5119,31.4431,30.757,28.6242,29.5784,29.4486,28.334,29.0238,11.8169,14.0544,23.7348,13.2478,10.9477,10.7144,7.13933,15.5952,13.365,20.0767,16.0271,11.1111,17.1882,11.26,12.0062,14.3136,21.8888,13.1908,13.2352,16.4385,13.8141,13.0856,17.2599,6.18528,10.8762,13.1021,5.32543,4.07672,18.0107,17.6028,12.542,17.0018,15.7496,5.23881,15.3268,16.7183,16.8375,16.0318,13.0843,21.0699,12.3579,17.6382,15.4836,22.9891,17.8478,28.3694,25.5441,22.481,23.5735,25.1477,31.747,31.4632,31.2797,31.0152,29.7868,27.9545,28.4882,27.3111,28.0466,28.2845,27.1562,28.4462,27.8923,27.2831,30.7381,28.5311,23.0168,26.0466,5.81003
26.8822,13.804,29.4241,11.7256,0.0,16.4745,16.3923,26.4698,6.9243,31.1225,30.8369,27.6497,28.4095,31.1369,30.8109,32.0592,30.347,27.7733,31.773,31.2149,29.3963,24.413,31.5265,19.6446,4.96018,15.4851,25.4311,-4.99936,17.6579,25.9745,32.116,14.2502,31.2113,28.7876,31.2231,26.9523,22.5936,32.4886,32.2388,31.5828,28.9842,30.238,30.2622,28.8729,29.5151,12.8427,15.5876,23.5267,14.1729,12.399,11.9522,7.67616,17.3596,14.681,19.6943,16.6466,12.7743,18.0092,12.6581,13.3925,15.7218,22.3185,14.8405,14.2851,17.8193,14.5576,13.8045,18.3555,7.23737,12.6647,14.531,6.29604,5.04164,17.9346,17.0945,13.7525,17.5392,15.6747,5.40875,15.7405,16.4342,16.8964,16.0281,12.7099,20.6509,11.1864,16.3221,14.7127,22.5828,16.9103,28.3229,25.8265,22.4567,23.5907,25.1322,32.0558,32.0706,31.5936,31.4153,30.4062,28.6315,28.8016,27.9011,28.1774,28.685,27.8243,29.0,28.3112,27.5518,31.096,28.5058,23.5506,26.2482,5.69372
26.8009,14.134,29.5651,11.4854,0.0,16.974,16.453,26.8041,6.24562,31.0259,30.7784,27.877,29.1282,31.0612,30.7567,31.9002,30.3506,27.9599,31.7693,31.9718,29.4104,24.2462,31.6345,19.3025,5.47352,15.8531,25.5389,-5.07045,18.2222,26.1052,31.7957,14.1694,31.0982,28.6267,31.5549,26.7612,23.2732,32.2472,32.0122,31.3796,29.11,30.2988,30.2125,29.0638,29.4394,13.4278,16.0811,23.9321,14.8108,12.7488,12.6293,8.88702,17.6068,15.2297,19.9954,17.2996,12.3337,18.2888,13.0531,13.7128,16.1476,22.4471,15.1967,14.7835,17.9029,15.1928,14.3881,18.6556,7.86551,12.5639,14.9628,6.80597,4.61634,18.1842,17.7593,14.2705,18.0893,16.5264,5.12064,16.5198,17.4259,17.3708,15.8173,11.6078,20.4373,12.6522,17.7298,16.0609,22.7221,17.943,28.3408,25.7535,22.8226,23.6857,25.0725,32.1816,32.0011,31.6264,31.4428,30.415,28.4431,28.6264,27.5477,28.1789,28.4342,27.5358,28.6821,28.1736,27.3367,31.0507,28.2266,22.9142,25.7888,6.41884
27.0332,14.2345,29.4362,11.7362,0.0,16.9806,16.3782,26.7542,6.73883,30.799,30.8009,27.3821,28.6429,31.0215,30.6479,31.9217,29.9893,27.5511,31.5967,31.4593,29.1538,24.6215,31.5028,19.8155,5.41694,15.0154,25.2174,-4.33542,17.6615,26.0489,31.9898,14.2695,30.9745,28.6932,32.2213,26.7111,22.4501,32.191,31.7931,31.6166,29.3841,30.5029,30.2961,29.2687,29.6737,11.8752,14.1903,23.732,12.8676,11.0848,10.1958,6.95865,16.1443,13.2633,20.0368,15.7727,11.2854,17.4483,10.8156,11.5366,14.3683,21.7849,13.4648,12.7288,17.6528,13.378,13.1968,18.0064,6.39685,11.2328,13.4566,5.67385,4.6331,17.9861,17.861,11.9029,17.1283,15.616,4.28592,14.7386,16.257,16.8683,15.5673,12.908,20.6898,12.3759,17.4575,15.2626,22.7202,17.7645,28.3227,25.5153,22.601,23.3878,25.0511,32.0947,31.7486,31.5837,31.347,30.2213,28.3473,28.4151,27.2626,28.3108,28.1814,27.4027,28.8282,27.8248,27.3202,30.838,28.8041,23.3304,26.2557,5.99107
27.3597,13.7184,29.5643,12.2138,0.0,17.3462,16.7253,26.9149,6.47978,30.9856,30.8548,27.4526,28.5419,31.0507,30.9727,31.9904,30.0415,27.757,31.6404,31.6589,29.9443,25.3297,31.4152,20.311,4.38097,15.4718,25.716,-4.35034,17.989,25.7052,31.7312,14.3951,31.0431,28.5969,31.6079,26.516,23.1275,32.0351,31.9574,31.4886,29.3257,30.3634,30.1846,29.1895,29.6227,11.4307,13.7339,23.0653,12.9709,11.3057,11.185,8.15275,15.4577,13.1922,19.3111,15.782,10.9239,16.7867,11.7597,12.5583,13.889,21.5567,13.2228,13.3884,17.0641,13.6364,12.7727,17.5137,7.21455,10.9749,12.7073,6.55408,4.43086,17.2773,16.8902,13.0616,16.5476,15.2165,4.93761,15.2916,16.1166,16.1736,15.6747,12.8122,20.7977,10.7526,16.0206,14.1597,22.5613,16.5988,28.0991,25.2202,23.2645,23.4769,25.3521,32.2121,32.3554,31.9316,31.4342,30.375,28.5349,29.0339,27.7385,28.6878,28.8202,27.6325,28.7499,28.1278,27.2352,30.9987,28.2077,23.5051,26.0619,5.82707
26.6115,13.8994,29.3046,12.2607,0.0,17.474,16.9266,26.5589,7.17457,30.6104,30.5659,26.7512,28.1377,30.8744,30.6741,31.6614,29.5469,27.1334,31.4428,31.7627,29.7071,25.4272,31.1212,20.5332,5.08833,15.6588,25.5864,-5.23236,17.5543,25.7048,31.6678,13.9389,30.7294,28.4637,31.9062,26.3195,22.4829,31.8947,31.933,31.3631,29.2373,30.2793,30.0959,29.0255,29.5583,12.1718,14.9256,23.384,13.6498,11.6307,11.1507,7.14908,16.5809,14.0246,19.3444,15.9418,11.5744,17.3442,11.6655,12.4978,15.0874,22.0366,14.1531,13.644,17.8882,13.9835,13.2806,18.3502,6.48594,11.5935,13.5746,5.46401,3.88819,17.5004,16.6998,12.9549,16.9509,15.323,4.80489,15.395,16.0417,16.3363,15.9566,13.3437,21.167,11.8275,16.9456,15.0246,23.0628,17.3484,28.5798,25.8667,23.0536,23.2836,25.5014,31.5616,32.2134,31.6316,31.1272,30.1583,28.2345,28.663,27.5231,28.3071,28.4686,27.4725,28.6723,28.0434,27.0211,30.9049,28.0625,23.3353,26.0394,6.1262
26.7777,14.0517,29.5667,11.2896,0.0,16.4905,16.2867,26.9885,5.71844,31.5481,30.858,28.4444,29.1989,31.2249,30.9891,32.1025,30.9615,28.3271,31.8445,31.4641,29.6338,23.6394,31.7428,18.6085,5.30562,15.6575,25.659,-4.16023,17.7305,26.3674,32.1735,14.0812,31.0242,28.7609,32.0386,26.758,23.0433,32.3739,32.1051,31.6115,29.436,30.4311,30.3285,29.2042,29.7058,11.8736,15.2093,23.118,13.2461,11.2999,10.0409,6.33892,16.7069,13.9953,19.2976,15.385,12.3993,17.1823,10.7878,11.7527,15.2881,21.8095,14.3398,13.0484,17.7572,13.4226,12.7284,18.2673,5.88176,12.0839,13.6742,5.17966,4.05166,17.4493,16.4893,12.04,16.4754,14.8472,3.9195,14.3983,15.3948,16.0973,13.8817,10.9015,19.0719,10.5557,15.5987,14.1755,21.5656,16.738,27.7756,25.6925,22.6795,23.4339,25.886,32.217,32.2344,32.2395,31.5611,30.3273,28.5171,29.1432,28.1158,28.893,28.9071,27.7969,28.8162,28.4629,27.6871,30.8453,28.1826,23.0025,26.0058,5.89558
27.228,13.8248,29.7984,11.8538,0.0,16.9826,15.8999,26.8449,6.39331,31.1694,31.0227,28.1519,29.17,31.3468,30.8908,32.2698,30.7312,28.2087,32.0615,31.6129,29.2931,24.3454,31.7344,19.4046,4.59493,15.0881,25.6005,-4.40668,18.2829,26.1948,32.0168,14.001,31.2055,28.8272,32.8145,26.7268,23.4924,32.3571,32.0701,31.6754,29.9992,30.5466,30.4529,29.6416,29.7417,12.5244,14.4664,23.569,13.7763,11.463,10.6237,6.45465,16.6656,13.9577,20.2482,16.581,11.9052,17.8542,11.4806,12.4809,14.8157,22.3121,13.6978,13.7591,17.8791,14.3671,13.6389,18.5271,6.4861,11.5199,14.0467,5.67229,4.0781,18.3592,18.1376,13.0054,17.5663,16.2937,4.66043,15.6351,16.9527,17.3132,15.4963,12.5705,20.3764,11.653,16.7393,15.0261,22.4773,17.6865,28.2571,26.0433,23.1561,24.4748,26.0945,32.4009,32.3252,32.3754,31.6392,30.4118,28.535,28.7324,27.2499,28.4372,28.0966,27.5308,28.964,27.9529,26.9725,31.1578,27.9253,23.1074,26.2632,5.84401
26.8526,14.1888,29.6712,11.6174,0.0,16.7086,15.8434,26.768,5.77049,31.2193,30.8356,27.6464,28.8989,31.2345,30.9927,32.0725,30.3903,27.8581,31.9018,31.5252,29.4346,24.7499,31.7504,19.5983,4.85212,15.3896,25.4138,-4.67121,18.0986,25.7407,31.5409,14.1148,30.7807,28.5,31.8066,26.4514,23.8095,32.014,31.7923,31.2466,29.0019,30.1162,30.0517,28.8971,29.262,12.2858,14.3404,24.2301,13.58,11.3641,10.1337,6.33255,16.1043,13.6206,20.351,16.0985,11.4668,17.6936,10.9556,12.0186,14.5203,22.2938,13.4905,13.48,17.085,13.9758,13.4357,17.8119,5.79628,11.3206,13.4933,5.14422,4.02083,18.347,17.9858,12.3051,17.3401,15.9668,3.79241,15.3121,16.7661,17.12,14.6784,12.3961,20.2739,12.1816,17.1735,15.2877,22.5795,18.2384,28.3385,26.583,22.7743,24.2797,25.8118,32.1111,31.9744,31.7354,31.4291,30.0852,28.1157,28.5189,26.971,28.0389,27.7548,27.2702,28.7504,27.7147,26.4295,30.9554,27.1895,22.4786,25.6532,6.27888
27.2016,14.1297,29.4743,12.4874,0.0,17.402,16.6856,26.1915,7.02415,30.4126,30.6804,26.6158,28.5053,30.9254,30.7235,31.8546,29.3823,27.0527,31.6308,31.5291,29.8019,25.718,31.3707,20.6974,6.01068,15.4776,25.3849,-4.46007,18.0837,25.3389,31.6571,14.2888,30.7157,28.2581,31.1763,26.3207,23.442,31.7283,31.6793,30.9753,28.6907,29.8913,29.7607,28.5636,29.3868,11.0656,13.6637,24.0762,12.5348,10.3827,10.0771,5.82313,15.3171,12.705,20.1432,15.6537,10.6653,16.7869,10.8717,11.7161,13.8004,21.6898,12.7532,12.7838,16.7168,13.273,12.5622,17.2368,5.02432,10.4874,12.3802,4.2027,2.52901,17.8877,17.9893,12.5328,16.7161,15.6215,5.225,15.5532,16.8467,16.6572,16.8608,14.0484,21.9097,12.8951,18.0478,15.8833,23.3843,18.4017,28.6345,25.7302,22.5923,23.4599,25.2461,31.7456,31.9624,31.4883,31.0295,30.0103,28.3213,28.6288,27.1279,28.5016,28.1681,27.3418,28.6138,27.8057,27.0762,30.8078,28.5313,22.9262,26.0284,6.21171
26.7205,14.6423,29.5107,12.4069,0.0,17.5804,16.959,26.4308,7.05096,30.6578,30.6919,26.7666,28.4396,30.971,30.8277,31.7821,29.6102,27.1447,31.5351,31.5286,29.642,25.0957,31.2922,20.0392,6.32905,15.7785,25.0498,-5.02625,18.0191,25.4721,31.5429,14.2995,30.7664,28.3939,31.616,26.2916,23.3247,31.8723,31.604,31.1566,28.9237,30.0474,29.8435,28.7746,29.4025,12.235,14.1661,23.5473,13.6313,11.1326,11.679,8.06684,15.6307,13.6751,19.6505,16.2419,11.0718,17.2056,11.9061,12.4727,14.3853,21.5551,13.5777,13.6742,16.7762,14.1043,13.4661,17.7608,7.13632,10.9674,13.1481,5.90807,3.4465,17.6309,17.4053,13.2442,17.1359,15.7847,4.87523,15.7363,16.9645,16.6327,16.114,13.3047,20.5714,11.7429,16.8089,15.087,22.4286,17.4165,27.9433,24.9709,22.3693,23.1547,24.5174,31.5431,31.613,31.2512,30.8404,30.0778,28.3652,28.871,27.3274,28.5248,28.1873,27.309,28.6626,27.9321,26.9608,30.7254,28.1816,22.6553,25.8152,6.5463
27.2319,14.3332,29.5173,11.9873,0.0,17.6796,17.1921,26.8706,6.43811,31.1809,30.7007,27.9255,29.293,30.961,30.9307,32.0129,30.5213,27.9145,31.5815,32.2339,29.8478,24.9556,31.5293,20.1082,5.23521,15.0684,25.6072,-4.35754,17.8146,26.0332,31.8952,14.3551,30.9631,28.7585,32.1769,26.6984,23.2964,31.9956,31.9172,31.5872,29.8391,30.3973,30.2412,29.4616,29.6511,11.8098,14.5845,23.6768,13.4752,12.0172,11.81,8.25941,15.6934,13.7596,19.6824,16.1595,11.8262,16.8583,12.4377,13.1302,14.6095,21.716,14.091,13.8956,16.6156,14.1158,13.1355,16.9611,7.39634,11.7616,12.8557,6.55408,4.53489,17.5151,17.5042,13.6199,16.8542,15.7762,4.7975,16.0096,16.8523,16.5876,15.4108,12.4891,20.7586,12.2908,17.4561,15.5233,23.1605,17.8803,28.7627,25.9843,22.2113,23.7366,25.9112,32.2361,32.0164,32.0841,31.5181,30.3822,28.466,28.7686,27.6309,28.6535,28.5475,27.5155,28.7704,28.3429,27.3762,31.1574,28.5938,23.4732,26.3587,6.69578
26.7215,14.3099,29.6607,12.1402,0.0,18.2221,17.2226,27.3013,6.90424,30.9099,30.7747,27.0941,28.6137,31.0807,31.0319,31.9131,29.9835,27.4469,31.7865,31.2011,29.5831,25.2328,31.4555,20.272,3.84564,14.938,24.8931,-5.70314,17.9664,25.4981,31.3498,14.621,30.5796,28.2543,31.5475,26.224,22.7201,31.4037,31.3218,30.7716,29.0879,29.491,29.5086,28.4477,29.1663,13.7467,16.1586,23.7652,15.2562,12.501,12.1961,8.04442,17.5768,15.514,20.4694,17.8741,12.3039,18.4312,12.8088,13.776,16.4612,22.383,15.3263,15.1788,17.2798,15.6708,14.8155,18.5193,7.38693,12.4516,15.1504,6.12081,4.19141,18.8029,18.2822,14.3213,18.5774,16.9585,4.89489,16.6209,17.7967,18.0256,15.9514,12.8141,20.5422,11.6143,16.5615,15.1286,22.9859,17.4568,28.4009,25.1857,23.0189,23.7577,25.0866,31.6596,31.688,31.4522,31.0161,29.949,28.1657,28.5125,27.3354,28.1708,28.1463,27.0887,28.2162,27.7876,26.9168,30.6588,28.1082,23.1281,25.7299,6.49872
26.6894,13.891,29.4819,11.889,0.0,17.6866,16.8465,26.8748,6.44647,30.8746,30.7143,27.0726,28.3991,31.0147,30.8724,31.8528,29.8082,27.4479,31.6198,31.5151,29.4365,24.3817,31.3535,19.2752,4.42161,14.8551,25.4066,-4.36564,18.0093,26.0032,31.7716,14.1244,30.9042,28.6172,32.2265,26.6514,22.8721,31.8118,31.5102,31.0848,29.6471,29.8348,29.7903,29.0354,29.4214,12.9566,14.7878,23.8049,14.1649,11.7443,11.5842,8.26593,16.4422,14.2139,21.1327,17.4227,11.5394,17.9978,12.1496,12.984,15.1071,22.2962,14.1423,14.2066,17.0632,14.8902,14.3008,18.0161,7.17246,11.5778,14.1217,6.55543,4.53088,19.0537,19.0987,13.6857,18.2322,17.0328,5.07929,16.544,17.8474,18.0685,14.9889,11.9922,19.7441,12.017,16.9217,15.5964,22.0801,18.19,28.1048,25.3211,23.2046,24.0788,25.0831,31.7987,32.02,31.3364,31.1066,30.1743,28.468,28.5688,27.1504,28.1342,28.1824,27.341,28.5562,27.8052,26.9883,30.7675,28.1928,23.332,25.9086,6.3604
26.782,14.1639,29.6623,11.9189,0.0,17.803,17.0041,27.113,6.88075,31.0354,30.9257,27.61,28.5406,31.1982,31.0006,32.0045,30.1312,27.9086,31.7674,31.0078,29.4373,24.4681,31.5671,19.3563,4.8251,15.8603,25.7744,-4.30866,17.7893,25.7829,32.113,14.3215,31.1615,28.7884,31.5071,26.7489,22.8123,32.0711,31.9567,31.416,29.5338,30.2758,30.0814,29.1626,29.6868,12.5167,15.3841,23.4846,14.0519,12.3995,12.1226,8.88491,16.6768,14.5098,19.7603,16.6101,11.8319,17.4799,12.6226,13.3032,15.4273,21.7676,14.7094,14.2682,16.9355,14.5412,13.8373,18.1266,8.08784,12.2808,13.9334,7.31859,4.82088,17.8608,17.7311,14.0282,17.4668,16.2267,5.6173,16.1637,17.2053,16.9879,15.7191,12.3283,20.1168,11.6816,16.5159,15.17,22.1471,17.5615,28.1201,25.1323,22.4721,23.2753,24.8124,31.6124,32.0668,31.3983,31.0186,30.2075,28.5483,28.4398,26.9113,28.1681,27.8271,27.1864,28.829,27.7784,26.9881,30.6583,28.0693,22.8149,25.9036,6.167
26.7184,13.8095,29.5908,11.5266,0.0,16.4606,15.8608,26.7497,5.56147,31.38,30.902,27.8495,28.8444,31.3293,30.9033,32.0767,30.5591,28.1011,31.9506,31.8523,30.2259,23.9449,32.0642,18.8183,5.90229,15.3362,25.6088,-3.98838,18.3889,26.0413,32.0416,14.6792,31.2082,28.8707,32.1872,26.6983,23.5346,32.3432,32.0684,31.7578,29.5949,30.4762,30.4273,29.2912,29.6495,13.0159,14.9861,23.8804,14.3449,12.3867,12.3956,8.73536,16.1753,14.6023,20.3243,16.8342,11.3753,17.8743,12.9742,13.7383,15.1611,22.2022,14.4428,14.499,16.5609,14.81,14.0084,17.0576,8.19969,11.6398,14.2631,7.21643,5.20714,18.4893,18.0731,13.8948,17.8184,16.3853,4.99509,15.7868,16.8984,17.5686,14.1756,11.1246,19.0535,11.8502,16.5043,15.2308,21.9341,18.117,28.2146,26.2357,21.9575,24.2377,25.9777,32.646,31.6738,32.0605,31.8545,30.448,28.813,29.0306,27.6051,28.4918,28.5476,27.6626,28.9677,28.1047,27.0626,31.1839,27.9362,23.3064,25.8978,6.32322
27.266,14.1711,29.4932,12.042,0.0,17.5177,16.7295,26.6858,6.63162,30.9327,30.8773,27.5581,28.5891,31.1986,30.8712,31.9371,30.2523,27.741,31.806,31.5714,29.7307,24.6885,31.6674,19.6305,5.0166,16.3515,25.907,-4.19627,17.926,26.1418,32.0237,14.4324,31.0107,28.759,32.1262,26.7689,22.7441,32.0844,31.8288,31.3133,29.628,30.3305,30.053,29.3343,29.7643,12.8639,15.1784,23.5313,14.1624,11.9699,11.5742,8.10666,16.9077,14.4828,20.2061,16.852,11.3768,18.0588,12.1504,13.0082,15.4723,22.1263,14.5503,14.1691,17.7485,14.7231,13.9985,18.3295,7.17536,11.5616,14.3122,6.32725,4.2687,18.23,17.7146,13.5247,17.8304,16.1945,5.33796,16.1929,17.3799,17.1415,15.8019,12.4874,20.4704,11.7625,16.8677,15.4103,22.4191,17.4927,28.2757,25.3608,22.7568,23.7658,25.0908,31.961,32.196,31.6261,31.3022,30.354,28.6189,28.8262,27.5139,28.5617,28.4057,27.5857,29.0151,28.167,27.2339,30.8265,28.267,23.5958,26.3196,6.10072
27.349,14.0392,29.62,12.6208,0.0,17.9937,17.2758,27.0175,6.73031,31.2424,30.9149,27.7094,29.1121,31.1658,30.9374,32.033,30.4382,27.942,31.7081,32.3933,30.0889,25.8781,31.7325,20.8579,5.32695,15.8715,25.7359,-4.66998,17.9029,26.0744,32.0353,14.2144,31.1488,28.7507,32.2374,26.6895,23.1727,32.1954,31.7573,31.4595,29.4479,30.1872,30.1208,29.0685,29.7185,12.082,14.6378,23.8801,13.5762,11.5724,11.5425,7.95649,16.0289,13.881,19.6797,15.9392,11.4187,17.1124,12.1686,12.9596,14.6811,21.7975,13.8366,13.8213,17.3097,13.942,13.0928,17.761,7.01826,11.4211,13.3297,6.23581,4.10811,17.6581,17.5187,13.4889,16.7526,15.5948,4.54888,15.6355,16.6279,16.5732,15.4587,13.1918,21.2326,12.106,17.2462,15.1885,23.6485,17.7389,29.0297,25.9583,22.6531,23.9541,25.4701,32.441,32.1357,31.8525,31.5973,30.299,28.7224,28.6783,27.6445,28.5014,28.4807,27.451,28.7417,28.1811,27.7365,31.4301,28.5107,23.034,26.0066,6.09093
27.2341,14.371,29.5951,12.4367,0.0,17.8776,17.1028,26.5645,7.22973,30.5898,30.7057,26.8389,28.4742,30.7963,30.8526,31.705,29.704,27.1733,31.4187,31.9059,29.7904,25.7062,31.3761,20.5796,5.15656,15.7242,25.2113,-5.71364,18.4819,25.9207,31.7637,14.5032,30.9145,28.503,32.6384,26.5381,23.8186,31.966,31.641,31.2717,29.1614,30.0409,29.9287,28.8312,29.7156,12.9117,15.1354,23.6774,14.2896,11.5678,11.9619,8.35682,16.826,14.3891,19.9382,16.9134,11.4646,17.7266,12.4524,13.1599,15.4531,21.9806,14.144,14.3182,17.5351,14.8075,14.1249,18.3336,7.13642,11.5358,14.1768,6.07717,3.55562,18.0027,17.7923,13.7894,17.8611,16.3438,5.6155,16.227,17.1579,17.2159,16.3308,13.6106,21.2619,12.5306,17.7699,15.6859,23.4848,17.8695,28.8234,25.8345,23.2398,24.0257,25.4083,31.8239,32.1582,31.6949,31.1845,30.0732,28.4075,28.7641,27.572,28.4454,28.4817,27.3688,28.5075,27.9832,27.4524,31.103,28.5203,23.7052,26.1607,6.14844
27.114,14.3705,29.8096,12.0976,0.0,17.8254,17.2331,26.9691,6.43866,31.1496,30.9423,27.5962,28.8073,31.2,31.0921,32.0906,30.4419,27.9299,31.9106,31.8251,29.8238,25.4738,31.6136,20.3892,5.40125,14.7258,24.785,-4.67305,17.9682,25.937,31.9095,14.3371,31.0192,28.7418,32.0746,26.6298,23.5631,32.137,31.7768,31.5273,29.5641,30.4944,30.1545,29.3954,30.079,12.9074,15.4905,24.054,14.4855,12.5497,11.9512,8.92728,16.7371,14.8227,20.2577,16.5287,12.247,17.714,12.5188,13.3481,15.5827,22.6534,14.801,14.5765,17.3533,14.7122,13.9717,17.814,7.96503,12.2771,14.0665,7.01898,4.89657,18.2128,17.5163,13.5357,17.5258,15.7919,5.36763,15.575,16.5575,17.0272,15.1256,12.334,20.3566,11.7821,16.747,14.8633,23.0794,17.8686,28.7367,26.3061,22.3583,24.2269,26.0011,32.1873,32.2108,32.0605,31.5957,30.4518,28.319,28.9284,27.561,28.6615,28.3782,27.4585,28.683,28.396,27.3877,31.1139,28.7574,23.1875,26.0128,6.31253
27.3852,14.7097,29.4415,12.2842,0.0,17.9572,17.1162,27.0382,6.99219,30.9866,30.7778,27.2481,28.5759,31.0643,30.7271,31.9566,29.9169,27.6481,31.6947,31.4837,29.7251,25.2433,31.65,20.0954,4.83343,15.7339,25.5049,-5.37242,18.0849,25.7809,31.9426,14.3031,30.8972,28.6331,32.2611,26.5858,23.3099,31.9708,31.8284,31.398,29.4705,30.2326,30.0527,29.1697,29.8847,13.6277,16.0958,23.5786,15.0293,12.2499,11.824,8.29599,17.7422,15.2573,20.3444,17.4509,12.5968,18.6441,12.4753,13.4239,16.392,22.7467,15.1189,14.7858,17.8869,15.3607,14.7135,18.8514,7.25164,12.4574,15.0729,6.20294,4.72714,18.6615,17.7464,13.8163,18.5264,16.403,5.68751,16.1228,17.0357,17.8023,15.8981,12.75,20.7659,11.5267,16.4654,14.9096,22.7127,17.2667,28.3218,25.178,23.0453,24.6192,25.6474,31.9179,31.9821,31.7134,31.2778,30.2757,28.3022,28.8273,27.8278,28.5049,28.6395,27.6082,28.6223,28.521,28.0456,30.7869,29.2049,23.2783,26.0519,6.50138
27.0761,14.467,29.7631,11.6304,0.0,17.2288,16.4733,26.5645,6.3859,31.4121,31.0454,28.0112,28.7706,31.3579,30.8685,32.1997,30.7181,28.2063,31.9799,31.7184,29.3919,24.4187,31.8958,19.3878,5.3743,15.5287,26.0948,-3.41351,17.9992,26.568,32.3168,14.4156,31.4191,29.1456,32.3629,27.0766,23.2089,32.793,32.1172,32.2538,30.4203,31.0361,30.8411,30.0353,30.0673,12.2249,14.276,24.2964,13.3224,10.9663,10.1922,6.98437,15.9531,13.4218,20.4659,16.3961,11.2743,17.718,10.8281,11.6265,14.4726,22.599,13.5092,13.0397,17.0589,13.9595,13.6516,17.6141,6.35905,11.2991,13.3405,5.68054,4.83689,18.431,17.8872,12.0483,17.6779,15.9576,4.50694,15.0369,16.455,17.3858,14.2487,12.079,19.7551,12.0997,16.7653,15.1766,22.4653,18.0372,28.4588,26.6775,22.4289,24.4578,26.2524,32.7021,32.3146,32.547,31.9493,30.7745,28.8131,29.2438,28.3149,28.8256,29.1399,28.0337,29.2059,28.8924,28.3223,31.4994,29.4515,23.479,26.299,6.18892
27.2275,13.9771,29.7077,12.16,0.0,17.4122,17.1799,27.0236,6.96136,31.1779,30.9341,27.4323,28.5681,31.169,31.0858,32.0217,30.2781,27.6192,31.8024,31.6308,29.6557,25.5394,31.6895,20.661,5.26953,16.061,25.4655,-4.27879,17.575,25.7913,32.2136,14.1933,31.1608,28.7597,31.4022,26.7823,22.6858,32.0845,31.9121,31.381,29.2438,30.2487,30.1269,29.023,29.8102,12.2469,15.3821,23.2875,13.7565,11.5701,10.5234,6.72769,16.8105,14.308,19.7497,16.1819,11.6154,17.4865,11.3568,12.2946,15.5782,22.022,14.3884,13.7478,17.246,14.1415,13.2986,18.0873,6.17817,11.7035,13.9605,5.49429,4.40245,17.758,17.1559,12.7701,17.1629,15.5178,5.34156,15.1831,16.3791,16.6341,15.8895,13.3259,20.8289,11.7718,16.7616,14.5869,23.2742,17.0559,28.7118,25.2951,23.0476,23.6565,25.2451,31.9616,32.2047,31.7946,31.2799,30.3903,28.4327,28.6863,27.8127,28.1967,28.5817,27.3861,28.4771,28.2155,27.7102,30.901,28.7078,23.0212,25.8837,6.20569
27.5998,14.124,29.5088,12.7985,0.0,18.0895,17.4906,26.8991,7.44497,30.9649,30.9353,27.9448,29.0054,31.2891,30.9629,32.2282,30.458,27.9025,31.8798,32.0944,30.0307,25.0994,31.6488,19.9651,5.90378,15.1644,25.3738,-4.14119,18.6058,26.12,31.8637,14.7188,31.0231,28.7745,32.2375,26.8061,24.0254,32.2141,32.0225,31.6326,29.3472,30.3012,30.2706,29.1356,29.7146,13.0551,14.8913,24.0876,14.4934,12.0254,12.0819,8.4824,16.1859,14.4936,20.7154,17.4306,11.456,17.893,12.6652,13.5598,15.0474,22.3744,14.4538,14.6644,17.1344,15.1259,14.3422,17.7736,7.69427,11.5505,14.0224,6.75795,3.90459,18.7261,18.6221,14.3113,18.1064,17.0082,5.22706,16.8314,18.0494,17.764,16.498,13.398,20.6745,12.0502,17.1364,15.3998,22.4647,18.1363,28.775,26.309,22.6608,24.2482,26.2123,32.5204,32.2726,32.2854,31.89,30.3945,28.7156,29.059,28.1665,28.6102,29.0626,27.9158,28.9373,28.6346,27.7796,31.5033,28.5172,23.199,25.9976,6.56529
26.8446,14.7699,29.4378,12.3733,0.0,18.3358,17.6271,26.7244,6.68272,30.9337,30.7178,27.177,28.6364,31.0506,30.9436,31.8177,29.9647,27.4329,31.7703,31.6524,29.7797,25.197,31.3271,20.0635,4.76993,15.9464,25.5044,-4.94811,17.9591,25.6592,31.6233,13.8092,30.6385,28.2664,31.3452,26.3417,23.5812,31.7656,31.6105,31.1977,28.4775,30.0446,29.8723,28.5085,29.5799,13.6233,15.9476,24.1555,15.0848,12.9109,12.4495,7.78249,17.2497,15.3064,20.3806,17.8036,12.0577,18.2285,13.2465,14.1557,16.153,22.3544,15.2624,15.2329,17.6164,15.596,14.7639,18.2173,7.58382,12.3522,14.718,6.43869,4.4268,18.6411,18.5471,14.6146,18.4232,17.2693,5.09231,17.0635,18.3235,17.9209,15.5515,12.5888,20.18,12.2832,17.0915,15.849,22.5198,18.2851,28.2697,25.8923,22.7467,23.3106,24.8775,31.7937,31.7758,31.3656,31.1445,29.9574,27.9338,28.5274,27.0723,28.2061,27.9986,26.9587,28.2594,27.6984,26.712,30.722,28.1861,23.162,25.9121,6.12524
27.3524,14.8731,29.5978,11.5937,0.0,17.0442,16.4319,27.193,4.62679,31.2318,30.8755,27.6544,28.6202,31.2514,31.1041,32.1034,30.2681,27.9834,31.9787,31.5829,29.708,25.1148,31.8684,20.0074,5.28289,15.3395,24.9613,-2.95101,18.1898,25.9989,31.618,14.3288,30.7177,28.3942,31.9236,26.4018,23.066,31.758,31.5823,31.1697,29.127,29.8576,29.8455,28.7437,29.4572,11.7513,14.3212,23.5436,13.2749,12.0984,11.5715,8.25144,15.6688,13.6181,19.8817,15.9911,11.8724,17.0209,12.2056,12.8764,14.3337,21.862,13.7854,13.5907,16.3366,13.8594,12.9271,16.8371,7.78111,11.8647,12.989,7.30255,5.61333,17.8721,17.4384,13.1963,16.8665,15.5999,3.70722,15.1741,16.2137,16.7156,14.1424,11.5825,19.6793,10.9692,15.9698,14.3567,22.3447,17.2331,28.1702,25.4607,21.8596,24.0901,25.3455,32.0751,31.6581,31.5491,31.237,30.1211,28.3259,28.73,27.1864,28.4888,28.0434,27.4488,28.6555,27.6945,26.3418,30.8622,27.4749,23.3719,26.1682,6.36951
26.9017,14.18,29.541,11.2577,0.0,16.3358,15.8122,26.8667,5.28865,31.0852,30.775,27.5347,28.3729,31.2067,30.9147,31.9719,30.1496,27.8673,31.9239,31.9268,29.6227,24.4713,31.9317,19.5206,5.10199,15.6503,25.5547,-3.52376,17.4061,25.7356,31.8675,13.9665,30.9402,28.6051,30.9201,26.481,22.5863,31.9793,31.6638,31.3625,29.3582,30.1371,30.0321,29.0343,29.3785,12.4832,14.7173,23.674,13.7887,11.3909,10.8769,7.32193,16.632,13.892,20.1827,16.5593,11.6301,17.8372,11.6137,12.5221,14.9413,22.1545,13.9111,13.7369,17.5311,14.4037,13.6675,17.9717,6.65474,11.4913,13.9543,5.98309,4.87808,18.3424,17.7903,13.1089,17.6043,16.0578,4.48649,15.5818,16.7378,17.2923,14.2465,11.5676,19.9618,12.5098,17.2105,15.5554,22.7573,17.9431,28.2137,25.7634,22.576,23.4439,25.1833,32.1665,31.5756,31.4992,31.4647,30.2541,28.5683,28.8322,27.5402,28.0746,28.4719,27.5067,28.6784,28.2398,27.2674,31.0061,28.7196,23.2754,26.1529,5.78864
26.59,14.4731,29.4398,11.9809,0.0,17.2662,16.3852,27.0535,5.95402,31.2213,30.6854,27.5899,28.5353,31.1375,31.0611,32.0088,30.1188,28.0095,31.8039,31.8541,29.5987,24.885,31.5971,19.8012,4.80414,15.4526,25.4497,-4.09825,18.0242,25.255,31.6321,14.2933,30.7523,28.4281,31.1386,26.2169,23.1413,31.8369,31.6122,31.2253,29.548,30.1031,29.8572,29.0588,29.6567,12.8557,15.2274,23.3882,14.1403,11.7469,11.0497,6.90677,16.8174,14.4368,20.3008,16.6507,11.7679,17.9662,11.8105,12.7217,15.3509,22.2473,14.5239,14.0713,18.1086,14.5638,13.9729,18.6027,6.54315,11.8193,14.2203,5.82592,4.91329,18.4848,17.7124,13.2144,17.6484,16.0826,3.74317,15.8638,17.0714,17.2748,14.5647,12.2648,19.9309,11.1685,16.3143,14.6908,22.3829,17.3429,28.4071,25.3134,23.0293,23.9756,25.3429,31.5409,31.6445,31.3953,30.8352,30.1041,28.3651,28.6396,27.3962,28.3883,28.2646,27.257,28.4221,28.0341,26.9196,30.5816,28.1975,22.8641,25.594,6.31642
27.5486,14.7158,29.4553,12.4219,0.0,17.521,16.7969,26.9282,6.77437,30.8163,30.7059,27.3585,28.6446,30.9399,30.7847,31.7654,29.9132,27.7239,31.6283,31.9027,29.8492,25.591,31.4669,20.4787,5.63633,15.8182,25.6191,-4.69295,17.7339,26.0827,31.9832,13.9791,31.1566,28.595,32.1524,26.7517,22.767,32.1214,31.7686,31.4127,29.2369,30.0623,30.0647,28.867,29.5824,12.1603,14.9374,23.2943,13.6391,11.9253,11.3946,7.66109,16.5763,14.0489,19.6917,15.9815,12.1936,17.4101,12.0419,12.9687,15.1263,22.0359,14.1385,13.8108,17.3244,14.0036,13.3769,18.0122,7.06899,12.1012,13.6465,6.46547,5.29241,17.5708,17.2935,13.3066,17.1109,15.4251,4.73142,15.4416,16.2769,16.5113,15.7154,12.975,20.7259,11.8838,17.1743,14.984,23.1999,17.3442,28.5667,25.3019,22.9401,23.8874,25.0415,31.6845,31.876,31.4791,31.1129,30.183,28.2665,28.7407,27.5515,28.1218,28.3564,27.4586,28.5908,27.8434,27.1317,30.9114,28.3948,22.9024,25.7515,6.18337
27.0121,14.6754,29.6231,11.4871,0.0,16.9488,15.9834,26.608,5.83682,31.1549,30.7965,27.3809,28.4011,31.1928,30.9339,32.0454,30.0425,27.8225,31.8505,31.1161,29.2025,24.4518,31.6468,19.5574,5.58646,15.4421,25.8297,-3.55018,18.2488,25.7405,31.8391,14.5489,31.0017,28.7376,31.6159,26.6044,23.2416,32.1441,31.854,31.5647,29.948,30.4021,30.2845,29.4967,29.7774,12.6061,14.9724,23.6704,13.8346,11.8105,11.111,7.34643,16.5867,14.0542,19.9533,16.5974,12.0253,17.7505,11.6916,12.5168,15.1137,22.032,14.2227,13.7224,17.1337,14.3744,13.7463,17.6251,6.81513,11.9695,14.0082,6.11812,4.78834,18.1158,17.911,13.0295,17.6543,16.0907,4.61937,15.4222,16.9469,17.1993,14.844,12.1655,20.2601,11.9858,17.0282,15.2303,22.7222,17.9212,28.3801,26.1189,22.0993,23.9355,25.7349,32.1725,31.9748,32.054,31.5122,30.4508,28.3612,28.7788,27.8333,28.4239,28.5573,27.7032,28.9281,28.3502,27.4359,30.9614,28.4319,23.2899,26.2631,5.79262
27.3248,14.6387,29.4098,12.1999,0.0,17.2342,16.8326,26.7446,6.80949,30.7636,30.6708,27.1862,28.3417,30.8975,30.7262,31.6309,29.8993,27.4898,31.5583,31.8427,29.7247,24.8067,31.2897,19.8181,5.78491,16.0287,25.8394,-4.74633,18.063,26.0169,31.8455,14.098,30.8804,28.5785,32.3244,26.6949,23.0562,32.0064,31.7421,31.2913,29.0786,30.1669,29.9912,28.8839,29.6321,12.5963,15.8485,23.4445,14.208,13.1345,12.9217,9.64093,16.997,14.8179,19.9124,16.2006,12.9285,17.606,13.365,14.0559,15.6427,22.1496,15.2743,14.6085,17.8344,14.4015,13.6149,18.4623,8.72199,13.122,13.9499,7.92572,5.71741,18.0269,17.5196,14.2222,17.2064,15.793,5.50696,16.0175,16.8412,16.8161,15.7362,12.4163,20.3785,11.8894,16.8357,15.2393,22.5091,17.5348,28.3089,25.8745,23.0222,23.3771,25.2984,31.7719,32.2676,31.7534,31.4279,30.1179,28.2787,28.7875,27.4283,28.0119,28.4169,27.5228,28.6887,27.8289,27.1747,31.0618,28.696,23.676,26.3163,6.20618
27.4355,14.2508,29.6429,12.0072,0.0,17.3159,16.7051,26.8824,6.82233,31.1691,30.8865,27.7872,28.8525,31.1561,31.0023,31.99,30.6808,27.9273,31.797,31.952,29.9385,24.8248,31.7809,19.5335,5.29801,15.8285,25.3807,-3.64911,18.0852,26.0119,32.139,14.0825,31.2135,28.7983,32.0139,26.8479,23.5958,32.2927,31.8239,31.6671,29.2394,30.4627,30.3263,29.1979,29.6796,12.2874,15.4977,23.2737,13.9331,12.8187,11.8309,8.39231,16.6713,14.5457,19.1344,15.9137,13.24,17.2251,12.4458,13.2741,15.4113,21.9475,14.9001,14.1786,17.9207,14.1156,13.3275,17.709,7.86625,12.9716,13.6172,7.14072,5.52531,17.2555,16.7294,13.4681,16.8835,15.3809,5.34866,15.821,16.5732,16.2399,15.7351,12.2586,20.282,11.1331,16.3612,14.6648,22.4383,16.9682,28.5405,26.052,22.3478,23.2906,25.3507,32.1548,32.3536,31.9579,31.5533,30.3559,28.4298,29.0021,27.9071,28.5533,28.9073,27.7618,28.8325,28.2523,27.6672,31.2613,28.297,22.7054,25.4592,6.16458
27.3025,14.0798,29.7988,12.6271,0.0,17.6692,17.5842,27.4409,6.47469,31.3386,31.128,27.8934,29.1335,31.4978,31.1868,32.4478,30.5428,28.2304,32.0656,31.9773,30.069,25.5698,31.8057,20.8657,4.76194,15.4815,25.6851,-4.01383,18.4638,26.2196,32.1867,14.3864,31.2154,28.8391,31.8898,26.9931,23.747,32.2324,32.0514,31.5594,29.8433,30.4941,30.264,29.5326,29.8434,12.117,15.0606,23.3057,13.3327,12.1325,11.2673,8.07667,16.9695,14.0116,19.6298,15.5843,12.487,17.6252,11.8871,12.6514,15.2215,22.1283,14.2464,13.4162,17.6007,13.5951,13.1477,18.1923,7.57183,12.364,13.9148,6.95758,5.16429,17.6958,16.929,12.6339,17.0963,15.0511,4.21615,14.4564,15.4376,16.552,14.6675,13.0887,20.6099,11.0823,16.2783,14.1883,22.9398,16.9083,28.4852,25.6051,22.8164,24.1274,25.6388,32.6728,32.192,32.1324,31.8323,30.497,28.7974,28.9578,27.6427,28.6042,28.6203,27.5987,28.9919,28.5378,27.7618,31.3927,28.8795,23.4681,26.466,6.15725
27.0101,14.1326,29.4571,11.2332,0.0,17.1709,16.464,26.6539,5.66716,30.9056,30.7255,27.3415,28.4559,31.0497,30.7666,31.9213,29.9942,27.595,31.6912,31.3431,29.2181,23.8274,31.6711,18.9277,5.68539,15.6775,25.3185,-4.10255,17.6406,25.7996,31.696,13.9194,30.7687,28.3173,31.9336,26.2805,23.0041,31.6895,31.5514,31.1745,29.0511,29.9892,29.8772,28.7583,29.4075,12.4959,15.204,23.5173,13.8741,11.8401,11.6301,9.02323,16.6544,14.3001,20.1962,16.6187,11.6817,17.776,12.0071,12.9057,15.2695,22.3344,14.4492,14.0701,17.7388,14.4653,13.6723,18.3779,7.76351,11.788,13.8458,6.76176,4.91979,18.2624,17.6627,13.3169,17.5317,16.0529,4.87879,15.6454,16.801,17.1189,14.587,11.4871,19.3443,11.3222,16.2964,14.829,21.6726,17.2419,27.7018,25.0803,23.1263,23.8183,25.1712,31.9579,31.7272,31.5161,31.1832,30.0705,28.4638,28.6709,27.1114,28.5052,28.1901,27.2681,28.4382,27.8207,27.0672,30.633,28.5778,23.4043,26.3082,5.98341
27.2766,14.56,29.659,12.0962,0.0,17.1234,16.7175,26.6982,6.87553,31.2102,31.0674,27.7394,28.9811,31.3701,31.0306,32.1376,30.4543,27.9513,31.9109,31.7703,29.8819,25.1158,31.6197,20.0461,5.2326,15.5009,25.9193,-4.57702,17.4937,26.1788,32.4747,14.1061,31.5014,29.0595,31.3106,27.202,22.6206,32.7257,32.3368,32.0281,30.0587,30.8067,30.5885,29.8061,29.9413,13.4949,16.4205,23.5913,15.1287,13.0572,11.514,7.97982,17.8178,15.5474,20.053,17.5735,13.0235,18.1778,12.3581,13.4857,16.5558,22.3828,15.6388,15.026,18.3026,15.5022,14.4957,18.6754,7.65406,12.9979,14.989,6.96739,4.92362,18.2981,17.864,13.7955,18.1635,16.7363,4.94844,16.5748,17.5971,17.5988,15.2951,12.3613,20.6368,11.9119,16.9189,15.2518,22.8822,17.5667,28.6779,26.1535,22.8739,23.936,25.8321,32.1901,32.5879,32.0706,31.6405,30.689,28.8582,28.8543,27.9153,28.358,28.5102,27.9565,29.2136,28.6598,27.4049,31.342,28.8202,23.2808,26.397,5.79755
27.8274,14.6499,29.7934,12.9049,0.0,18.2868,17.4617,26.9347,7.7665,31.1268,31.0868,27.4328,29.1663,31.3812,31.1784,32.3204,30.2764,27.7518,31.9389,32.1413,30.2137,25.9555,31.6159,20.9748,6.33905,15.5294,25.5462,-4.85111,17.9278,26.3881,32.2994,14.3293,31.272,28.851,32.385,27.0714,22.9319,32.4409,32.384,31.7427,29.3084,30.6062,30.4297,29.2399,29.8556,13.5187,15.7101,24.2059,14.7964,12.1609,11.6148,7.9681,17.4367,14.8758,21.0586,17.7001,12.1375,18.6626,12.2066,13.147,15.8983,22.9086,14.8354,14.6282,18.0305,15.2945,14.7714,19.0045,7.09039,12.0654,14.9067,6.17834,4.44467,19.1958,18.7291,13.7439,18.5926,17.0908,5.56228,16.6442,17.8523,18.2152,16.8457,13.8649,21.8347,12.9104,18.1151,16.1736,23.7998,18.5714,29.0986,26.5597,23.9246,24.3227,25.9262,31.7766,32.4166,32.0075,31.5031,30.5869,28.5797,28.8369,27.8777,28.4309,28.7679,27.6861,28.8397,28.7131,28.0492,31.2897,29.4003,23.5821,26.4028,6.18601
27.2769,14.1447,29.4674,12.3982,0.0,17.1752,16.7751,27.0267,6.68921,31.3668,31.0242,27.7909,28.942,31.496,31.0331,32.2057,30.53,28.1013,32.1086,31.8796,29.897,25.3125,31.8793,20.4763,4.3807,15.6463,26.1772,-3.66306,18.1122,26.5952,32.4167,14.4583,31.2498,28.8958,32.872,27.0292,23.6767,32.4107,32.0118,31.8285,29.7649,30.601,30.4786,29.4535,29.714,12.15,14.292,24.2418,13.4782,11.7697,11.4258,7.65318,15.9195,13.6692,20.3044,16.2018,11.6824,17.496,12.0959,12.6982,14.5463,22.2061,13.6089,13.5596,17.1066,13.9686,13.3615,17.6631,6.99161,11.5095,13.4786,6.21708,4.75128,18.2992,18.0495,13.1672,17.3115,15.9331,4.64502,15.4454,16.5252,17.2019,15.6341,13.2545,21.217,12.7527,17.8844,15.7331,23.4222,18.3928,28.8032,26.4273,22.6209,23.846,25.6969,32.4053,31.9988,32.0884,31.7678,30.4393,28.8248,28.7343,27.3866,28.468,28.4765,27.4663,28.8521,28.103,27.264,31.4222,28.0872,23.0728,25.8765,6.06797
27.7179,14.3289,29.7716,12.7225,0.0,17.8393,17.2662,26.7423,7.4724,30.8735,31.0288,27.5986,28.6991,31.181,30.8848,32.0583,30.2391,27.6805,31.7005,31.8105,30.1349,25.5068,31.6697,20.4219,4.94847,15.3384,26.3033,-4.16404,17.6695,26.3402,32.436,14.4044,31.447,28.9745,31.7012,27.2091,22.5831,32.5757,32.1405,31.8513,30.358,30.78,30.5468,29.8925,29.9957,12.6087,14.6548,24.1457,13.9843,11.7683,10.881,7.3684,16.3508,14.0213,20.7653,16.9779,12.0579,17.9254,11.6733,12.7369,14.795,22.261,13.9906,14.0824,17.2788,14.7604,13.8733,17.8576,6.49896,11.8357,13.751,5.77829,4.79747,18.7842,18.2986,13.0037,17.8763,16.4786,5.07893,15.8509,17.3631,17.6869,15.4683,13.419,20.4869,12.592,17.2666,15.7108,23.0865,18.252,28.8327,26.4592,22.6836,24.3758,25.9352,32.55,32.2472,32.212,31.825,30.6978,28.8722,29.1879,28.1365,28.7142,29.0356,27.816,29.3158,28.6757,28.0986,31.5268,29.2608,24.135,26.7058,6.2695
26.9869,14.89,29.6312,11.7436,0.0,17.2032,16.5961,27.3519,5.60498,31.2827,30.8942,27.9435,28.6912,31.2641,31.0735,32.0944,30.5319,28.1987,31.9237,31.8215,29.7194,24.8172,31.8017,19.8781,4.89342,15.8471,25.8987,-4.05618,18.0622,25.8533,31.8185,14.3767,30.9643,28.6067,31.6497,26.4181,23.3479,31.946,31.7755,31.4694,29.778,30.2807,30.1885,29.2407,29.6752,12.626,15.1349,23.6513,13.8213,11.7765,10.6939,7.39817,16.8947,14.1683,19.935,16.3244,12.128,17.8119,11.4033,12.3475,15.422,22.0991,14.2969,13.5854,17.7433,14.2322,13.7196,18.2149,6.79125,11.9733,14.3026,6.09393,4.87095,17.9182,17.3631,12.7157,17.5164,15.6844,3.95722,15.0978,16.4318,16.8962,14.8681,12.0903,20.1186,11.4252,16.4797,14.6167,22.7014,17.3702,28.2658,25.4882,22.9272,23.5457,25.5118,32.3915,31.88,31.8909,31.4508,30.4442,28.4982,28.9808,27.6576,28.3592,28.7298,27.6106,28.6677,28.3425,27.8003,30.9648,28.8955,23.2574,26.1778,6.38827
27.2292,15.1346,29.554,12.1932,0.0,18.454,17.4903,27.2966,6.69489,30.9972,30.8026,27.249,28.8288,31.231,31.062,32.1031,30.0166,27.6411,31.9875,32.0036,29.9162,25.2368,31.6497,19.7429,4.63082,15.5397,25.2585,-5.53857,17.9456,25.687,31.8031,14.7099,30.7396,28.4368,31.149,26.4874,23.0465,31.451,31.6033,30.9105,29.3323,29.8915,29.6397,28.8366,29.4455,14.5885,16.4334,24.2809,16.0928,12.7655,12.7133,8.37684,18.0189,15.9266,21.1999,18.7126,12.2016,18.9584,13.3864,14.4491,16.8739,22.9811,15.4235,15.9507,18.1479,16.577,15.6503,18.7902,7.9011,12.4367,15.6708,6.73415,4.43644,19.437,19.2952,15.1852,19.1958,18.0681,5.0422,17.8151,19.0804,18.7243,15.8579,12.2267,20.1945,12.1197,17.0447,15.817,22.5428,18.4052,28.6199,26.1702,23.143,24.2251,25.5679,31.8666,31.7897,31.6154,31.2702,30.2428,28.2106,28.6667,28.2766,28.2685,28.8974,27.2149,28.4776,28.5031,28.6449,30.9622,29.4332,23.6421,26.3955,6.63321
27.5242,14.209,29.7955,12.1093,0.0,17.8371,17.0445,27.0835,6.1613,31.2963,31.0598,27.8393,28.7511,31.3085,31.1073,32.1128,30.3887,28.0935,31.8858,31.1985,29.6567,24.898,31.7425,19.8417,5.20628,15.7857,25.9203,-3.75603,18.1394,26.2445,32.1918,14.7778,31.3401,28.9711,31.7987,27.0235,22.6957,32.4913,32.1907,31.7951,30.1312,30.5269,30.4953,29.5786,29.8141,13.3496,16.1181,24.5557,14.8944,13.2703,13.0851,9.49934,17.3223,15.3023,20.7046,17.2348,12.5958,18.2899,13.6302,14.214,16.1732,22.9047,15.5036,14.9929,17.3504,15.2403,14.3148,17.9987,8.86195,12.8168,14.734,8.03665,5.467,18.7538,18.599,14.4339,18.0552,16.757,4.69864,16.3935,17.5975,17.7935,15.5162,12.4815,20.4753,12.1059,16.9669,15.0975,22.8968,18.4594,28.7731,26.5354,22.2985,24.7926,26.259,32.4644,32.2737,32.2303,31.8633,30.6363,28.7924,29.1884,28.0667,28.8874,29.0705,27.8563,29.0314,28.7051,27.9863,31.4013,28.7426,23.1386,26.1634,6.3241
28.1112,14.5563,29.8063,12.523,0.0,17.6485,17.0168,27.4864,6.79662,31.4505,31.0609,27.8246,28.788,31.3986,31.3138,32.2447,30.4904,28.1492,32.124,31.8594,30.0563,25.743,32.0147,20.673,4.15479,15.2353,25.6846,-4.67724,17.8657,26.2243,32.2051,14.647,31.192,28.8284,31.8837,26.9036,22.7962,32.2109,31.8677,31.5491,29.6445,30.4829,30.2349,29.2,29.9122,12.8702,15.5104,24.1171,14.3822,12.6161,13.2635,9.73941,17.0171,14.8009,20.5043,16.8123,11.8467,18.0783,13.5521,13.941,15.6535,22.5832,14.7562,14.6389,17.4061,14.6692,13.921,18.3058,8.37132,12.0413,14.29,7.22629,4.93973,18.6125,18.1636,14.2498,17.794,16.4977,5.52489,16.4358,17.4321,17.5326,15.8998,12.9352,20.9024,12.2736,17.256,15.7134,23.3191,17.9702,28.8192,26.4869,22.891,23.9697,25.692,32.5382,32.02,32.067,31.882,30.6817,28.9359,29.4936,28.5673,28.9894,29.4619,27.9423,28.9095,29.1717,28.8052,31.579,29.8592,23.4499,26.2948,6.77034
27.8512,14.8545,29.6968,12.3702,0.0,18.3495,17.2342,26.8902,7.07905,31.3061,30.9621,27.6379,28.7684,31.2725,31.1553,31.9214,30.4453,27.82,31.9278,31.5279,29.5106,25.166,31.747,20.1872,4.53521,15.5069,25.4582,-4.52533,17.7978,25.6773,31.9401,14.6806,30.9147,28.6362,31.587,26.5638,23.1455,31.9883,31.8418,31.5136,29.451,30.3302,30.1857,29.075,29.7577,13.6739,15.7494,24.4075,14.7341,12.0533,11.6085,8.22934,17.5809,14.8764,21.0168,17.4186,12.0537,18.8413,12.1916,13.0938,16.0786,22.9687,14.7172,14.5143,17.6346,15.2185,14.8639,19.3169,7.46345,12.2334,15.0871,6.64933,5.02987,19.0825,18.6951,13.4504,18.6154,16.7945,5.44821,16.1367,17.5851,18.0861,15.445,12.9146,20.5226,12.3587,17.1044,15.304,23.1108,18.3743,29.022,25.9876,23.2052,24.2715,25.571,32.0945,32.0253,31.713,31.3862,30.534,28.676,28.896,27.7309,28.7515,28.6527,27.3232,28.692,28.7329,28.2595,31.1578,29.8487,24.1848,26.7869,6.69054
27.8324,15.1023,29.6618,11.8574,0.0,17.5936,16.8448,27.082,6.6899,31.0123,31.0145,27.9346,28.7892,31.2609,31.0814,32.2821,30.5182,28.0937,31.9267,31.1916,29.59,24.6552,31.7933,19.4195,4.9048,16.1671,25.955,-4.34672,18.2295,26.1509,32.0943,14.7018,31.228,28.9635,32.4118,26.8927,23.3608,32.4565,32.0498,31.8611,29.5475,30.5777,30.5675,29.273,29.6745,12.9745,15.9806,23.7639,14.7418,13.3916,13.2956,9.61324,17.1872,15.3856,19.9085,16.7699,12.7535,17.7504,13.6914,14.3821,16.1967,22.0889,15.3716,15.0743,17.7472,14.9575,13.9578,18.0978,8.5406,12.8115,14.4547,7.54993,5.18404,17.9894,17.3063,14.8005,17.5452,16.1996,5.90721,16.4552,17.1686,16.9504,15.203,11.5206,19.9596,11.631,16.4958,15.1277,22.5724,17.317,28.4806,26.0718,22.4045,23.1843,25.1915,32.1047,32.3391,31.9894,31.6549,30.6316,28.7849,28.9019,27.9941,28.5362,28.7746,27.7875,28.9688,28.4776,27.8923,31.3143,29.0415,23.5959,26.3177,6.55628
27.5581,13.7497,29.9635,12.3056,0.0,16.7901,16.3386,26.8198,6.95121,31.6371,31.3126,28.2582,28.8834,31.6012,31.0529,32.4718,30.9642,28.4696,32.1577,31.7944,30.1945,25.5683,31.9899,20.6002,5.75832,16.2197,25.9741,-3.98311,18.6831,26.8021,32.7202,14.7613,31.6687,29.3389,32.6841,27.3715,23.6898,33.2395,32.533,32.2577,30.2747,31.1215,31.0019,30.0109,30.1771,13.0207,15.507,24.1583,14.3079,12.1583,11.1241,7.24217,16.775,14.6201,20.9637,17.0809,12.3267,18.3885,11.9694,13.0399,15.5885,22.7948,14.7624,14.3174,17.5707,14.8126,14.2439,18.083,6.94361,12.2583,14.3368,6.29562,5.15244,18.9558,18.6546,13.1964,18.2338,16.6647,4.61044,15.9146,17.4219,17.9724,16.0782,13.1674,21.2178,12.1318,17.2768,15.3978,23.4907,18.0928,29.113,26.7026,22.5617,24.9839,26.5297,33.0167,32.5194,32.5345,32.3823,30.9608,29.0758,29.1386,27.9148,28.8169,28.9501,27.956,29.38,28.7074,28.0616,31.8519,29.0182,23.442,26.4805,6.13093
27.4717,14.5843,29.9303,12.8161,0.0,17.6929,17.4334,27.4956,6.89611,31.2941,31.1007,27.9624,29.1893,31.4002,31.3557,32.29,30.5349,28.1844,32.0424,32.0957,29.9354,25.4381,32.1046,20.8273,5.93924,15.7093,25.4564,-4.20151,17.6689,26.1328,32.0859,14.2901,31.1458,28.7422,31.6822,26.8589,22.8381,32.361,32.107,31.6881,29.3648,30.7287,30.2974,29.3585,29.8581,12.0462,15.1607,23.8471,13.4534,12.047,11.158,7.65576,16.5358,14.0474,19.9706,15.9127,11.9153,17.3784,11.7644,12.6299,15.2447,22.0522,14.286,13.5774,17.3893,13.7857,13.1386,17.7614,6.96243,11.9485,13.593,6.28996,4.40049,17.7537,17.3625,12.9377,17.0409,15.471,4.92279,15.3208,16.5399,16.5456,16.4285,13.6366,21.6422,12.1697,17.3525,15.1431,23.5585,17.6501,28.8179,25.6538,22.8219,24.1085,25.8904,32.719,32.386,32.3215,31.7624,30.6054,28.7882,29.0398,27.9485,28.4544,28.8962,27.9002,29.0583,28.4779,27.7858,31.3684,29.2085,23.5008,26.3682,6.14766
27.3315,15.135,29.8884,11.9356,0.0,17.1682,16.2363,27.0713,5.48814,31.6557,31.1872,28.451,29.1512,31.5644,31.3059,32.2812,30.875,28.5947,32.2387,31.6643,29.7279,24.6316,32.1379,19.637,6.48287,15.9313,26.2169,-3.85519,18.1493,26.1454,32.1094,14.4111,31.2678,28.8853,32.3282,26.7202,23.2808,32.4246,31.8944,32.0412,30.0168,30.8617,30.6641,29.7174,29.9833,12.7745,14.8307,24.2587,14.2439,11.9446,11.723,8.13132,16.2501,14.2504,20.5863,16.9817,12.0073,17.7644,12.4136,13.3458,14.9768,22.2898,14.1228,14.3334,17.0694,14.8465,13.9629,17.3652,7.25026,11.7721,13.7744,6.35442,4.35531,18.6374,18.4572,13.981,17.7131,16.8493,4.60429,16.638,17.9096,17.5783,15.009,11.9395,19.9995,12.3257,17.1458,15.7483,22.7226,18.4034,28.7364,27.0705,22.2674,23.9157,26.1122,32.756,32.3168,32.5197,32.0755,30.5026,28.5763,28.8275,27.4961,28.1199,28.3791,27.5818,29.2055,28.033,27.3202,31.5418,28.3715,23.5245,26.3578,6.40069
27.0301,14.7379,29.761,12.7426,0.0,18.1451,17.5024,27.4814,7.05174,31.5695,30.9862,28.1872,29.3703,31.3124,31.3479,32.1788,30.6958,28.3549,31.9464,31.8161,29.8666,25.3982,31.7739,20.5938,5.78084,16.1231,25.6254,-5.70615,18.2306,26.0596,31.9326,14.382,31.0147,28.6913,31.942,26.6998,23.93,31.9828,31.9131,31.3279,29.2866,30.3676,30.0711,29.0608,29.7423,12.9288,15.1657,23.7895,14.2828,10.9286,10.771,6.90659,16.9119,14.4545,20.5899,16.9825,11.3099,18.0626,11.5174,12.519,15.5718,22.5054,14.1669,14.1324,17.9745,14.7002,14.1156,18.7965,5.8129,11.3148,14.3803,4.81064,2.69022,18.6987,18.1882,13.1935,17.9629,16.4356,4.97847,16.1193,17.247,17.6048,15.9449,12.9128,20.8786,12.4639,17.4189,15.5648,23.5269,17.7603,28.8481,25.6156,24.2256,24.055,25.4466,32.3981,32.6895,31.9884,31.5824,30.4744,28.66,28.9606,27.4862,28.5443,28.5193,27.6575,29.032,28.2359,27.5637,31.3129,28.8831,23.506,26.5665,6.55779
27.4346,14.9858,29.6518,12.287,0.0,18.0175,17.5278,27.1461,6.71672,31.1236,30.9374,27.698,28.6059,31.3209,31.2394,32.173,30.2531,27.8851,31.9659,31.8519,29.7489,24.8449,31.7218,20.0337,5.72885,15.832,25.7787,-4.95923,17.8633,26.1157,32.0294,14.2127,30.8656,28.6433,32.0136,26.5196,23.3514,31.9761,31.8799,31.4536,29.5076,30.3604,30.1506,29.1773,29.7082,13.2413,15.6895,23.4392,14.515,12.7245,11.4703,7.33098,17.1905,14.9359,20.1987,17.1205,12.1098,18.3165,12.2863,13.2386,15.8389,22.3877,15.0384,14.4016,17.5192,14.878,14.3306,18.4628,7.25892,12.3272,14.5578,6.60834,4.94464,18.4754,18.0016,13.5829,18.3087,16.3545,4.56543,15.8414,17.0364,17.6916,15.7391,12.5944,20.3959,11.1111,16.2502,14.3687,22.5662,17.1213,28.1503,25.357,23.657,23.7323,25.1631,31.9993,32.4082,31.6497,31.3872,30.341,28.6803,29.0705,28.0176,28.6482,28.7988,27.5482,28.8807,28.1603,27.4602,30.9849,28.8162,23.3838,26.2805,6.1821
27.3825,14.9996,29.7632,12.6435,0.0,18.4778,17.5023,27.2127,7.23412,31.2098,31.1137,27.486,29.3089,31.438,31.1736,32.2631,30.2394,27.8185,32.0088,32.5738,30.3868,25.3654,31.7606,20.3317,5.94242,15.8735,25.7912,-3.88237,18.7464,26.2985,32.1946,14.7384,31.2354,28.8435,32.5944,26.8755,23.7399,32.3789,32.1294,31.8027,29.5067,30.6593,30.4544,29.2488,30.019,12.9979,15.3313,24.0559,14.3926,12.0462,11.9902,8.43428,16.7173,14.5466,20.3922,16.9222,11.9955,17.9045,12.3758,13.211,15.5199,22.2506,14.4082,14.4315,17.1015,14.8169,14.216,18.0535,7.5201,12.1295,14.2551,6.71129,5.12801,18.3786,18.2988,13.8016,17.8618,16.4605,5.59113,16.55,17.5692,17.4735,16.4174,13.0835,20.9746,12.9403,18.0222,16.267,23.0202,18.5778,28.8275,26.0763,23.439,23.9389,25.8301,32.5334,32.5756,32.3647,31.8023,30.5248,28.8726,28.6601,27.5527,28.3237,28.4117,27.7265,29.159,28.3378,27.4625,31.4977,28.6155,23.4987,26.3701,6.28131
28.2155,14.4241,29.9146,12.8813,0.0,18.3141,17.8469,27.1111,7.69117,31.4651,31.2326,27.6815,29.2585,31.5084,31.3075,32.3354,30.4316,27.9652,32.1066,31.9876,29.99,25.3709,31.725,20.4612,5.26411,15.7944,25.9306,-4.56312,17.7613,26.8439,32.7511,14.4604,31.6638,29.3505,32.5594,27.453,23.2775,32.8368,32.333,32.2201,30.1313,31.1578,30.9149,29.9746,30.2164,12.1847,14.7561,23.9108,13.5759,11.5312,11.3075,7.7994,16.2371,13.866,19.9952,16.2906,11.9804,17.3336,11.8986,12.5621,14.902,21.7786,13.9228,13.6568,16.9873,14.0311,13.3931,17.4828,6.99777,11.8578,13.5317,6.17094,4.17693,17.9114,17.8066,13.0209,17.2769,15.9159,5.20423,15.5784,16.8669,16.9366,16.2229,13.0668,21.1779,12.835,17.8355,15.6576,23.5207,18.321,28.8486,26.6738,22.8237,23.6227,25.7818,32.6243,32.5289,32.4764,31.9765,30.9149,28.9598,28.8945,28.0587,28.4643,28.9512,28.0859,29.3168,28.9482,28.1983,31.7272,29.3986,23.357,26.2684,5.94198
27.4616,14.6149,29.8117,11.3792,0.0,18.2755,17.1309,27.2397,6.51292,31.1177,31.0214,27.2552,28.4791,31.2488,31.3197,32.047,30.1824,27.575,31.9515,31.2851,29.6723,24.9993,31.8248,19.9018,5.18594,15.7199,25.6893,-4.57453,18.5682,26.0874,32.1483,15.0312,31.1604,28.7768,32.1569,27.0162,23.945,32.0495,31.7809,31.5685,29.7299,30.4713,30.2898,29.3945,29.8056,13.2003,15.8667,23.9118,14.7487,13.0198,13.1297,9.54541,17.0579,15.1407,19.4645,16.8584,12.4852,17.82,13.5546,14.2394,15.8723,22.1918,15.2227,15.0919,17.6049,15.0201,14.148,18.2424,8.57601,12.644,14.4871,7.42627,4.5068,17.7191,17.1623,14.7179,17.491,16.2419,6.16045,16.7374,17.377,16.806,15.6391,11.8848,20.2707,12.2241,17.1283,15.7931,23.0077,17.6747,28.9891,25.805,23.148,23.723,25.1932,32.0463,32.2825,31.8656,31.4545,30.4492,28.7003,28.6811,27.7826,28.0798,28.6575,27.458,28.6181,28.3054,27.8511,31.0688,29.4248,23.8965,26.4191,6.57065
27.6351,14.7236,29.7849,12.1618,0.0,17.401,16.7482,27.3661,6.29265,31.2372,31.1737,28.003,28.9506,31.508,31.4066,32.4273,30.4684,28.2685,32.089,31.7034,30.2688,25.0031,32.0103,19.968,5.826,15.9388,25.6293,-3.67836,18.029,26.5045,32.4706,14.9299,31.5021,29.2298,32.0597,27.153,22.4819,32.7811,32.2635,32.2596,30.3737,31.057,30.8948,29.985,30.1111,13.2809,14.9398,23.7717,14.4273,11.9649,12.3718,8.84342,16.6227,14.4254,20.6258,17.2283,11.4798,18.2793,12.6985,13.2901,15.1223,22.5589,14.2193,14.4071,17.1926,14.9197,14.4714,18.306,8.04401,11.5032,14.3881,7.21436,4.90692,18.8515,18.5589,13.7705,18.3165,16.7514,5.38631,16.0635,17.4609,17.9748,15.1583,12.0854,20.2827,11.7538,16.6505,14.9746,22.8325,17.8425,28.6278,25.6755,23.0002,24.2477,25.8833,32.4134,32.021,32.1615,31.6996,30.7729,29.1805,29.2877,28.1511,29.0931,29.0396,27.9076,29.1551,28.8396,28.4616,31.2539,29.3591,23.3683,26.117,6.49706
27.8509,13.7381,29.9334,12.1584,0.0,17.3566,16.7206,27.4196,6.31969,31.797,31.2096,28.0316,28.9957,31.5889,31.3253,32.4474,30.6882,28.3824,32.27,32.0238,30.3947,25.06,32.3535,20.0211,5.3332,15.9558,25.959,-3.85671,17.9727,26.6236,32.7438,14.2163,31.5769,29.1172,32.6475,27.2937,23.3362,32.8963,32.3745,32.1321,30.3128,31.0289,30.8144,30.0796,30.1012,13.1066,15.1745,23.6047,14.3373,11.8965,10.7832,7.24457,16.861,14.5462,20.1892,17.0192,11.9721,18.0542,11.6359,12.6763,15.5546,22.3802,14.5255,14.0776,17.4743,14.772,14.2472,18.1302,6.84172,11.9929,14.5307,6.267,5.17736,18.419,17.7194,13.0397,18.0981,16.1735,4.44367,15.7145,16.8756,17.5013,14.9456,12.3217,19.9788,11.3055,16.2689,14.7506,22.8049,17.2263,28.5512,25.9651,22.5459,23.8843,25.7847,32.5862,32.1904,32.1218,31.918,30.7894,29.1151,29.3444,28.3189,29.075,29.2502,27.9268,29.0187,28.8069,28.2782,31.3903,28.7784,23.0933,26.092,5.8795
27.4269,14.0958,29.8717,11.5753,0.0,17.3787,16.6436,27.1458,5.93827,31.1584,31.0761,27.6481,28.679,31.418,31.0194,32.2856,30.3289,27.9388,32.0299,32.2181,30.1683,24.5785,31.9075,19.7643,5.95245,15.9031,26.0642,-4.07104,18.1702,26.1684,32.2984,14.5999,31.2585,28.8472,32.3362,27.0634,23.1336,32.3083,32.1209,31.9127,30.152,30.8183,30.5386,29.7747,30.0377,13.14,16.0261,23.6022,14.5332,12.3203,11.8583,8.21336,17.8302,15.0028,20.2161,16.9112,12.4778,18.3373,12.4821,13.3651,16.2311,22.6273,15.0892,14.5427,18.0528,14.8942,14.2511,19.1826,7.35675,12.6506,14.9404,6.334,4.78614,18.3987,17.5374,13.7174,17.8614,16.1243,5.21542,16.1998,17.0837,17.2579,15.2839,11.9426,20.1486,11.6597,16.5735,15.0403,22.7377,17.4396,28.392,25.9244,23.5785,23.869,25.7715,32.266,32.2702,32.0983,31.6594,30.3965,28.839,28.9226,27.3869,28.334,28.5094,27.5162,28.8965,28.1172,27.3502,31.2147,28.7117,23.4336,26.1081,6.37044
27.4254,13.8638,29.9635,12.2561,0.0,17.7403,16.7735,26.9306,6.01969,31.3835,31.1723,28.0611,29.5321,31.4815,31.0851,32.5009,30.757,28.23,32.0485,32.4659,30.4364,25.365,32.5342,20.2572,5.68757,15.8563,25.8005,-3.80479,18.5488,26.4203,32.4867,15.0494,31.5692,29.2581,32.5396,27.2497,23.3709,32.5398,32.2561,32.1094,30.0889,30.7888,30.7095,29.7044,30.1005,12.6484,14.4469,24.2048,14.0168,12.0953,12.1835,9.20111,16.0053,14.091,20.0643,16.3813,11.7143,17.5406,12.4998,13.2039,14.6627,22.0199,13.9328,14.1788,17.3125,14.3635,13.5937,17.5701,8.0766,11.6665,13.7633,7.33286,4.48225,18.1072,17.7171,13.6201,17.4228,16.0862,4.90415,15.8259,16.9257,17.1069,15.5727,13.0917,20.3454,12.4323,17.0835,15.3656,22.972,18.1595,28.8744,25.9804,23.0276,24.295,26.2644,32.5998,32.4794,32.3888,31.8586,30.6913,29.0592,28.9909,27.9533,28.58,28.9972,28.0372,29.1748,28.3389,27.5141,31.4457,28.4267,23.2102,26.1034,6.65975
27.6424,13.496,29.9356,11.9286,0.0,17.2535,16.8513,27.1659,5.36291,31.385,31.2649,28.1428,28.9965,31.5408,31.1674,32.4412,30.8055,28.2565,32.1735,31.8842,29.7091,24.6517,32.0074,19.4689,5.41305,15.7305,25.8725,-3.6038,18.3682,26.8968,32.4879,14.6931,31.4141,29.0399,33.0266,27.241,23.5842,32.7005,32.2331,31.8822,30.238,30.8903,30.5688,29.9254,30.1376,12.7492,15.4302,23.9551,13.9818,12.1787,11.5963,8.35895,17.0519,14.5219,20.1708,16.3882,12.1427,17.9798,12.2087,12.9565,15.6702,22.3141,14.5902,13.9947,17.275,14.366,13.8033,18.2074,7.45822,12.1385,14.4709,6.84874,4.89409,18.2546,17.59,13.252,17.6159,15.8412,3.84979,15.2406,16.314,17.1766,13.573,11.301,19.3944,11.7089,16.513,14.8638,22.4178,17.7379,28.6603,26.4137,22.7122,23.6985,25.8186,32.784,32.4079,32.3535,31.9685,30.5909,29.091,28.9808,27.1325,28.3354,28.1525,27.5937,29.2747,27.8824,26.6592,31.5154,28.1269,23.6156,26.2458,6.76721
27.4609,13.6107,29.6719,12.412,0.0,17.3264,17.2438,27.4104,6.93537,31.4406,31.1884,28.1629,29.01,31.5755,31.3916,32.4196,30.8222,28.3063,32.2443,32.2415,30.2335,25.3423,31.9792,20.3071,5.38535,15.7931,25.7942,-4.09784,18.3625,26.5821,32.5579,14.6897,31.3485,29.0982,33.1693,27.0383,23.382,32.7321,32.3867,32.0569,29.8438,30.8759,30.7182,29.7265,29.8483,12.877,15.4281,23.9111,14.3356,12.1484,11.4416,7.85418,17.2396,14.5575,20.1819,16.6496,12.5854,18.0953,12.1223,12.9693,15.654,22.4071,14.5192,14.1665,17.8364,14.6383,13.9874,18.5763,6.85002,12.2306,14.3946,6.04923,4.49328,18.3446,17.6634,13.49,17.7712,16.1073,5.31192,15.9062,16.9993,17.3001,16.2504,13.1268,20.921,12.1952,17.2267,15.229,22.9972,17.7277,28.8933,26.4083,22.9036,24.4073,26.1244,32.5359,32.469,32.3868,31.8871,30.6429,28.9937,29.0524,27.7925,28.7011,28.7001,27.9006,29.0137,28.2115,27.2377,31.5885,28.1681,23.2089,26.0219,6.46943
27.6694,14.2732,29.9333,12.6212,0.0,17.9224,17.2991,27.3366,6.87102,31.2697,31.0951,27.3968,29.1742,31.3699,31.3078,32.2684,30.2878,27.7982,32.0462,32.6201,30.5632,25.7106,31.9536,20.6319,5.27708,15.6476,25.4681,-4.94712,17.9475,26.0991,32.0127,14.379,31.0258,28.6807,32.3203,26.762,23.1129,31.9847,31.9656,31.4547,29.1323,30.3427,30.1589,28.9132,29.9987,13.1254,15.796,24.0027,14.4726,12.6459,12.3079,8.74724,17.1534,14.9837,20.5057,17.2217,12.1761,18.2751,12.7954,13.5054,15.866,22.5777,15.2239,14.6179,17.5822,14.9398,14.3901,18.4849,8.06623,12.4353,14.4297,6.95886,4.82754,18.6474,18.3094,13.8612,18.2476,16.5369,4.92197,16.1997,17.3407,17.7884,15.6041,13.2873,20.7561,12.4284,17.3814,15.2464,23.4067,18.0199,28.9303,25.907,23.3584,24.2443,25.7164,32.3063,32.3467,32.0818,31.5538,30.6251,28.7649,28.8364,27.9696,28.6017,28.825,27.4103,28.7373,28.8993,28.5494,31.3998,28.9984,22.6689,25.5147,6.30471
27.5188,13.9937,30.0443,12.2375,0.0,18.1744,16.9807,27.0563,6.58133,31.6265,31.1347,27.9572,29.2509,31.5545,31.2292,32.3579,30.8675,28.0838,32.209,32.2233,29.9747,24.3863,31.7031,19.6569,4.65813,15.6325,25.7189,-4.53864,18.2166,26.425,32.3289,14.5202,31.1171,28.7165,32.8492,26.8046,23.1313,32.0909,31.9778,31.4147,29.4329,30.2478,30.068,29.148,29.7223,13.3077,15.4692,24.0417,14.558,11.964,12.1959,8.80665,17.2221,14.7099,20.7464,17.214,11.7969,18.4087,12.7098,13.3016,15.8698,22.7674,14.4836,14.4715,17.7406,15.0134,14.281,18.6767,7.89846,11.9301,15.0034,6.93911,4.99438,18.7943,18.4585,13.7347,18.1639,16.6853,4.68604,16.0742,17.5084,17.7799,15.1148,12.0648,20.0679,12.1373,17.0814,15.3914,22.6615,17.9677,28.407,25.8853,23.359,24.1958,25.5771,32.193,32.2192,31.8847,31.5497,30.3559,28.516,28.8889,27.6414,28.3439,28.6637,27.4028,28.9722,28.1459,27.6883,31.0913,28.8141,23.4218,26.2024,6.21798
27.7459,14.1233,29.8847,12.3932,0.0,17.9035,17.1027,27.2335,7.10921,31.2357,30.9895,27.6928,29.1484,31.263,31.2082,32.0811,30.4754,27.8933,31.9102,32.1075,30.0846,25.4306,31.9143,20.1879,5.67215,16.0786,25.7356,-5.35633,18.6423,26.1607,31.9841,14.4476,31.0453,28.5718,32.6069,26.799,24.0511,32.0222,31.697,31.2075,29.4801,30.2912,29.9285,29.2622,29.6948,14.1129,16.1302,24.4449,15.5163,12.2119,11.8756,7.82819,17.7816,15.463,21.1221,18.5718,11.9917,18.8327,12.7173,13.7159,16.6091,22.8809,15.0984,15.3215,17.5692,16.2357,15.2182,19.0772,6.95786,12.0436,15.3596,5.93869,4.33472,19.3516,19.0688,14.4915,19.147,17.7804,5.52155,17.3005,18.5849,18.6512,15.5139,12.5949,20.3885,12.348,16.9759,15.8038,23.3548,18.395,29.2978,26.3871,23.1938,24.0206,25.4633,32.1905,32.1412,31.7255,31.4937,30.3887,28.6979,29.0411,28.0436,28.943,28.8078,27.7468,28.7925,28.4176,28.2173,31.3369,29.0762,23.1098,26.0397,6.47268
27.778,14.9465,29.8367,12.4005,0.0,18.1128,17.0878,27.2346,5.90325,31.5366,31.0189,27.8045,29.2143,31.3494,31.2999,32.0338,30.6221,27.9694,32.0327,31.6016,29.745,25.3833,31.8447,20.1465,5.70638,15.7994,25.9434,-3.24087,18.283,26.2166,32.0905,14.5486,31.0585,28.5665,32.3878,26.825,23.4252,32.1271,31.9076,31.5336,29.6323,30.258,30.2029,29.185,29.5902,12.2868,14.8035,23.5604,13.5888,11.6036,10.287,7.04234,16.281,13.9499,19.9639,16.3809,11.4506,17.4272,11.1859,12.2297,14.9294,21.9922,14.1681,13.5337,17.3315,14.1326,13.512,18.052,6.85077,11.5484,13.5983,6.28698,5.44037,17.9752,17.5161,12.6369,17.2946,15.8012,4.29728,15.5788,16.8269,16.8621,14.75,12.7667,20.211,11.7073,16.7744,14.9076,22.7061,17.5819,28.3284,25.7809,23.0484,23.9769,25.8084,32.0097,32.2846,32.0218,31.4265,30.6,28.6432,28.8925,27.7426,28.3179,28.7223,27.5751,28.7954,28.5631,27.8866,31.0237,28.7756,23.1783,25.9501,6.40558
27.4069,14.2865,29.6834,11.9612,0.0,17.6278,16.5875,26.5248,6.47129,31.2646,30.8509,27.1775,28.9519,31.1508,30.8707,31.9886,30.2076,27.5214,31.7684,31.5595,29.6135,24.8974,31.8154,19.9908,5.24398,15.0727,25.4224,-4.31796,18.27,25.9512,31.7631,14.3424,30.7794,28.4488,32.1659,26.3944,23.4157,31.9337,31.8493,31.1797,29.4236,29.9516,29.9327,29.0202,29.567,12.2742,14.7637,23.502,13.4907,11.4458,11.4004,8.46075,16.4865,13.815,19.9068,16.1384,11.6996,17.7749,11.8526,12.5798,14.8399,22.3794,13.8975,13.5475,17.1211,13.9307,13.4952,18.1876,7.43419,11.7695,13.8654,6.53802,5.2129,17.8788,17.3047,13.0335,17.3774,15.4801,5.53853,15.0396,16.15,16.8098,15.1306,12.5434,20.1825,11.8711,16.8938,14.8193,22.7074,17.5132,28.2068,25.1003,23.0351,24.3225,25.2789,31.8223,31.9478,31.3774,31.1173,30.1817,28.4905,28.5679,26.9295,28.3707,28.0922,27.3227,28.6136,27.6012,26.8702,30.7526,28.3083,22.9386,25.7354,6.56326
27.7889,14.3854,29.6932,11.6086,0.0,16.8259,16.024,26.6772,5.6531,31.4191,31.0564,27.7559,28.8275,31.4962,31.0353,32.3409,30.5765,27.9924,32.0616,31.6542,29.8329,24.7942,31.9264,19.6645,6.20715,15.9764,25.4183,-3.21115,17.6961,25.903,32.037,14.4897,31.2339,28.9088,31.4247,26.8893,22.6025,32.4138,32.0052,31.7117,29.7478,30.4232,30.355,29.3792,29.6361,12.9205,14.6725,23.9602,13.8996,11.9277,11.5113,8.07124,16.4131,14.0275,20.497,16.6294,11.738,18.2572,12.0292,12.6434,14.8118,22.5136,14.0305,13.673,17.3286,14.4064,14.1206,18.2571,7.71334,11.9342,14.2066,6.97917,5.96762,18.6212,18.0457,12.8158,18.0459,16.0592,4.46205,15.0918,16.4832,17.6074,14.3678,12.2382,19.9941,11.7771,16.8606,14.8854,22.7164,17.7493,28.6494,25.5897,22.7495,24.6163,25.6763,32.2395,31.9489,31.9226,31.4641,30.4561,28.8638,29.1859,27.5558,28.7263,28.5962,27.5859,28.7469,28.0919,27.2849,30.9515,28.6207,23.4569,26.0033,6.52649
27.7373,14.9688,29.7519,12.7675,0.0,18.0518,17.736,26.6447,8.26687,30.8216,30.9727,27.3285,28.8512,31.1274,30.924,31.9521,30.0506,27.5565,31.6993,31.6082,29.7874,24.7743,31.7105,19.7668,4.86628,15.4271,25.5697,-5.65022,17.9882,26.0143,32.0218,14.7362,31.2966,28.9372,31.1307,27.1815,22.5342,32.1134,31.8944,31.6048,29.5454,30.3841,30.2635,29.3095,29.6859,14.848,16.9043,24.0875,16.1435,12.4547,12.1313,7.76332,18.3063,16.2467,20.993,18.8872,12.0649,19.3386,12.9888,14.2847,17.2741,23.2006,15.893,15.8832,17.8233,16.6807,15.801,19.1183,6.98497,12.3772,16.2,5.86549,4.23093,19.4431,18.9931,14.8035,19.5788,17.7174,5.86027,17.084,18.2579,18.8922,15.9847,12.6115,20.3715,11.8938,16.9085,15.2514,22.6034,17.9613,28.5286,25.9328,23.3117,24.8267,25.7757,31.9782,32.339,31.9264,31.3776,30.3881,28.5819,29.1365,28.1544,28.8451,29.2865,27.8339,28.7674,28.7663,28.7958,31.1547,30.1929,23.8337,26.4864,6.32504
27.1575,15.2373,29.7325,12.4438,0.0,18.3899,17.3987,26.46,6.99899,31.0623,30.9481,27.1866,29.087,31.2513,31.0734,32.0981,30.1556,27.464,31.9317,32.1175,29.8308,25.1806,31.4698,20.3789,5.66038,15.7516,25.3675,-4.54592,18.1546,26.5752,32.2272,14.522,31.2413,28.7176,32.4956,27.1354,23.2088,32.0114,31.638,31.1186,29.4168,29.8342,29.809,28.8417,29.4751,13.5015,15.034,24.4778,14.6478,12.1287,11.2613,7.31751,16.7428,14.6095,21.2739,17.7979,11.6094,18.6604,11.9793,12.9271,15.329,22.8346,14.3356,14.3873,16.8137,15.3456,14.7548,18.291,6.94653,11.6588,14.5962,6.21531,4.66192,19.4447,19.1798,13.6316,18.7808,17.3147,5.0562,16.6044,18.1292,18.5109,16.0409,12.8959,21.0525,12.3416,17.3647,15.6634,23.4145,18.4644,28.9742,26.6411,22.7092,24.7884,26.0148,32.1304,32.1479,32.059,31.5629,30.1683,28.274,28.8533,27.5896,28.697,28.471,27.5616,28.6443,28.1187,27.5473,31.154,28.5928,23.1407,25.9746,6.35218
27.2913,14.396,29.7148,11.2249,0.0,16.3837,15.9346,26.8393,6.05525,31.4914,31.1873,27.939,28.3653,31.5726,30.9126,32.4495,30.6916,28.0221,32.0711,30.8859,29.3673,23.8872,32.2039,18.9215,6.39535,16.0741,26.1347,-3.39342,17.954,26.0045,32.1444,14.4592,31.3479,29.1255,31.6035,26.9011,22.6769,32.5795,32.0289,31.9088,30.1866,30.6775,30.6003,29.7991,29.8616,12.5499,15.5708,23.3856,13.6391,11.8637,10.147,6.77549,17.1044,14.2968,20.0798,16.2119,12.6913,17.8906,10.9484,12.0539,15.6851,22.2312,14.6703,13.5687,17.9897,14.0406,13.6582,18.7438,7.14292,12.5185,14.3839,6.57917,5.54514,18.1747,17.588,12.1706,17.4452,15.7101,4.71876,14.6043,16.336,17.0452,14.4788,11.4677,19.4369,10.9486,15.884,14.4158,22.0997,17.1473,28.1659,25.4206,23.3417,24.1839,25.6147,32.2498,32.3511,31.8599,31.5511,30.6549,28.9821,28.8232,27.7097,28.6085,28.7128,27.6867,29.1519,28.4221,27.4908,31.0367,29.1016,24.1016,26.6367,6.31327
28.0862,13.9697,29.9875,12.4662,0.0,17.8265,17.5225,27.5122,6.92341,31.6096,31.3626,27.97,28.7873,31.6098,31.4722,32.5898,30.6792,28.3154,32.0862,31.799,29.8678,25.4204,32.0692,20.6116,5.89905,15.6326,25.7641,-4.46276,18.6243,26.984,32.705,14.4755,31.7436,29.3779,33.5542,27.5062,23.8053,32.681,32.1824,32.0819,30.1271,30.7584,30.7871,29.7626,29.8977,12.8652,15.1127,23.9189,14.1093,11.328,11.0373,7.33317,16.9279,14.1879,20.4115,17.1465,12.0203,17.9726,11.6897,12.7024,15.5033,22.2157,14.0714,14.0111,18.0701,14.8276,14.1159,18.3102,6.34734,11.6074,14.2154,5.50997,4.31482,18.4798,18.366,13.3406,17.928,16.6476,4.78896,16.1945,17.32,17.634,15.9643,13.146,21.6029,12.8338,17.9493,15.8696,23.7847,18.0439,29.3134,26.3991,23.2186,23.6999,25.9445,33.2524,32.4718,32.726,32.4622,30.9161,29.2947,29.375,28.135,29.3258,29.2279,28.1111,29.3064,28.8617,28.5447,31.9488,29.9311,23.9753,26.7742,6.31239
27.8046,14.8736,29.9453,12.1968,0.0,17.5659,16.5721,26.7248,6.86714,30.9582,31.1099,27.2696,28.8296,31.2765,31.1205,32.0934,30.1635,27.5831,31.8794,32.0637,30.1692,25.1608,31.7862,20.1114,5.68931,15.7161,25.9827,-4.83026,17.8542,26.4276,32.519,14.6764,31.5128,29.1947,31.553,27.2857,22.6953,32.6028,32.0808,31.9485,29.7275,30.8546,30.6361,29.6729,30.1033,13.3546,16.9,23.5019,14.8822,13.0382,12.5343,8.65736,18.5659,15.7589,19.9353,16.7401,12.7772,18.7498,13.1303,13.8864,17.3149,22.7869,15.757,14.8811,18.6075,14.8519,14.3503,19.5728,8.00297,13.0861,15.5569,7.26088,5.23447,18.1576,17.0132,14.1523,17.9462,15.6629,5.62862,16.0368,16.5631,17.0583,15.8548,12.7709,20.5546,11.7145,16.8825,15.2571,22.7884,16.972,28.6226,26.0381,23.2331,24.6198,25.8807,32.4043,32.6488,32.1865,31.946,30.825,29.1073,29.4972,28.6757,29.1505,29.6156,27.899,29.2724,29.1175,28.5486,31.5824,29.6624,23.5992,26.3154,6.36749
27.7463,14.7832,29.9943,12.7138,0.0,18.5278,17.7306,27.3602,7.42708,31.4542,31.1632,27.7816,29.2815,31.4026,31.3413,32.2837,30.5803,28.0779,32.0315,32.0128,30.0917,25.2185,31.9111,20.3386,5.96893,16.3605,25.763,-3.69275,18.5279,26.7344,32.5676,14.5702,31.297,28.8963,33.7746,27.0811,23.7918,32.3579,32.2854,31.6755,29.6042,30.5269,30.3659,29.3695,29.853,12.292,14.785,24.2011,13.7473,12.2921,12.2494,8.98533,16.1508,13.9929,19.9809,16.2571,11.9982,17.6394,12.7018,13.315,14.8644,22.4442,14.2517,14.0351,17.4321,14.1964,13.5389,17.8827,8.06491,12.0053,13.4367,7.14713,4.96023,17.8915,17.5874,13.5426,17.3097,15.8184,5.77544,15.5543,16.8195,16.8167,16.0601,13.3366,20.8332,12.7123,17.7603,15.7517,23.2084,18.1115,29.1143,26.2888,23.0213,24.0059,25.7164,32.6731,32.3256,32.325,31.866,30.4972,28.5544,29.2538,28.0991,29.07,29.2345,27.7211,28.8017,28.65,28.6281,31.4761,29.5251,23.4994,26.1802,6.37322
27.7667,15.1564,29.7013,12.3868,0.0,17.9096,17.1857,26.4882,7.6211,30.8613,31.0033,27.3172,29.0894,31.3771,30.9439,32.1987,30.0464,27.484,31.9199,32.4327,29.4725,24.655,31.5382,20.0078,6.04434,16.2043,25.6333,-3.84361,18.553,26.1269,32.2122,14.8538,31.1883,28.7218,32.45,26.8208,23.9917,32.4347,32.0981,31.7229,29.383,30.5716,30.3545,29.2118,29.8086,12.5404,14.9994,23.7266,13.8749,12.1167,11.2027,7.89013,16.7468,14.2757,19.9148,16.5281,12.1495,17.9797,11.8873,12.9353,15.2938,22.5053,14.1476,14.1324,17.5752,14.384,13.8238,18.5899,7.07978,12.0277,14.0683,6.43132,5.24906,18.0413,17.1896,13.3457,17.5495,15.6521,5.49037,15.4854,16.235,16.9531,15.9446,13.1152,20.7447,12.0037,17.1516,15.1108,23.0184,17.539,28.715,25.9601,23.1717,24.2213,25.667,32.2483,32.2492,31.977,31.5087,30.4169,28.3864,28.7348,27.5628,28.5543,28.4993,27.4165,28.894,28.198,27.8005,31.0575,28.9306,23.5459,26.4255,6.91911
27.5848,15.5408,29.9599,12.1512,0.0,16.8118,16.4417,27.3505,6.07912,31.9684,31.2635,28.3586,29.977,31.6905,31.4759,32.4027,31.1428,28.4281,32.2433,32.8403,30.6918,25.3312,32.0175,20.055,6.16354,15.4095,25.8312,-3.55907,18.3169,26.7935,32.5833,14.8544,31.7246,29.4006,32.8246,27.3911,23.1846,32.872,32.4093,32.3522,30.4218,31.1732,30.9942,30.2048,30.211,13.0149,15.5228,23.7483,14.0862,11.8908,10.2834,7.24505,17.2981,14.5948,20.1416,16.506,11.9758,18.4246,11.0042,12.0537,15.8093,22.7187,14.6432,13.6271,17.7886,14.3855,14.1068,19.1467,7.02616,12.0951,14.7152,6.54282,5.11558,18.333,17.2808,12.1147,17.9326,15.4529,4.69203,14.4948,15.7548,17.1517,15.0516,12.4769,19.926,11.6195,16.5979,14.8492,22.5364,17.4546,28.6038,26.2995,23.6451,24.128,26.2705,32.9673,32.5895,32.8195,32.1363,30.954,29.2683,29.1727,28.3547,28.8823,29.23,28.3449,29.6329,29.0239,28.2372,31.7487,29.3766,23.5678,26.4937,6.70219
27.7673,14.8541,30.1348,11.7464,0.0,17.2258,16.2092,27.3713,5.99648,31.8782,31.3725,28.6562,29.4052,31.6836,31.432,32.4577,31.2553,28.6889,32.3639,32.1346,30.172,24.6001,32.3981,19.7796,6.00831,16.2006,26.1227,-3.64958,18.3735,26.449,32.4998,14.8479,31.5097,29.2346,31.8033,27.1905,23.2275,32.8224,32.4794,32.2896,30.3291,31.1082,30.8273,30.0717,30.2133,12.8693,15.6516,23.3964,14.0748,12.4671,11.6984,7.76132,17.4427,14.6201,19.9243,16.8368,12.8514,18.2105,12.3624,13.1739,15.8243,22.4916,14.8675,14.1979,18.5177,14.5835,14.1593,18.9743,7.36496,12.7001,14.6266,6.56417,5.29581,18.1394,17.4222,13.3951,17.9483,16.0676,4.95155,15.6866,16.6501,17.2539,15.0055,12.0727,20.0037,11.7036,16.7056,15.0492,22.747,17.1933,28.6789,25.7652,23.4229,23.7267,25.7616,32.7357,32.6273,32.5323,31.9916,31.0879,29.1528,29.3734,28.4228,28.8458,29.6166,28.1625,29.2463,29.4323,29.3154,31.4484,30.274,23.8512,26.61,6.67444
27.8053,14.4787,29.9861,12.1626,0.0,17.5614,16.6759,26.7849,6.9311,31.2813,31.213,27.5157,29.2487,31.5496,31.3961,32.4047,30.2836,27.8372,32.2295,32.4489,30.4362,25.1813,31.9929,20.1362,5.49784,15.8901,25.8884,-4.26218,18.8733,26.5417,32.3221,14.8885,31.3952,28.9677,33.0871,27.1645,24.1331,32.4104,32.1376,31.6168,29.6872,30.442,30.2946,29.3788,30.0476,13.2931,15.6653,23.9809,14.7349,12.1474,11.4926,7.25677,17.4258,14.8169,20.2306,17.3083,12.5403,18.2473,12.3258,13.3353,15.8869,22.7974,14.6834,14.7236,18.253,15.2735,14.3848,18.5869,6.71614,12.3692,14.5538,5.90452,4.33825,18.505,17.9792,13.914,18.0287,16.8819,5.32403,16.6171,17.8584,17.5665,16.2588,12.9097,20.767,12.5142,17.5762,15.9833,23.1186,17.8168,28.9366,26.5141,23.1726,24.0645,25.9929,32.537,32.712,32.3357,32.0148,30.6564,28.9938,29.0712,27.8862,28.7825,28.8048,27.8195,29.3165,28.37,27.6383,31.5647,28.8881,23.6058,26.3322,6.6533
